1  2 
1  3 
1  4 
1  5 
1  6 
1  7 
1  8 
1  9 
1  10 
2  3 
2  4 
2  5 
2  6 
2  7 
2  8 
2  9 
2  10 
3  4 
3  5 
3  6 
3  7 
3  8 
3  9 
3  10 
4  5 
4  6 
4  7 
4  8 
4  9 
4  10 
5  6 
5  7 
5  8 
5  9 
5  10 
6  7 
6  8 
6  9 
6  10 
7  8 
7  9 
7  10 
8  9 
8  10 
9  10 
11  5 
11  1 
11  7 
11  6 
12  9 
12  1 
12  10 
12  8 
13  9 
13  5 
13  12 
13  6 
14  11 
14  7 
14  5 
14  9 
15  5 
15  10 
15  11 
15  9 
16  6 
16  13 
16  4 
16  1 
17  8 
17  2 
17  6 
17  16 
18  10 
18  1 
18  14 
18  4 
19  10 
19  4 
19  8 
19  9 
20  4 
20  15 
20  5 
20  7 
21  12 
21  2 
21  18 
21  9 
22  15 
22  17 
22  5 
22  16 
23  6 
23  1 
23  5 
23  10 
24  14 
24  9 
24  7 
24  11 
25  22 
25  24 
25  12 
25  4 
26  11 
26  4 
26  2 
26  12 
27  8 
27  11 
27  5 
27  4 
28  2 
28  4 
28  20 
28  26 
29  25 
29  6 
29  12 
29  16 
30  20 
30  9 
30  6 
30  11 
31  25 
31  1 
31  10 
31  21 
32  5 
32  17 
32  2 
32  11 
33  29 
33  4 
33  20 
33  21 
34  7 
34  13 
34  12 
34  4 
35  2 
35  13 
35  26 
35  9 
36  15 
36  13 
36  4 
36  11 
37  11 
37  15 
37  5 
37  17 
38  19 
38  4 
38  9 
38  12 
39  5 
39  29 
39  8 
39  4 
40  29 
40  23 
40  2 
40  21 
41  34 
41  6 
41  39 
41  9 
42  7 
42  15 
42  10 
42  6 
43  9 
43  38 
43  2 
43  4 
44  6 
44  5 
44  1 
44  4 
45  17 
45  6 
45  15 
45  2 
46  5 
46  22 
46  9 
46  35 
47  4 
47  5 
47  29 
47  16 
48  6 
48  39 
48  12 
48  15 
49  7 
49  29 
49  22 
49  26 
50  11 
50  1 
50  29 
50  10 
51  13 
51  4 
51  12 
51  42 
52  29 
52  7 
52  9 
52  17 
53  16 
53  25 
53  43 
53  9 
54  30 
54  50 
54  31 
54  26 
55  34 
55  29 
55  3 
55  4 
56  34 
56  46 
56  52 
56  51 
57  1 
57  53 
57  38 
57  8 
58  43 
58  11 
58  4 
58  12 
59  2 
59  58 
59  16 
59  21 
60  17 
60  33 
60  15 
60  22 
61  58 
61  25 
61  2 
61  12 
62  13 
62  29 
62  9 
62  53 
63  17 
63  13 
63  11 
63  44 
64  9 
64  40 
64  26 
64  36 
65  40 
65  36 
65  46 
65  2 
66  11 
66  44 
66  36 
66  32 
67  61 
67  11 
67  48 
67  53 
68  10 
68  50 
68  14 
68  26 
69  29 
69  25 
69  40 
69  21 
70  4 
70  7 
70  13 
70  17 
71  47 
71  6 
71  58 
71  3 
72  9 
72  7 
72  56 
72  30 
73  30 
73  7 
73  20 
73  5 
74  12 
74  46 
74  58 
74  2 
75  16 
75  7 
75  6 
75  38 
76  18 
76  8 
76  9 
76  4 
77  8 
77  11 
77  9 
77  29 
78  9 
78  77 
78  21 
78  15 
79  73 
79  36 
79  42 
79  28 
80  22 
80  70 
80  18 
80  4 
81  47 
81  56 
81  30 
81  12 
82  76 
82  6 
82  77 
82  9 
83  45 
83  1 
83  17 
83  25 
84  9 
84  62 
84  11 
84  61 
85  1 
85  50 
85  73 
85  6 
86  7 
86  53 
86  73 
86  30 
87  5 
87  35 
87  79 
87  26 
88  42 
88  74 
88  9 
88  46 
89  11 
89  29 
89  84 
89  8 
90  9 
90  7 
90  73 
90  80 
91  7 
91  8 
91  21 
91  6 
92  39 
92  28 
92  29 
92  58 
93  43 
93  81 
93  9 
93  5 
94  20 
94  47 
94  85 
94  18 
95  4 
95  56 
95  35 
95  59 
96  4 
96  16 
96  84 
96  6 
97  37 
97  7 
97  36 
97  64 
98  34 
98  21 
98  79 
98  11 
99  47 
99  65 
99  7 
99  5 
100  56 
100  81 
100  89 
100  93 
101  6 
101  89 
101  18 
101  42 
102  8 
102  10 
102  82 
102  19 
103  19 
103  82 
103  78 
103  15 
104  1 
104  20 
104  3 
104  54 
105  5 
105  3 
105  86 
105  29 
106  5 
106  83 
106  73 
106  15 
107  74 
107  37 
107  83 
107  70 
108  9 
108  85 
108  42 
108  35 
109  92 
109  45 
109  26 
109  101 
110  7 
110  6 
110  70 
110  10 
111  5 
111  42 
111  93 
111  14 
112  16 
112  29 
112  11 
112  52 
113  14 
113  4 
113  6 
113  61 
114  62 
114  91 
114  6 
114  71 
115  42 
115  8 
115  2 
115  83 
116  20 
116  8 
116  79 
116  3 
117  16 
117  26 
117  58 
117  15 
118  95 
118  30 
118  7 
118  6 
119  100 
119  108 
119  5 
119  110 
120  5 
120  42 
120  20 
120  7 
121  19 
121  70 
121  59 
121  34 
122  1 
122  2 
122  55 
122  11 
123  4 
123  20 
123  6 
123  113 
124  37 
124  80 
124  17 
124  20 
125  29 
125  39 
125  35 
125  11 
126  121 
126  9 
126  71 
126  40 
127  9 
127  3 
127  18 
127  11 
128  111 
128  9 
128  73 
128  72 
129  19 
129  6 
129  65 
129  4 
130  21 
130  50 
130  101 
130  12 
131  10 
131  54 
131  41 
131  64 
132  95 
132  31 
132  3 
132  1 
133  11 
133  2 
133  93 
133  109 
134  102 
134  6 
134  3 
134  33 
135  84 
135  8 
135  93 
135  6 
136  37 
136  58 
136  61 
136  63 
137  1 
137  58 
137  5 
137  89 
138  7 
138  105 
138  28 
138  12 
139  133 
139  53 
139  61 
139  109 
140  29 
140  7 
140  47 
140  56 
141  12 
141  110 
141  7 
141  70 
142  15 
142  78 
142  95 
142  79 
143  44 
143  47 
143  14 
143  9 
144  41 
144  19 
144  12 
144  44 
145  82 
145  88 
145  4 
145  80 
146  8 
146  59 
146  81 
146  35 
147  62 
147  19 
147  130 
147  9 
148  122 
148  98 
148  6 
148  19 
149  128 
149  5 
149  79 
149  145 
150  2 
150  13 
150  18 
150  12 
151  62 
151  82 
151  70 
151  15 
152  26 
152  11 
152  2 
152  7 
153  117 
153  142 
153  36 
153  130 
154  42 
154  88 
154  5 
154  30 
155  14 
155  15 
155  59 
155  82 
156  5 
156  72 
156  130 
156  73 
157  6 
157  9 
157  46 
157  110 
158  6 
158  110 
158  101 
158  3 
159  2 
159  123 
159  136 
159  54 
160  73 
160  4 
160  109 
160  13 
161  2 
161  53 
161  12 
161  136 
162  110 
162  111 
162  160 
162  121 
163  65 
163  120 
163  60 
163  67 
164  13 
164  107 
164  2 
164  31 
165  53 
165  116 
165  1 
165  19 
166  9 
166  79 
166  11 
166  148 
167  34 
167  109 
167  102 
167  3 
168  9 
168  106 
168  5 
168  95 
169  147 
169  49 
169  85 
169  112 
170  62 
170  5 
170  89 
170  93 
171  31 
171  30 
171  25 
171  1 
172  81 
172  12 
172  93 
172  6 
173  31 
173  90 
173  166 
173  134 
174  95 
174  143 
174  6 
174  41 
175  43 
175  3 
175  150 
175  144 
176  62 
176  92 
176  34 
176  39 
177  160 
177  167 
177  60 
177  57 
178  7 
178  136 
178  36 
178  88 
179  168 
179  41 
179  153 
179  19 
180  62 
180  34 
180  63 
180  60 
181  50 
181  117 
181  59 
181  161 
182  5 
182  9 
182  82 
182  90 
183  2 
183  152 
183  6 
183  5 
184  134 
184  93 
184  167 
184  126 
185  148 
185  153 
185  32 
185  145 
186  26 
186  156 
186  57 
186  95 
187  4 
187  43 
187  120 
187  93 
188  142 
188  36 
188  25 
188  99 
189  134 
189  122 
189  146 
189  12 
190  94 
190  11 
190  52 
190  62 
191  17 
191  6 
191  25 
191  42 
192  21 
192  190 
192  31 
192  82 
193  34 
193  145 
193  58 
193  29 
194  153 
194  10 
194  132 
194  42 
195  12 
195  156 
195  131 
195  54 
196  130 
196  84 
196  20 
196  31 
197  1 
197  61 
197  75 
197  26 
198  9 
198  61 
198  22 
198  105 
199  3 
199  61 
199  84 
199  93 
200  44 
200  38 
200  5 
200  33 
1  201 
1  202 
1  203 
1  204 
2  201 
2  202 
2  205 
3  206 
3  202 
3  203 
3  207 
3  204 
4  201 
4  208 
4  205 
5  206 
5  202 
5  207 
6  201 
6  206 
6  208 
6  205 
6  203 
6  204 
7  206 
7  208 
7  203 
7  207 
8  206 
9  201 
9  208 
10  206 
10  202 
10  208 
10  205 
10  203 
10  204 
11  202 
11  205 
12  208 
12  205 
12  203 
13  207 
13  204 
14  208 
14  205 
14  203 
14  207 
15  201 
15  206 
15  202 
15  208 
15  207 
15  204 
16  206 
16  202 
16  205 
16  203 
16  207 
16  204 
17  206 
17  202 
17  205 
17  207 
18  206 
18  208 
18  205 
18  203 
18  207 
18  204 
19  202 
19  203 
20  206 
20  202 
20  208 
20  203 
21  202 
21  208 
21  205 
21  207 
22  206 
22  202 
23  206 
23  202 
23  203 
23  207 
24  206 
24  202 
24  203 
24  204 
25  201 
25  202 
25  208 
25  205 
25  207 
25  204 
26  206 
26  202 
26  204 
27  201 
27  206 
27  204 
28  201 
28  202 
28  208 
28  207 
29  201 
29  206 
29  202 
29  205 
29  207 
30  202 
30  205 
30  203 
30  207 
30  204 
31  201 
31  206 
31  208 
31  205 
31  207 
32  202 
32  208 
32  203 
33  201 
33  206 
33  208 
33  207 
34  201 
34  205 
34  203 
34  204 
35  201 
35  206 
35  208 
35  203 
35  204 
36  201 
36  206 
36  202 
36  203 
36  207 
36  204 
37  202 
37  208 
37  204 
38  201 
38  202 
38  205 
38  207 
39  202 
39  208 
39  205 
40  201 
40  206 
40  205 
40  207 
40  204 
41  208 
41  205 
41  207 
41  204 
42  206 
42  203 
43  201 
43  206 
43  202 
43  205 
43  203 
43  207 
44  201 
44  206 
44  205 
44  203 
44  207 
44  204 
45  208 
45  203 
46  201 
46  206 
46  202 
46  208 
46  205 
46  203 
46  207 
46  204 
47  201 
47  208 
47  205 
47  203 
47  207 
47  204 
48  206 
48  202 
48  205 
48  203 
48  207 
49  201 
49  202 
49  208 
49  203 
50  202 
50  208 
50  203 
50  207 
201  206 
206  202 
202  208 
208  205 
205  203 
203  207 
207  204 
201  205 
201  203 
201  207 
206  205 
206  207 
202  201 
208  206 
203  206 
203  202 
207  208 
207  205 
204  208 
204  203 
51  201 
51  206 
51  202 
51  205 
51  203 
51  207 
51  204 
52  201 
52  206 
52  207 
52  204 
209  200 
209  47 
209  142 
209  157 
210  200 
210  142 
210  187 
210  183 
211  168 
211  206 
211  53 
211  54 
212  75 
212  205 
212  9 
212  196 
213  28 
213  202 
213  93 
213  18 
214  209 
214  24 
214  149 
214  51 
215  135 
215  185 
215  212 
215  9 
216  210 
216  213 
216  182 
216  194 
217  89 
217  163 
217  7 
217  176 
218  88 
218  212 
218  200 
218  53 
219  170 
219  147 
219  65 
219  194 
220  106 
220  184 
220  212 
220  206 
221  155 
221  181 
221  5 
221  149 
222  123 
222  168 
222  111 
222  138 
223  219 
223  152 
223  221 
223  150 
224  210 
224  26 
224  212 
224  221 
225  195 
225  131 
225  163 
225  217 
226  147 
226  120 
226  211 
226  117 
227  153 
227  201 
227  78 
227  194 
228  44 
228  201 
228  212 
228  123 
 

