1  2 
1  3 
1  4 
1  5 
1  6 
1  7 
1  8 
1  9 
1  10 
2  3 
2  4 
2  5 
2  6 
2  7 
2  8 
2  9 
2  10 
3  4 
3  5 
3  6 
3  7 
3  8 
3  9 
3  10 
4  5 
4  6 
4  7 
4  8 
4  9 
4  10 
5  6 
5  7 
5  8 
5  9 
5  10 
6  7 
6  8 
6  9 
6  10 
7  8 
7  9 
7  10 
8  9 
8  10 
9  10 
11  8 
11  3 
11  10 
11  4 
12  7 
12  9 
12  3 
12  5 
13  12 
13  1 
13  6 
13  4 
14  12 
14  9 
14  1 
14  6 
15  5 
15  6 
15  10 
15  3 
16  12 
16  4 
16  14 
16  9 
17  5 
17  8 
17  14 
17  9 
18  10 
18  1 
18  5 
18  3 
19  9 
19  7 
19  15 
19  4 
20  7 
20  15 
20  1 
20  4 
21  3 
21  8 
21  7 
21  4 
22  17 
22  8 
22  10 
22  9 
23  6 
23  15 
23  2 
23  4 
24  23 
24  18 
24  22 
24  19 
25  3 
25  10 
25  15 
25  21 
26  12 
26  13 
26  9 
26  1 
27  3 
27  4 
27  8 
27  1 
28  10 
28  22 
28  5 
28  26 
29  12 
29  19 
29  15 
29  23 
30  7 
30  29 
30  8 
30  1 
31  16 
31  3 
31  4 
31  27 
32  10 
32  4 
32  28 
32  2 
33  18 
33  4 
33  22 
33  9 
34  4 
34  3 
34  22 
34  11 
35  13 
35  7 
35  5 
35  10 
36  4 
36  1 
36  5 
36  2 
37  10 
37  9 
37  6 
37  25 
38  4 
38  3 
38  5 
38  10 
39  8 
39  3 
39  12 
39  7 
40  29 
40  17 
40  10 
40  8 
41  35 
41  12 
41  8 
41  15 
42  3 
42  4 
42  15 
42  1 
43  8 
43  4 
43  10 
43  39 
44  22 
44  8 
44  7 
44  3 
45  20 
45  42 
45  10 
45  4 
46  14 
46  28 
46  6 
46  45 
47  43 
47  11 
47  3 
47  29 
48  34 
48  12 
48  4 
48  15 
49  14 
49  22 
49  17 
49  15 
50  8 
50  3 
50  4 
50  46 
51  1 
51  47 
51  24 
51  40 
52  8 
52  14 
52  36 
52  6 
53  18 
53  8 
53  35 
53  45 
54  9 
54  12 
54  13 
54  29 
55  2 
55  9 
55  47 
55  15 
56  25 
56  1 
56  27 
56  12 
57  10 
57  6 
57  12 
57  7 
58  10 
58  19 
58  7 
58  9 
59  21 
59  16 
59  28 
59  54 
60  2 
60  50 
60  6 
60  4 
61  14 
61  15 
61  5 
61  28 
62  51 
62  25 
62  2 
62  49 
63  55 
63  13 
63  21 
63  54 
64  4 
64  5 
64  50 
64  10 
65  2 
65  27 
65  3 
65  1 
66  53 
66  3 
66  4 
66  10 
67  3 
67  10 
67  33 
67  17 
68  10 
68  29 
68  8 
68  59 
69  3 
69  15 
69  6 
69  19 
70  67 
70  6 
70  11 
70  4 
71  23 
71  8 
71  49 
71  4 
72  60 
72  65 
72  3 
72  4 
73  56 
73  2 
73  54 
73  17 
74  24 
74  10 
74  54 
74  7 
75  15 
75  11 
75  50 
75  5 
76  56 
76  4 
76  7 
76  36 
77  54 
77  43 
77  3 
77  9 
78  39 
78  75 
78  34 
78  44 
79  57 
79  34 
79  26 
79  40 
80  69 
80  16 
80  50 
80  15 
81  73 
81  7 
81  10 
81  27 
82  7 
82  8 
82  6 
82  37 
83  54 
83  70 
83  62 
83  79 
84  24 
84  30 
84  62 
84  10 
85  1 
85  12 
85  6 
85  18 
86  40 
86  10 
86  43 
86  8 
87  33 
87  3 
87  13 
87  24 
88  50 
88  10 
88  66 
88  49 
89  47 
89  6 
89  15 
89  9 
90  22 
90  52 
90  2 
90  76 
91  38 
91  5 
91  81 
91  2 
92  4 
92  28 
92  59 
92  8 
93  18 
93  7 
93  14 
93  4 
94  51 
94  9 
94  5 
94  88 
95  82 
95  5 
95  73 
95  84 
96  81 
96  6 
96  78 
96  67 
97  66 
97  45 
97  2 
97  94 
98  3 
98  69 
98  80 
98  72 
99  93 
99  41 
99  80 
99  54 
100  15 
100  26 
100  4 
100  23 
101  46 
101  18 
101  82 
101  43 
102  26 
102  69 
102  13 
102  5 
103  54 
103  6 
103  20 
103  15 
104  97 
104  76 
104  4 
104  21 
105  95 
105  13 
105  8 
105  64 
106  26 
106  54 
106  79 
106  24 
107  73 
107  14 
107  7 
107  19 
108  46 
108  18 
108  24 
108  65 
109  6 
109  34 
109  26 
109  7 
110  1 
110  70 
110  109 
110  7 
111  1 
111  32 
111  46 
111  7 
112  14 
112  63 
112  64 
112  59 
113  75 
113  9 
113  25 
113  11 
114  26 
114  47 
114  18 
114  67 
115  7 
115  3 
115  28 
115  73 
116  5 
116  22 
116  3 
116  14 
117  26 
117  89 
117  9 
117  1 
118  7 
118  10 
118  18 
118  6 
119  9 
119  8 
119  3 
119  10 
120  80 
120  4 
120  66 
120  53 
121  9 
121  56 
121  66 
121  54 
122  28 
122  4 
122  93 
122  13 
123  49 
123  118 
123  29 
123  13 
124  78 
124  28 
124  39 
124  102 
125  33 
125  8 
125  74 
125  56 
126  13 
126  18 
126  26 
126  69 
127  102 
127  7 
127  40 
127  69 
128  113 
128  82 
128  11 
128  20 
129  86 
129  3 
129  15 
129  123 
130  5 
130  4 
130  42 
130  7 
131  4 
131  80 
131  18 
131  21 
132  3 
132  9 
132  105 
132  6 
133  15 
133  37 
133  2 
133  42 
134  36 
134  80 
134  105 
134  110 
135  38 
135  8 
135  53 
135  9 
136  7 
136  73 
136  10 
136  1 
137  8 
137  128 
137  15 
137  7 
138  20 
138  15 
138  80 
138  39 
139  11 
139  112 
139  39 
139  68 
140  121 
140  9 
140  10 
140  36 
141  86 
141  109 
141  13 
141  118 
142  67 
142  47 
142  50 
142  19 
143  18 
143  15 
143  10 
143  72 
144  54 
144  92 
144  12 
144  28 
145  6 
145  12 
145  5 
145  61 
146  70 
146  13 
146  95 
146  108 
147  75 
147  146 
147  80 
147  18 
148  33 
148  8 
148  110 
148  111 
149  65 
149  111 
149  62 
149  123 
150  1 
150  133 
150  82 
150  3 
151  77 
151  4 
151  6 
151  47 
152  2 
152  112 
152  4 
152  104 
153  17 
153  53 
153  1 
153  118 
154  76 
154  112 
154  40 
154  147 
155  7 
155  10 
155  3 
155  8 
156  7 
156  12 
156  24 
156  82 
157  62 
157  53 
157  25 
157  21 
158  42 
158  71 
158  92 
158  8 
159  86 
159  23 
159  3 
159  8 
160  13 
160  128 
160  10 
160  155 
161  26 
161  57 
161  146 
161  17 
162  94 
162  2 
162  15 
162  36 
163  6 
163  125 
163  131 
163  112 
164  4 
164  3 
164  8 
164  15 
165  164 
165  6 
165  7 
165  48 
166  99 
166  54 
166  32 
166  1 
167  166 
167  56 
167  83 
167  4 
168  4 
168  30 
168  154 
168  12 
169  9 
169  147 
169  33 
169  69 
170  127 
170  33 
170  99 
170  63 
171  126 
171  94 
171  141 
171  165 
172  6 
172  76 
172  102 
172  78 
173  9 
173  21 
173  140 
173  32 
174  43 
174  15 
174  7 
174  23 
175  10 
175  109 
175  34 
175  9 
176  29 
176  8 
176  3 
176  28 
177  70 
177  52 
177  151 
177  104 
178  46 
178  12 
178  167 
178  112 
179  167 
179  34 
179  10 
179  129 
180  33 
180  159 
180  34 
180  18 
181  80 
181  1 
181  78 
181  4 
182  30 
182  11 
182  175 
182  26 
183  145 
183  67 
183  1 
183  46 
184  38 
184  4 
184  53 
184  6 
185  116 
185  120 
185  8 
185  4 
186  154 
186  4 
186  5 
186  85 
187  3 
187  54 
187  151 
187  159 
188  10 
188  37 
188  62 
188  12 
189  53 
189  7 
189  6 
189  9 
190  42 
190  49 
190  29 
190  15 
191  4 
191  124 
191  168 
191  26 
192  84 
192  4 
192  106 
192  184 
193  11 
193  42 
193  45 
193  157 
194  30 
194  2 
194  28 
194  1 
195  78 
195  8 
195  63 
195  73 
196  87 
196  3 
196  144 
196  11 
197  128 
197  70 
197  39 
197  4 
198  7 
198  179 
198  197 
198  74 
199  10 
199  15 
199  103 
199  3 
200  181 
200  131 
200  104 
200  4 
1  201 
1  202 
1  203 
1  204 
1  205 
2  201 
2  204 
2  205 
3  203 
3  204 
3  205 
4  206 
4  201 
4  207 
4  202 
4  204 
5  201 
5  207 
5  202 
5  208 
5  203 
5  205 
6  207 
6  202 
6  203 
6  204 
6  205 
7  206 
7  201 
7  207 
7  208 
7  204 
7  205 
8  206 
8  205 
9  206 
9  201 
9  202 
9  208 
9  203 
9  204 
10  207 
10  208 
10  204 
10  205 
11  207 
11  203 
12  202 
12  208 
12  203 
12  204 
12  205 
13  206 
13  201 
13  207 
13  202 
13  208 
14  206 
14  202 
14  204 
14  205 
15  206 
15  201 
15  202 
15  208 
15  203 
15  204 
15  205 
16  206 
16  201 
16  207 
16  202 
16  205 
17  206 
17  201 
17  207 
17  202 
17  203 
17  204 
17  205 
18  208 
18  203 
19  201 
19  203 
19  205 
20  204 
206  201 
201  207 
207  202 
202  208 
208  203 
203  204 
204  205 
206  202 
206  203 
201  208 
201  204 
207  206 
207  203 
202  201 
202  204 
208  207 
208  204 
203  201 
205  206 
205  207 
205  202 
205  208 
209  160 
209  89 
209  108 
209  125 
210  170 
210  135 
210  48 
210  119 
211  5 
211  153 
211  136 
211  115 
212  89 
212  166 
212  68 
212  59 
213  97 
213  102 
213  211 
213  132 
214  181 
214  16 
214  115 
214  121 
215  152 
215  201 
215  8 
215  112 
216  147 
216  213 
216  8 
216  68 
217  56 
217  104 
217  153 
217  195 
218  43 
218  116 
218  31 
218  209 
219  179 
219  149 
219  147 
219  102 
220  102 
220  206 
220  148 
220  152 
221  170 
221  214 
221  38 
221  181 
222  176 
222  146 
222  213 
222  54 
223  50 
223  118 
223  151 
223  221 
224  217 
224  173 
224  135 
224  38 
225  58 
225  214 
225  14 
225  191 
226  212 
226  148 
226  168 
226  146 
227  171 
227  165 
227  118 
227  191 
228  70 
228  218 
228  217 
228  77 
229  68 
229  190 
229  125 
229  112 
230  31 
230  51 
230  148 
230  218 
231  225 
231  228 
231  211 
231  209 
232  166 
232  96 
232  14 
232  213 
233  166 
233  208 
233  96 
233  226 
234  145 
234  12 
234  217 
234  45 
235  225 
235  227 
235  115 
235  168 
236  157 
236  131 
236  147 
236  225 
237  114 
237  143 
237  207 
237  146 
238  201 
238  213 
238  168 
238  57 
239  209 
239  216 
239  92 
239  147 
240  132 
240  179 
240  153 
240  223 
241  227 
241  196 
241  215 
241  45 
242  227 
242  166 
242  160 
242  39 
243  114 
243  211 
243  153 
243  214 
244  175 
244  224 
244  68 
244  34 
245  239 
245  228 
245  102 
245  168 
246  216 
246  96 
246  67 
246  238 
247  84 
247  196 
247  212 
247  215 
248  221 
248  132 
248  24 
248  140 
249  41 
249  92 
249  227 
249  112 
250  215 
250  239 
250  147 
250  68 
251  226 
251  166 
251  228 
251  195 
252  198 
252  249 
252  43 
252  112 
253  226 
253  172 
253  214 
253  25 
254  208 
254  201 
254  66 
254  223 
255  175 
255  144 
255  67 
255  254 
256  185 
256  217 
256  226 
256  162 
257  211 
257  209 
257  120 
257  102 
258  198 
258  153 
258  214 
258  190 
259  257 
259  113 
259  32 
259  156 
260  7 
260  10 
260  61 
260  249 
261  118 
261  9 
261  163 
261  33 
262  145 
262  197 
262  64 
262  11 
263  261 
263  84 
263  10 
263  220 
264  153 
264  47 
264  58 
264  85 
265  25 
265  207 
265  11 
265  236 
266  106 
266  261 
266  23 
266  27 
267  263 
267  165 
267  88 
267  204 
268  23 
268  140 
268  106 
268  216 
269  77 
269  56 
269  225 
269  36 
270  85 
270  210 
270  33 
270  123 
271  214 
271  10 
271  153 
271  128 
272  31 
272  268 
272  144 
272  143 
273  160 
273  167 
273  252 
273  128 
274  56 
274  225 
274  263 
274  222 
275  136 
275  208 
275  265 
275  264 
276  214 
276  61 
276  252 
276  225 
277  81 
277  14 
277  137 
277  4 
278  179 
278  17 
278  119 
278  121 
279  214 
279  185 
279  32 
279  78 
280  23 
280  268 
280  142 
280  162 
281  274 
281  14 
281  265 
281  236 
282  261 
282  222 
282  197 
282  138 
283  267 
283  196 
283  277 
283  114 
284  253 
284  265 
284  261 
284  105 
285  213 
285  133 
285  178 
285  145 
286  81 
286  229 
286  180 
286  265 
287  270 
287  161 
287  243 
287  284 
288  63 
288  118 
288  102 
288  170 
289  10 
289  60 
289  251 
289  213 
290  106 
290  30 
290  93 
290  270 
291  267 
291  60 
291  2 
291  266 
292  249 
292  260 
292  212 
292  252 
293  253 
293  229 
293  42 
293  264 
294  189 
294  96 
294  288 
294  21 
295  162 
295  270 
295  82 
295  228 
296  90 
296  260 
296  76 
296  105 
297  161 
297  23 
297  63 
297  204 
298  196 
298  147 
298  278 
298  231 
299  100 
299  290 
299  263 
299  259 
300  297 
300  222 
300  73 
300  33 
301  225 
301  112 
301  58 
301  57 
302  280 
302  90 
302  265 
302  278 
303  33 
303  83 
303  36 
303  157 
304  257 
304  285 
304  102 
304  108 
305  298 
305  23 
305  118 
305  26 
306  4 
306  207 
306  36 
306  32 
307  23 
307  6 
307  287 
307  99 
308  180 
308  276 
308  222 
308  250 
309  189 
309  270 
309  296 
309  54 
310  130 
310  150 
310  220 
310  5 
311  142 
311  190 
311  221 
311  71 
312  304 
312  98 
312  195 
312  118 
313  281 
313  30 
313  258 
313  105 
314  263 
314  166 
314  189 
314  31 
315  137 
315  97 
315  59 
315  201 
316  293 
316  310 
316  228 
316  201 
317  65 
317  185 
317  262 
317  11 
318  311 
318  275 
318  223 
318  229 
319  139 
319  292 
319  23 
319  305 
320  287 
320  142 
320  132 
320  237 
321  190 
321  222 
321  170 
321  72 
322  228 
322  140 
322  160 
322  312 
323  274 
323  29 
323  189 
323  28 
324  240 
324  323 
324  118 
324  312 
325  36 
325  51 
325  49 
325  62 
326  221 
326  98 
326  239 
326  285 
327  188 
327  271 
327  239 
327  179 
328  184 
328  56 
328  71 
328  112 
329  249 
329  320 
329  300 
329  5 
330  327 
330  165 
330  283 
330  29 
331  153 
331  292 
331  278 
331  71 
332  248 
332  167 
332  28 
332  110 
333  275 
333  126 
333  198 
333  118 
334  21 
334  254 
334  166 
334  178 
335  312 
335  30 
335  309 
335  327 
336  127 
336  319 
336  315 
336  61 
337  334 
337  309 
337  172 
337  56 
338  301 
338  78 
338  290 
338  281 
339  183 
339  237 
339  132 
339  338 
340  305 
340  117 
340  316 
340  338 
341  221 
341  340 
341  156 
341  322 
342  98 
342  59 
342  61 
342  151 
343  93 
343  162 
343  312 
343  316 
344  44 
344  306 
344  189 
344  332 
345  51 
345  199 
345  159 
345  186 
346  317 
346  141 
346  133 
346  137 
347  212 
347  343 
347  335 
347  189 
348  246 
348  254 
348  170 
348  300 
349  117 
349  143 
349  127 
349  21 
350  340 
350  168 
350  88 
350  321 
351  335 
351  132 
351  60 
351  312 
352  15 
352  149 
352  188 
352  171 
353  325 
353  112 
353  332 
353  244 
354  251 
354  316 
354  221 
354  218 
355  202 
355  119 
355  62 
355  72 
356  3 
356  312 
356  94 
356  133 
357  286 
357  227 
357  316 
357  29 
358  78 
358  72 
358  327 
358  318 
359  73 
359  63 
359  286 
359  328 
360  171 
360  218 
360  51 
360  89 
361  83 
361  179 
361  174 
361  177 
362  83 
362  132 
362  104 
362  252 
363  179 
363  77 
363  47 
363  70 
364  133 
364  125 
364  164 
364  253 
365  177 
365  198 
365  7 
365  36 
366  174 
366  68 
366  130 
366  215 
367  364 
367  138 
367  173 
367  366 
368  314 
368  138 
368  198 
368  275 
369  108 
369  354 
369  98 
369  215 
370  92 
370  194 
370  287 
370  70 
371  140 
371  316 
371  177 
371  79 
372  369 
372  359 
372  266 
372  273 
373  273 
373  27 
373  137 
373  281 
374  32 
374  144 
374  373 
374  331 
375  370 
375  16 
375  368 
375  102 
376  294 
376  370 
376  85 
376  220 
377  200 
377  376 
377  70 
377  372 
378  66 
378  191 
378  161 
378  19 
379  70 
379  358 
379  205 
379  15 
380  85 
380  271 
380  274 
380  67 
381  373 
381  361 
381  178 
381  327 
382  299 
382  84 
382  165 
382  192 
383  221 
383  268 
383  36 
383  376 
384  201 
384  133 
384  24 
384  161 
385  116 
385  17 
385  248 
385  359 
386  163 
386  53 
386  213 
386  197 
387  70 
387  382 
387  52 
387  261 
388  362 
388  237 
388  370 
388  133 
389  271 
389  294 
389  316 
389  29 
390  194 
390  92 
390  177 
390  371 
391  373 
391  268 
391  134 
391  202 
392  30 
392  4 
392  236 
392  376 
393  21 
393  386 
393  15 
393  217 
394  348 
394  361 
394  65 
394  340 
395  393 
395  371 
395  50 
395  118 
396  364 
396  235 
396  349 
396  107 
397  77 
397  151 
397  273 
397  54 
398  373 
398  4 
398  207 
398  289 
399  297 
399  173 
399  372 
399  4 
400  361 
400  252 
400  373 
400  311 
401  145 
401  128 
401  353 
401  363 
402  280 
402  184 
402  261 
402  38 
403  27 
403  310 
403  252 
403  398 
404  245 
404  29 
404  235 
404  207 
405  108 
405  390 
405  388 
405  369 
406  34 
406  148 
406  369 
406  260 
407  200 
407  328 
407  387 
407  264 
408  34 
408  177 
408  112 
408  384 
409  162 
409  298 
409  390 
409  271 
410  57 
410  64 
410  202 
410  319 
411  257 
411  383 
411  23 
411  314 
412  411 
412  118 
412  38 
412  133 
413  58 
413  158 
413  176 
413  131 
414  409 
414  229 
414  287 
414  188 
415  364 
415  287 
415  6 
415  125 
416  108 
416  381 
416  402 
416  51 
417  113 
417  137 
417  395 
417  325 
418  383 
418  91 
418  248 
418  406 
419  342 
419  114 
419  80 
419  404 
420  89 
420  205 
420  373 
420  256 
421  206 
421  100 
421  107 
421  90 
422  105 
422  114 
422  415 
422  248 
423  241 
423  190 
423  398 
423  67 
424  45 
424  93 
424  357 
424  22 
425  10 
425  156 
425  62 
425  35 
426  265 
426  22 
426  248 
426  44 
427  373 
427  77 
427  329 
427  363 
428  226 
428  116 
428  418 
428  95 
429  380 
429  144 
429  420 
429  195 
430  398 
430  4 
430  72 
430  316 
431  395 
431  417 
431  205 
431  79 
432  319 
432  431 
432  423 
432  173 
433  413 
433  334 
433  93 
433  125 
434  64 
434  375 
434  426 
434  236 
435  363 
435  262 
435  293 
435  275 
436  245 
436  406 
436  125 
436  36 
437  117 
437  176 
437  240 
437  130 
438  367 
438  47 
438  261 
438  269 
439  86 
439  419 
439  190 
439  23 
440  373 
440  217 
440  236 
440  326 
441  382 
441  132 
441  275 
441  246 
442  116 
442  217 
442  172 
442  307 
443  403 
443  47 
443  393 
443  319 
444  275 
444  79 
444  439 
444  326 
445  235 
445  438 
445  161 
445  12 
446  130 
446  430 
446  156 
446  62 
447  76 
447  86 
447  48 
447  357 
448  309 
448  101 
448  439 
448  418 
449  447 
449  86 
449  433 
449  196 
450  146 
450  251 
450  73 
450  412 
451  428 
451  418 
451  376 
451  325 
452  431 
452  252 
452  108 
452  294 
453  426 
453  126 
453  247 
453  387 
454  158 
454  355 
454  296 
454  126 
455  371 
455  349 
455  454 
455  328 
456  97 
456  158 
456  419 
456  325 
457  248 
457  299 
457  141 
457  217 
458  398 
458  447 
458  437 
458  450 
459  424 
459  193 
459  84 
459  18 
460  241 
460  444 
460  217 
460  38 
461  219 
461  317 
461  449 
461  97 
462  9 
462  401 
462  91 
462  300 
463  432 
463  216 
463  383 
463  270 
464  216 
464  377 
464  292 
464  246 
465  189 
465  230 
465  115 
465  355 
466  26 
466  240 
466  402 
466  249 
467  237 
467  36 
467  443 
467  143 
468  270 
468  66 
468  454 
468  122 
469  120 
469  283 
469  142 
469  6 
470  171 
470  459 
470  413 
470  17 
471  396 
471  17 
471  228 
471  315 
472  418 
472  256 
472  277 
472  95 
473  267 
473  313 
473  464 
473  283 
474  428 
474  128 
474  190 
474  99 
475  10 
475  334 
475  190 
475  199 
476  272 
476  23 
476  464 
476  311 
477  386 
477  343 
477  133 
477  241 
478  217 
478  291 
478  461 
478  321 
479  139 
479  438 
479  107 
479  436 
480  220 
480  350 
480  323 
480  476 
481  134 
481  279 
481  107 
481  71 
482  49 
482  317 
482  62 
482  231 
483  257 
483  459 
483  48 
483  461 
484  459 
484  174 
484  472 
484  89 
485  111 
485  293 
485  478 
485  424 
486  365 
486  234 
486  291 
486  469 
487  361 
487  23 
487  298 
487  243 
488  428 
488  296 
488  267 
488  459 
489  63 
489  417 
489  312 
489  20 
490  454 
490  382 
490  196 
490  386 
491  467 
491  295 
491  62 
491  483 
492  477 
492  37 
492  386 
492  473 
493  274 
493  115 
493  31 
493  302 
494  413 
494  164 
494  398 
494  314 
495  417 
495  460 
495  142 
495  471 
496  50 
496  361 
496  464 
496  97 
497  173 
497  359 
497  438 
497  481 
498  181 
498  205 
498  313 
498  388 
499  293 
499  164 
499  488 
499  291 
500  208 
500  386 
500  305 
500  42 
501  228 
501  301 
501  374 
501  425 
502  443 
502  492 
502  178 
502  284 
503  446 
503  413 
503  36 
503  315 
504  44 
504  299 
504  110 
504  417 
505  176 
505  450 
505  156 
505  60 
506  216 
506  156 
506  241 
506  255 
507  227 
507  462 
507  167 
507  10 
508  282 
508  24 
508  467 
508  50 
 

