1  2 
1  3 
1  4 
1  5 
1  6 
1  7 
1  8 
1  9 
1  10 
1  11 
1  12 
1  13 
1  14 
1  15 
1  16 
1  17 
1  18 
1  19 
1  20 
1  21 
1  22 
1  23 
1  24 
1  25 
1  26 
1  27 
1  28 
1  29 
1  30 
1  31 
1  32 
1  33 
1  34 
1  35 
1  36 
1  37 
1  38 
1  39 
1  40 
1  41 
1  42 
1  43 
1  44 
1  45 
1  46 
1  47 
1  48 
1  49 
1  50 
1  51 
1  52 
1  53 
1  54 
1  55 
1  56 
1  57 
2  3 
2  4 
2  5 
2  6 
2  7 
2  8 
2  9 
2  10 
2  11 
2  13 
2  58 
2  16 
2  59 
2  60 
2  61 
2  62 
2  19 
2  20 
2  21 
2  63 
2  26 
2  64 
2  65 
2  66 
2  27 
2  28 
2  67 
2  68 
2  69 
2  70 
2  71 
2  72 
2  73 
2  74 
2  75 
2  76 
2  77 
2  78 
2  79 
2  80 
2  81 
2  48 
2  82 
2  83 
2  84 
2  85 
2  86 
2  87 
2  88 
2  52 
2  56 
3  4 
3  5 
3  6 
3  7 
3  8 
3  9 
3  10 
3  13 
3  58 
3  89 
3  90 
3  91 
3  59 
3  92 
3  62 
3  20 
3  93 
3  21 
3  94 
3  95 
3  22 
3  96 
3  97 
3  63 
3  24 
3  98 
3  99 
3  64 
3  100 
3  66 
3  101 
3  102 
3  103 
3  104 
3  105 
3  106 
3  107 
3  108 
3  109 
3  110 
3  111 
3  112 
3  113 
3  114 
3  47 
3  115 
3  116 
3  117 
3  118 
3  48 
3  119 
3  50 
3  51 
3  120 
3  121 
3  122 
4  5 
4  6 
4  7 
4  8 
4  9 
4  10 
4  12 
4  14 
4  89 
4  16 
4  90 
4  91 
4  59 
4  123 
4  97 
4  98 
4  26 
4  124 
4  125 
4  69 
4  102 
4  126 
4  127 
4  128 
4  129 
4  130 
4  131 
4  132 
4  133 
4  134 
4  135 
4  136 
4  137 
4  48 
4  138 
4  139 
4  140 
4  141 
4  57 
5  6 
5  7 
5  8 
5  9 
5  10 
5  12 
5  15 
5  92 
5  21 
5  95 
5  142 
5  96 
5  24 
5  143 
5  70 
5  30 
5  126 
5  144 
5  32 
5  145 
5  146 
5  73 
5  147 
5  35 
5  106 
5  148 
5  149 
5  150 
5  151 
5  152 
5  153 
5  154 
5  155 
5  156 
5  157 
5  158 
5  134 
5  45 
5  159 
5  160 
5  161 
5  162 
5  163 
5  164 
5  165 
6  7 
6  8 
6  9 
6  10 
6  11 
6  15 
6  89 
6  18 
6  60 
6  61 
6  92 
6  62 
6  166 
6  167 
6  94 
6  142 
6  96 
6  168 
6  169 
6  23 
6  170 
6  25 
6  99 
6  171 
6  172 
6  103 
6  126 
6  173 
6  174 
6  175 
6  176 
6  36 
6  177 
6  107 
6  178 
6  151 
6  131 
6  179 
6  180 
6  44 
6  112 
6  45 
6  181 
6  119 
6  182 
6  50 
6  183 
6  184 
6  88 
6  185 
6  186 
7  8 
7  9 
7  10 
7  12 
7  13 
7  14 
7  90 
7  61 
7  19 
7  22 
7  168 
7  187 
7  26 
7  65 
7  125 
7  188 
7  189 
7  172 
7  104 
7  190 
7  191 
7  107 
7  192 
7  154 
7  193 
7  129 
7  76 
7  194 
7  195 
7  111 
7  156 
7  157 
7  196 
7  197 
7  180 
7  44 
7  198 
7  199 
7  200 
7  201 
7  83 
7  49 
7  183 
7  202 
7  203 
7  204 
7  205 
7  206 
7  139 
7  207 
7  208 
7  122 
7  186 
8  9 
8  10 
8  58 
8  89 
8  18 
8  91 
8  60 
8  123 
8  167 
8  94 
8  63 
8  209 
8  210 
8  143 
8  211 
8  212 
8  29 
8  69 
8  144 
8  191 
8  213 
8  34 
8  106 
8  177 
8  214 
8  215 
8  216 
8  217 
8  218 
8  219 
8  194 
8  41 
8  220 
8  221 
8  222 
8  113 
8  118 
8  223 
8  121 
8  208 
8  224 
9  10 
9  11 
9  14 
9  89 
9  90 
9  17 
9  166 
9  93 
9  170 
9  25 
9  188 
9  67 
9  143 
9  211 
9  225 
9  108 
9  226 
9  110 
9  42 
9  227 
9  43 
9  228 
9  81 
9  115 
9  229 
9  164 
9  230 
9  88 
9  231 
10  11 
10  14 
10  58 
10  16 
10  17 
10  59 
10  60 
10  232 
10  97 
10  23 
10  170 
10  25 
10  125 
10  233 
10  171 
10  105 
10  234 
10  235 
10  236 
10  35 
10  36 
10  237 
10  238 
10  192 
10  239 
10  240 
10  111 
10  241 
10  197 
10  158 
10  242 
10  204 
10  53 
10  243 
10  165 
11  12 
11  15 
11  92 
11  169 
11  244 
11  188 
11  143 
11  102 
11  173 
11  176 
11  40 
11  221 
11  245 
11  246 
11  120 
11  247 
11  248 
12  13 
12  15 
12  58 
12  17 
12  92 
12  19 
12  166 
12  99 
12  124 
12  103 
12  146 
12  34 
12  249 
12  250 
12  37 
12  178 
12  251 
12  252 
12  179 
12  253 
12  157 
12  80 
12  44 
12  135 
12  254 
12  200 
12  255 
12  256 
12  257 
12  258 
13  20 
13  233 
13  188 
13  28 
13  259 
13  179 
13  260 
14  90 
14  18 
14  91 
14  60 
14  97 
14  169 
14  188 
14  30 
14  127 
14  192 
14  261 
14  262 
14  81 
14  200 
14  263 
14  138 
14  120 
14  164 
15  123 
15  98 
15  244 
15  126 
15  151 
15  264 
15  158 
15  135 
15  136 
58  16 
58  166 
58  93 
58  64 
58  171 
58  28 
58  69 
58  70 
58  265 
58  149 
58  266 
58  216 
58  261 
58  132 
58  262 
89  61 
89  23 
89  64 
89  177 
89  237 
89  266 
89  136 
89  267 
89  268 
16  17 
16  18 
16  61 
16  167 
16  97 
16  100 
16  209 
16  269 
16  68 
16  35 
16  148 
16  127 
16  151 
16  195 
16  240 
16  270 
16  164 
90  59 
90  93 
90  187 
90  124 
90  68 
90  212 
90  102 
90  72 
90  213 
90  127 
90  74 
90  152 
90  192 
90  217 
90  75 
90  129 
90  252 
90  195 
90  155 
90  78 
90  41 
90  79 
90  156 
90  133 
90  245 
90  80 
90  43 
90  271 
90  135 
90  272 
90  273 
17  123 
17  19 
17  167 
17  232 
17  99 
17  100 
17  66 
17  171 
17  212 
17  71 
17  107 
17  149 
17  214 
17  178 
17  38 
17  216 
17  274 
17  220 
17  180 
17  116 
17  161 
17  201 
17  275 
17  139 
17  140 
18  91 
18  62 
18  123 
18  166 
18  20 
18  21 
18  232 
18  96 
18  187 
18  125 
18  276 
18  103 
18  251 
18  277 
18  215 
18  130 
18  218 
18  278 
18  77 
18  39 
18  155 
18  279 
18  180 
18  280 
18  273 
18  281 
18  88 
18  140 
18  258 
18  231 
91  22 
91  100 
91  125 
91  269 
91  189 
91  213 
91  148 
91  79 
91  242 
91  268 
59  62 
59  94 
59  96 
59  187 
59  244 
59  171 
59  189 
59  276 
59  68 
59  31 
59  32 
59  213 
59  178 
59  38 
59  282 
59  78 
59  79 
59  196 
59  180 
59  158 
59  113 
59  283 
59  46 
59  116 
59  284 
59  256 
60  232 
60  209 
60  101 
60  276 
60  212 
60  173 
60  235 
60  150 
60  193 
60  278 
60  156 
60  44 
60  242 
60  137 
60  83 
60  267 
60  183 
60  207 
61  167 
61  232 
61  285 
61  174 
61  236 
61  249 
61  227 
92  169 
92  265 
92  285 
92  174 
92  144 
92  145 
92  266 
92  192 
92  157 
92  280 
62  170 
62  26 
62  100 
62  103 
62  225 
62  127 
62  215 
62  279 
62  271 
62  47 
62  115 
62  118 
62  286 
62  184 
123  93 
123  25 
123  101 
123  150 
123  154 
123  287 
123  229 
19  172 
19  288 
19  289 
19  109 
19  193 
19  111 
19  78 
19  114 
19  161 
166  94 
166  22 
166  259 
166  283 
166  160 
166  246 
166  224 
20  98 
20  65 
20  175 
20  38 
20  252 
20  41 
20  284 
20  118 
20  263 
20  286 
93  95 
93  142 
93  168 
93  63 
93  24 
93  244 
93  105 
93  71 
93  173 
93  106 
93  148 
93  251 
93  289 
93  238 
93  128 
93  217 
93  137 
93  116 
93  286 
93  290 
93  53 
167  95 
167  142 
167  168 
167  63 
167  259 
167  72 
167  73 
167  177 
167  198 
167  291 
21  212 
21  29 
21  69 
21  31 
21  236 
21  266 
21  109 
21  292 
232  169 
232  211 
232  259 
232  285 
232  235 
232  191 
232  33 
232  289 
232  110 
232  264 
232  42 
232  46 
232  280 
232  163 
232  139 
232  86 
232  230 
94  95 
94  142 
94  98 
94  66 
94  190 
94  147 
94  237 
94  151 
94  264 
94  270 
95  269 
95  104 
95  265 
95  191 
95  147 
95  237 
95  160 
22  189 
22  67 
22  288 
22  279 
22  41 
22  113 
22  228 
22  281 
142  244 
142  36 
142  198 
142  268 
142  208 
142  54 
96  168 
96  66 
96  233 
96  190 
96  147 
96  288 
96  194 
96  155 
96  132 
96  287 
96  246 
96  86 
96  54 
96  55 
96  57 
168  99 
168  214 
168  266 
168  221 
168  52 
168  257 
168  231 
97  187 
97  64 
97  65 
97  209 
97  211 
97  277 
97  39 
97  114 
97  267 
169  265 
169  173 
169  36 
169  150 
169  293 
169  287 
169  207 
63  23 
63  233 
63  190 
63  105 
63  294 
63  236 
63  146 
63  250 
63  37 
63  153 
63  129 
63  252 
63  261 
63  245 
63  270 
63  272 
63  263 
63  295 
63  163 
63  203 
63  138 
63  296 
63  185 
63  56 
23  170 
23  29 
23  265 
23  234 
23  235 
23  35 
23  249 
23  37 
23  289 
23  75 
23  263 
23  223 
23  185 
23  297 
170  24 
170  65 
170  210 
170  239 
170  40 
170  273 
170  298 
170  296 
170  299 
170  141 
170  300 
170  231 
187  209 
187  101 
187  189 
187  285 
187  32 
187  33 
187  195 
187  199 
187  162 
187  50 
187  206 
24  124 
24  27 
24  269 
24  276 
24  190 
24  71 
24  144 
24  146 
24  177 
24  301 
24  282 
24  274 
24  111 
24  227 
24  254 
24  114 
24  55 
98  67 
98  106 
98  152 
98  278 
98  119 
98  54 
25  210 
25  104 
25  153 
25  302 
25  279 
25  253 
25  258 
244  27 
244  269 
244  259 
244  234 
244  235 
244  226 
244  75 
244  246 
26  210 
26  237 
26  128 
26  262 
26  198 
26  270 
26  119 
99  233 
99  172 
99  294 
99  250 
99  77 
99  241 
99  136 
99  116 
99  54 
64  124 
64  67 
64  143 
64  29 
64  70 
64  285 
64  294 
64  147 
64  288 
64  154 
64  128 
64  239 
64  302 
64  76 
64  179 
64  272 
64  242 
64  255 
64  49 
64  223 
100  211 
100  31 
100  159 
65  28 
65  144 
65  225 
65  226 
65  222 
65  199 
65  162 
65  84 
65  243 
209  260 
209  184 
66  274 
66  76 
66  40 
66  241 
66  260 
66  268 
124  210 
124  68 
124  234 
124  31 
124  145 
124  301 
124  277 
124  238 
124  226 
124  194 
124  286 
124  275 
125  27 
125  101 
125  149 
125  284 
125  202 
27  234 
27  77 
27  132 
27  221 
27  134 
27  228 
27  254 
27  51 
269  33 
101  288 
101  263 
101  297 
233  176 
233  149 
233  178 
233  274 
233  292 
233  196 
233  262 
233  158 
233  287 
233  229 
233  202 
233  53 
233  186 
188  213 
188  240 
171  112 
210  276 
210  102 
210  104 
210  30 
210  236 
210  110 
210  302 
210  196 
210  204 
210  230 
189  152 
189  77 
189  298 
189  120 
189  205 
28  34 
28  214 
28  131 
28  255 
28  82 
28  275 
67  240 
67  292 
67  84 
67  224 
276  174 
276  72 
276  238 
276  293 
276  42 
276  292 
143  126 
143  130 
143  218 
143  81 
143  224 
211  30 
211  105 
211  174 
211  251 
211  38 
211  226 
211  303 
211  82 
211  291 
68  172 
68  294 
68  150 
68  74 
68  215 
68  133 
68  204 
212  130 
212  273 
212  295 
29  70 
29  249 
29  107 
29  193 
29  199 
29  281 
29  122 
69  301 
69  282 
69  221 
69  47 
69  284 
69  291 
172  198 
172  159 
70  175 
70  74 
70  108 
70  75 
70  80 
70  202 
70  223 
259  153 
259  304 
102  34 
102  245 
102  119 
102  140 
102  300 
102  224 
102  305 
103  73 
103  74 
103  40 
103  88 
103  306 
104  71 
104  191 
104  175 
104  277 
104  108 
104  152 
104  216 
104  278 
104  133 
30  73 
30  301 
30  282 
30  79 
30  117 
30  307 
190  214 
190  293 
190  112 
190  228 
190  296 
105  215 
105  272 
105  84 
105  85 
105  256 
265  239 
265  302 
265  222 
265  199 
265  258 
265  248 
126  33 
126  264 
126  132 
126  115 
126  291 
126  184 
71  262 
71  283 
71  246 
71  121 
234  32 
234  250 
234  293 
234  253 
234  45 
234  300 
173  154 
173  218 
173  219 
173  162 
173  85 
285  264 
285  279 
285  197 
285  307 
174  72 
174  225 
174  182 
235  175 
235  225 
235  289 
235  159 
235  203 
191  294 
191  203 
294  176 
294  148 
294  181 
294  297 
294  308 
31  145 
31  146 
31  238 
32  145 
32  249 
32  274 
32  261 
32  243 
72  108 
72  306 
236  301 
236  250 
236  241 
236  196 
236  160 
33  277 
33  109 
33  130 
33  136 
33  138 
175  117 
175  163 
145  251 
145  179 
145  227 
145  290 
145  243 
146  195 
146  184 
213  128 
213  112 
213  299 
225  303 
225  55 
73  229 
147  217 
147  121 
147  165 
147  309 
34  267 
35  159 
35  186 
288  176 
288  216 
288  293 
288  253 
288  208 
288  87 
106  253 
106  45 
176  309 
36  270 
148  131 
148  283 
148  46 
148  117 
148  201 
148  165 
148  305 
177  218 
249  76 
249  245 
249  228 
249  182 
249  304 
301  298 
301  304 
107  153 
107  254 
107  290 
250  37 
250  133 
250  164 
214  220 
150  208 
37  282 
37  284 
37  296 
37  257 
178  82 
127  219 
127  220 
38  306 
277  217 
277  48 
277  87 
289  155 
289  267 
108  222 
108  181 
108  115 
151  239 
151  299 
152  109 
238  110 
238  302 
238  161 
226  252 
226  197 
226  271 
226  83 
226  56 
215  156 
215  227 
215  260 
215  247 
266  39 
266  80 
266  134 
266  255 
266  201 
266  182 
266  87 
216  157 
216  43 
216  295 
216  207 
109  271 
110  241 
110  222 
110  138 
110  290 
110  305 
192  193 
192  82 
264  261 
264  303 
153  47 
153  300 
154  57 
128  86 
128  247 
239  278 
217  113 
217  300 
193  129 
193  46 
75  240 
75  43 
75  137 
282  275 
282  141 
129  260 
129  283 
129  254 
129  114 
129  256 
130  194 
302  39 
302  219 
302  42 
302  200 
302  183 
302  207 
218  219 
218  134 
274  296 
278  49 
77  290 
39  53 
40  131 
252  205 
252  165 
261  84 
261  305 
194  117 
194  306 
195  137 
195  205 
195  310 
155  182 
155  202 
279  272 
279  163 
279  206 
279  230 
240  78 
111  220 
179  299 
179  309 
41  298 
41  308 
293  52 
132  242 
132  291 
133  197 
133  181 
133  122 
220  255 
220  140 
220  141 
221  303 
227  292 
227  121 
253  287 
241  248 
245  310 
80  122 
80  305 
196  268 
43  160 
43  120 
43  185 
197  247 
262  83 
260  273 
180  181 
180  161 
180  51 
222  135 
222  205 
222  297 
158  51 
44  271 
270  281 
287  295 
287  206 
287  86 
287  308 
112  118 
112  298 
135  230 
272  81 
272  303 
272  56 
181  50 
283  200 
81  275 
81  204 
242  201 
242  141 
303  203 
46  85 
46  257 
137  280 
161  162 
161  286 
161  295 
117  308 
284  257 
263  280 
280  49 
280  183 
280  229 
119  304 
273  206 
201  281 
83  223 
84  87 
84  309 
163  139 
281  231 
298  185 
203  85 
85  186 
138  256 
204  247 
223  299 
86  306 
208  258 
88  52 
88  55 
141  307 
258  243 
258  297 
243  307 
186  304 
306  248 
306  57 
306  310 
304  309 
304  248 
297  308 
297  307 
308  310 
57  310 
 

