1  2 
1  3 
1  4 
1  5 
1  6 
1  7 
1  8 
1  9 
1  10 
2  3 
2  4 
2  5 
2  6 
2  7 
2  8 
2  9 
2  10 
3  4 
3  5 
3  6 
3  7 
3  8 
3  9 
3  10 
4  5 
4  6 
4  7 
4  8 
4  9 
4  10 
5  6 
5  7 
5  8 
5  9 
5  10 
6  7 
6  8 
6  9 
6  10 
7  8 
7  9 
7  10 
8  9 
8  10 
9  10 
11  7 
11  4 
11  5 
11  10 
12  5 
12  7 
12  9 
12  6 
13  1 
13  6 
13  5 
13  3 
14  12 
14  5 
14  10 
14  9 
15  7 
15  4 
15  5 
15  6 
16  12 
16  7 
16  4 
16  6 
17  3 
17  11 
17  8 
17  7 
18  4 
18  11 
18  8 
18  10 
19  10 
19  1 
19  3 
19  5 
20  5 
20  10 
20  11 
20  13 
21  5 
21  7 
21  17 
21  4 
22  9 
22  4 
22  2 
22  3 
23  5 
23  19 
23  2 
23  6 
24  3 
24  22 
24  8 
24  21 
25  19 
25  16 
25  22 
25  8 
26  5 
26  6 
26  10 
26  21 
27  9 
27  10 
27  6 
27  2 
28  19 
28  6 
28  1 
28  21 
29  8 
29  22 
29  4 
29  2 
30  9 
30  3 
30  5 
30  12 
31  5 
31  4 
31  10 
31  2 
32  4 
32  22 
32  8 
32  6 
33  17 
33  30 
33  13 
33  1 
34  2 
34  5 
34  13 
34  6 
35  21 
35  33 
35  1 
35  10 
36  15 
36  5 
36  31 
36  22 
37  32 
37  28 
37  15 
37  18 
38  24 
38  12 
38  9 
38  5 
39  30 
39  37 
39  15 
39  3 
40  29 
40  8 
40  5 
40  4 
41  22 
41  10 
41  3 
41  25 
42  5 
42  28 
42  3 
42  39 
43  6 
43  18 
43  16 
43  37 
44  1 
44  27 
44  11 
44  28 
45  10 
45  5 
45  27 
45  42 
46  7 
46  27 
46  5 
46  6 
47  37 
47  44 
47  8 
47  20 
48  1 
48  8 
48  11 
48  22 
49  36 
49  8 
49  28 
49  31 
50  10 
50  7 
50  40 
50  30 
51  7 
51  1 
51  3 
51  5 
52  6 
52  8 
52  15 
52  1 
53  9 
53  51 
53  32 
53  11 
54  47 
54  30 
54  6 
54  32 
55  32 
55  10 
55  7 
55  6 
56  24 
56  39 
56  13 
56  21 
57  14 
57  10 
57  28 
57  2 
58  8 
58  3 
58  21 
58  37 
59  8 
59  47 
59  35 
59  46 
60  13 
60  8 
60  47 
60  10 
61  60 
61  3 
61  5 
61  9 
62  10 
62  46 
62  40 
62  3 
63  21 
63  8 
63  47 
63  15 
64  41 
64  4 
64  8 
64  9 
65  10 
65  30 
65  52 
65  15 
66  26 
66  8 
66  21 
66  54 
67  1 
67  35 
67  34 
67  45 
68  14 
68  49 
68  29 
68  5 
69  5 
69  34 
69  9 
69  47 
70  8 
70  23 
70  3 
70  44 
71  5 
71  8 
71  7 
71  70 
72  4 
72  10 
72  22 
72  36 
73  38 
73  2 
73  22 
73  6 
74  20 
74  21 
74  4 
74  43 
75  40 
75  30 
75  68 
75  2 
76  22 
76  47 
76  7 
76  54 
77  5 
77  1 
77  21 
77  6 
78  39 
78  10 
78  21 
78  20 
79  20 
79  14 
79  9 
79  6 
80  32 
80  34 
80  13 
80  49 
81  52 
81  4 
81  46 
81  7 
82  21 
82  3 
82  77 
82  24 
83  22 
83  43 
83  12 
83  78 
84  1 
84  5 
84  77 
84  9 
85  78 
85  55 
85  56 
85  3 
86  21 
86  8 
86  72 
86  5 
87  57 
87  12 
87  74 
87  4 
88  77 
88  78 
88  13 
88  47 
89  10 
89  32 
89  70 
89  51 
90  40 
90  21 
90  19 
90  7 
91  46 
91  27 
91  66 
91  38 
92  4 
92  27 
92  21 
92  54 
93  15 
93  72 
93  70 
93  13 
94  2 
94  8 
94  87 
94  64 
95  8 
95  12 
95  60 
95  90 
96  2 
96  53 
96  33 
96  5 
97  40 
97  82 
97  22 
97  30 
98  11 
98  28 
98  74 
98  70 
99  10 
99  2 
99  5 
99  52 
100  38 
100  3 
100  37 
100  82 
101  90 
101  91 
101  8 
101  11 
102  57 
102  47 
102  5 
102  30 
103  3 
103  14 
103  94 
103  7 
104  7 
104  67 
104  22 
104  42 
105  6 
105  5 
105  7 
105  77 
106  61 
106  55 
106  5 
106  47 
107  9 
107  40 
107  77 
107  21 
108  77 
108  56 
108  50 
108  21 
109  41 
109  4 
109  5 
109  30 
110  22 
110  12 
110  3 
110  51 
111  78 
111  97 
111  21 
111  94 
112  7 
112  33 
112  6 
112  8 
113  4 
113  32 
113  48 
113  21 
114  13 
114  90 
114  89 
114  44 
115  65 
115  77 
115  32 
115  14 
116  86 
116  5 
116  7 
116  13 
117  21 
117  71 
117  34 
117  1 
118  19 
118  110 
118  59 
118  14 
119  24 
119  1 
119  10 
119  22 
120  22 
120  30 
120  35 
120  3 
121  110 
121  112 
121  31 
121  25 
122  10 
122  32 
122  40 
122  86 
123  72 
123  85 
123  15 
123  113 
124  91 
124  14 
124  27 
124  6 
125  11 
125  9 
125  74 
125  7 
126  43 
126  47 
126  35 
126  3 
127  79 
127  9 
127  12 
127  14 
128  37 
128  52 
128  25 
128  68 
129  82 
129  90 
129  28 
129  44 
130  92 
130  102 
130  121 
130  27 
131  22 
131  2 
131  101 
131  119 
132  21 
132  30 
132  4 
132  120 
133  9 
133  12 
133  107 
133  31 
134  36 
134  103 
134  5 
134  65 
135  7 
135  5 
135  2 
135  8 
136  83 
136  7 
136  48 
136  85 
137  92 
137  24 
137  4 
137  77 
138  61 
138  52 
138  81 
138  22 
139  73 
139  9 
139  24 
139  87 
140  104 
140  11 
140  27 
140  38 
141  124 
141  108 
141  90 
141  10 
142  5 
142  2 
142  15 
142  74 
143  12 
143  4 
143  119 
143  28 
144  11 
144  38 
144  100 
144  50 
145  15 
145  24 
145  5 
145  8 
146  27 
146  48 
146  125 
146  115 
147  25 
147  59 
147  49 
147  24 
148  11 
148  117 
148  97 
148  115 
149  6 
149  67 
149  21 
149  68 
150  111 
150  39 
150  15 
150  142 
151  133 
151  68 
151  28 
151  108 
152  146 
152  70 
152  87 
152  36 
153  22 
153  9 
153  5 
153  109 
154  150 
154  53 
154  51 
154  72 
155  147 
155  18 
155  6 
155  72 
156  39 
156  19 
156  4 
156  36 
157  63 
157  96 
157  98 
157  78 
158  7 
158  40 
158  21 
158  8 
159  57 
159  5 
159  3 
159  70 
160  66 
160  113 
160  54 
160  117 
161  5 
161  32 
161  2 
161  101 
162  76 
162  150 
162  102 
162  50 
163  72 
163  7 
163  5 
163  8 
164  10 
164  38 
164  67 
164  110 
165  94 
165  2 
165  3 
165  22 
166  7 
166  4 
166  21 
166  35 
167  55 
167  31 
167  67 
167  134 
168  13 
168  58 
168  31 
168  57 
169  17 
169  157 
169  55 
169  65 
170  45 
170  6 
170  51 
170  15 
171  35 
171  15 
171  69 
171  2 
172  164 
172  10 
172  47 
172  36 
173  15 
173  8 
173  150 
173  34 
174  2 
174  37 
174  5 
174  145 
175  31 
175  107 
175  7 
175  112 
176  91 
176  133 
176  68 
176  35 
177  27 
177  162 
177  47 
177  43 
178  90 
178  7 
178  15 
178  80 
179  38 
179  153 
179  127 
179  54 
180  168 
180  92 
180  144 
180  5 
181  170 
181  177 
181  4 
181  1 
182  96 
182  165 
182  51 
182  94 
183  173 
183  85 
183  40 
183  92 
184  105 
184  97 
184  136 
184  9 
185  168 
185  9 
185  57 
185  172 
186  42 
186  7 
186  124 
186  98 
187  10 
187  38 
187  9 
187  2 
188  154 
188  37 
188  107 
188  180 
189  1 
189  100 
189  56 
189  2 
190  8 
190  125 
190  100 
190  37 
191  7 
191  56 
191  154 
191  3 
192  1 
192  19 
192  178 
192  109 
193  20 
193  97 
193  28 
193  104 
194  163 
194  191 
194  10 
194  23 
195  133 
195  108 
195  168 
195  81 
196  19 
196  15 
196  8 
196  179 
197  19 
197  100 
197  71 
197  6 
198  46 
198  173 
198  94 
198  181 
199  51 
199  25 
199  86 
199  11 
200  8 
200  4 
200  69 
200  104 
1  201 
1  202 
2  201 
2  203 
2  202 
3  204 
3  205 
3  202 
4  204 
4  206 
4  205 
4  202 
5  206 
5  203 
5  205 
5  202 
6  207 
6  203 
6  205 
6  208 
7  207 
7  204 
7  206 
7  203 
7  208 
8  203 
8  208 
8  202 
9  207 
9  201 
9  205 
10  207 
10  201 
10  206 
10  202 
11  207 
11  201 
11  204 
11  206 
11  208 
11  202 
12  207 
12  208 
13  206 
13  203 
14  207 
14  201 
14  204 
14  208 
15  207 
15  204 
15  206 
15  203 
15  208 
15  202 
16  207 
16  204 
16  206 
16  205 
16  202 
17  207 
17  201 
17  204 
17  206 
17  202 
18  207 
18  201 
18  204 
18  203 
18  205 
18  208 
19  204 
19  206 
19  205 
19  208 
19  202 
20  201 
20  204 
20  203 
20  205 
21  201 
21  204 
21  203 
21  205 
21  208 
21  202 
22  203 
22  205 
22  208 
23  207 
23  204 
23  206 
24  204 
24  206 
24  203 
24  208 
25  204 
25  203 
25  205 
26  207 
26  204 
26  206 
26  203 
26  202 
27  207 
27  204 
27  206 
27  203 
27  205 
27  208 
28  206 
28  203 
28  208 
28  202 
29  206 
30  207 
30  201 
30  204 
30  206 
30  203 
31  207 
31  204 
32  201 
32  203 
32  205 
32  208 
33  207 
33  204 
33  203 
33  205 
33  202 
34  204 
34  206 
34  208 
35  207 
35  201 
35  206 
35  203 
35  205 
35  208 
35  202 
36  207 
36  204 
36  202 
37  204 
37  203 
37  205 
37  202 
38  207 
38  201 
38  208 
39  207 
39  204 
39  206 
39  203 
39  205 
39  202 
40  207 
40  206 
40  208 
40  202 
41  205 
41  202 
42  207 
42  204 
42  205 
43  201 
43  204 
43  206 
43  203 
44  207 
44  203 
44  205 
44  208 
44  202 
45  206 
45  203 
45  205 
46  207 
46  204 
46  208 
47  201 
47  204 
47  206 
47  208 
48  207 
48  201 
48  206 
48  203 
48  208 
49  205 
50  206 
50  208 
50  202 
207  201 
201  204 
204  206 
206  203 
203  205 
205  208 
208  202 
207  204 
207  206 
207  203 
207  205 
207  208 
201  206 
201  205 
204  205 
204  208 
206  205 
206  208 
203  208 
202  201 
202  204 
202  206 
202  205 
51  207 
51  206 
51  203 
51  208 
51  202 
52  207 
52  204 
52  203 
52  208 
52  202 
53  206 
53  205 
53  208 
54  204 
54  206 
54  203 
54  205 
209  138 
209  83 
209  178 
209  159 
210  166 
210  127 
210  65 
210  74 
211  38 
211  146 
211  162 
211  80 
212  193 
212  79 
212  110 
212  174 
213  89 
213  123 
213  85 
213  174 
214  165 
214  87 
214  78 
214  157 
215  138 
215  57 
215  209 
215  88 
216  213 
216  175 
216  13 
216  87 
217  85 
217  101 
217  165 
217  195 
218  70 
218  130 
218  209 
218  216 
219  175 
219  180 
219  89 
219  217 
220  189 
220  170 
220  118 
220  183 
221  215 
221  165 
221  163 
221  170 
222  171 
222  130 
222  219 
222  190 
223  211 
223  170 
223  62 
223  181 
224  157 
224  195 
224  194 
224  213 
225  113 
225  140 
225  56 
225  141 
226  200 
226  47 
226  8 
226  189 
227  219 
227  195 
227  211 
227  123 
228  189 
228  104 
228  49 
228  16 
55  205 
55  208 
55  202 
56  207 
56  206 
56  203 
57  208 
57  202 
58  201 
58  204 
58  208 
59  201 
59  206 
59  203 
59  205 
59  208 
59  202 
229  158 
229  209 
229  50 
229  194 
230  200 
230  209 
230  199 
230  68 
231  100 
231  60 
231  1 
231  186 
232  200 
232  231 
232  90 
232  76 
233  157 
233  220 
233  8 
233  73 
234  113 
234  105 
234  150 
234  35 
235  231 
235  230 
235  221 
235  8 
236  232 
236  8 
236  6 
236  196 
237  16 
237  102 
237  185 
237  150 
238  177 
238  199 
238  193 
238  85 
239  199 
239  6 
239  232 
239  231 
240  82 
240  185 
240  231 
240  49 
241  185 
241  4 
241  30 
241  105 
242  140 
242  114 
242  200 
242  39 
243  29 
243  145 
243  227 
243  181 
244  105 
244  117 
244  59 
244  139 
245  134 
245  72 
245  199 
245  76 
246  139 
246  241 
246  235 
246  150 
247  36 
247  199 
247  231 
247  157 
248  37 
248  239 
248  244 
248  121 
60  201 
60  204 
60  205 
60  208 
60  202 
249  68 
249  176 
249  69 
249  71 
250  231 
250  223 
250  203 
250  136 
251  204 
251  108 
251  210 
251  56 
252  143 
252  77 
252  249 
252  35 
253  8 
253  251 
253  43 
253  167 
254  124 
254  100 
254  226 
254  173 
255  43 
255  52 
255  68 
255  49 
256  49 
256  158 
256  8 
256  28 
257  40 
257  21 
257  132 
257  155 
258  145 
258  2 
258  153 
258  108 
259  247 
259  214 
259  137 
259  204 
260  204 
260  234 
260  170 
260  48 
261  117 
261  7 
261  172 
261  97 
262  249 
262  42 
262  161 
262  45 
263  173 
263  258 
263  254 
263  49 
264  209 
264  78 
264  4 
264  45 
265  127 
265  255 
265  164 
265  56 
266  164 
266  47 
266  265 
266  137 
267  97 
267  42 
267  78 
267  133 
268  28 
268  54 
268  249 
268  265 
61  207 
61  203 
62  207 
62  201 
62  206 
62  203 
62  202 
63  207 
63  204 
63  206 
63  203 
63  205 
64  207 
64  206 
64  202 
65  204 
65  205 
65  208 
65  202 
1  269 
4  269 
5  269 
6  269 
8  269 
11  269 
12  269 
13  269 
15  269 
17  269 
21  269 
25  269 
26  269 
29  269 
34  269 
40  269 
47  269 
50  269 
52  269 
54  269 
55  269 
56  269 
57  269 
58  269 
59  269 
63  269 
64  269 
65  269 
201  203 
201  208 
204  203 
203  202 
269  207 
269  201 
269  204 
269  206 
269  205 
270  44 
270  173 
270  31 
270  230 
271  263 
271  7 
271  152 
271  270 
272  99 
272  156 
272  264 
272  271 
273  80 
273  79 
273  270 
273  104 
274  142 
274  178 
274  181 
274  47 
275  161 
275  200 
275  185 
275  182 
276  21 
276  66 
276  207 
276  190 
277  182 
277  269 
277  46 
277  264 
278  23 
278  94 
278  1 
278  224 
279  149 
279  159 
279  272 
279  156 
280  14 
280  207 
280  278 
280  272 
281  233 
281  47 
281  276 
281  278 
282  278 
282  273 
282  275 
282  182 
283  143 
283  219 
283  235 
283  64 
284  125 
284  75 
284  152 
284  34 
285  263 
285  277 
285  43 
285  36 
286  171 
286  274 
286  170 
286  192 
287  140 
287  181 
287  276 
287  150 
288  159 
288  167 
288  276 
288  60 
289  94 
289  286 
289  258 
289  69 
66  201 
66  204 
66  206 
66  269 
67  207 
68  201 
68  206 
68  205 
68  269 
69  206 
69  203 
69  202 
69  269 
290  212 
290  206 
290  75 
290  131 
291  68 
291  14 
291  107 
291  135 
292  92 
292  236 
292  147 
292  285 
293  29 
293  139 
293  240 
293  151 
294  224 
294  18 
294  175 
294  119 
295  158 
295  276 
295  271 
295  88 
296  81 
296  152 
296  264 
296  51 
297  280 
297  154 
297  295 
297  264 
298  168 
298  12 
298  51 
298  37 
299  92 
299  51 
299  220 
299  116 
300  1 
300  174 
300  125 
300  108 
301  62 
301  129 
301  110 
301  182 
302  212 
302  292 
302  49 
302  290 
303  291 
303  129 
303  280 
303  151 
304  114 
304  80 
304  237 
304  65 
305  270 
305  201 
305  117 
305  94 
306  276 
306  291 
306  126 
306  154 
307  295 
307  255 
307  301 
307  299 
308  15 
308  115 
308  250 
308  93 
309  87 
309  240 
309  154 
309  79 
70  207 
70  201 
70  204 
70  206 
70  205 
70  208 
70  202 
70  269 
310  69 
310  181 
310  86 
310  187 
311  176 
311  40 
311  31 
311  158 
312  60 
312  155 
312  23 
312  158 
313  57 
313  267 
313  161 
313  312 
314  164 
314  19 
314  261 
314  243 
315  21 
315  4 
315  231 
315  16 
316  83 
316  272 
316  148 
316  189 
317  174 
317  160 
317  173 
317  51 
318  120 
318  6 
318  177 
318  208 
319  314 
319  263 
319  168 
319  64 
320  87 
320  258 
320  150 
320  302 
321  210 
321  231 
321  257 
321  319 
322  213 
322  189 
322  149 
322  108 
323  17 
323  261 
323  31 
323  92 
324  105 
324  29 
324  286 
324  5 
325  290 
325  90 
325  40 
325  195 
326  148 
326  321 
326  295 
326  245 
327  245 
327  147 
327  308 
327  81 
328  252 
328  88 
328  57 
328  181 
329  160 
329  287 
329  140 
329  155 
 

