1  2 
1  3 
1  4 
1  5 
1  6 
1  7 
1  8 
1  9 
1  10 
2  3 
2  4 
2  5 
2  6 
2  7 
2  8 
2  9 
2  10 
3  4 
3  5 
3  6 
3  7 
3  8 
3  9 
3  10 
4  5 
4  6 
4  7 
4  8 
4  9 
4  10 
5  6 
5  7 
5  8 
5  9 
5  10 
6  7 
6  8 
6  9 
6  10 
7  8 
7  9 
7  10 
8  9 
8  10 
9  10 
11  7 
11  8 
11  1 
11  10 
12  1 
12  3 
12  10 
12  2 
13  2 
13  3 
13  10 
13  5 
14  10 
14  12 
14  9 
14  3 
15  11 
15  12 
15  8 
15  10 
16  1 
16  15 
16  10 
16  9 
17  10 
17  1 
17  3 
17  6 
18  10 
18  2 
18  9 
18  3 
19  11 
19  3 
19  9 
19  5 
20  6 
20  4 
20  5 
20  7 
21  10 
21  9 
21  1 
21  12 
22  19 
22  8 
22  11 
22  6 
23  12 
23  16 
23  7 
23  13 
24  3 
24  6 
24  9 
24  2 
25  3 
25  10 
25  7 
25  5 
26  2 
26  9 
26  23 
26  14 
27  3 
27  10 
27  6 
27  15 
28  7 
28  20 
28  9 
28  6 
29  2 
29  5 
29  7 
29  10 
30  9 
30  3 
30  17 
30  6 
31  10 
31  2 
31  9 
31  1 
32  4 
32  9 
32  19 
32  1 
33  14 
33  29 
33  16 
33  27 
34  11 
34  9 
34  1 
34  23 
35  9 
35  10 
35  28 
35  20 
36  7 
36  6 
36  16 
36  2 
37  10 
37  6 
37  7 
37  2 
38  10 
38  24 
38  36 
38  34 
39  7 
39  38 
39  31 
39  9 
40  27 
40  10 
40  21 
40  1 
41  33 
41  23 
41  16 
41  26 
42  16 
42  1 
42  3 
42  14 
43  7 
43  2 
43  5 
43  41 
44  6 
44  27 
44  7 
44  3 
45  16 
45  42 
45  4 
45  5 
46  35 
46  23 
46  33 
46  3 
47  10 
47  33 
47  7 
47  11 
48  6 
48  42 
48  4 
48  14 
49  5 
49  15 
49  27 
49  14 
50  3 
50  27 
50  35 
50  15 
51  15 
51  7 
51  2 
51  20 
52  10 
52  30 
52  7 
52  9 
53  9 
53  1 
53  14 
53  7 
54  10 
54  5 
54  16 
54  45 
55  4 
55  18 
55  22 
55  45 
56  51 
56  10 
56  43 
56  25 
57  47 
57  10 
57  56 
57  15 
58  7 
58  9 
58  41 
58  3 
59  45 
59  35 
59  2 
59  46 
60  9 
60  30 
60  7 
60  29 
61  33 
61  16 
61  9 
61  20 
62  11 
62  22 
62  57 
62  10 
63  12 
63  5 
63  27 
63  61 
64  9 
64  16 
64  51 
64  3 
65  9 
65  59 
65  1 
65  15 
66  57 
66  15 
66  17 
66  50 
67  4 
67  7 
67  27 
67  26 
68  11 
68  42 
68  8 
68  54 
69  29 
69  33 
69  57 
69  53 
70  1 
70  27 
70  9 
70  10 
71  3 
71  33 
71  37 
71  12 
72  12 
72  51 
72  66 
72  16 
73  66 
73  32 
73  49 
73  6 
74  45 
74  7 
74  67 
74  16 
75  3 
75  7 
75  56 
75  6 
76  11 
76  7 
76  27 
76  24 
77  9 
77  25 
77  6 
77  32 
78  10 
78  51 
78  57 
78  42 
79  9 
79  15 
79  35 
79  48 
80  6 
80  42 
80  32 
80  35 
81  39 
81  70 
81  26 
81  24 
82  9 
82  8 
82  11 
82  15 
83  42 
83  8 
83  5 
83  1 
84  32 
84  12 
84  8 
84  59 
85  61 
85  3 
85  1 
85  10 
86  40 
86  7 
86  2 
86  59 
87  39 
87  4 
87  77 
87  29 
88  67 
88  63 
88  51 
88  53 
89  23 
89  12 
89  15 
89  67 
90  11 
90  5 
90  9 
90  10 
91  15 
91  12 
91  49 
91  43 
92  14 
92  5 
92  42 
92  15 
93  77 
93  64 
93  60 
93  42 
94  16 
94  65 
94  11 
94  2 
95  74 
95  3 
95  94 
95  7 
96  2 
96  50 
96  69 
96  83 
97  54 
97  32 
97  14 
97  11 
98  15 
98  38 
98  34 
98  10 
99  15 
99  37 
99  10 
99  12 
100  12 
100  5 
100  49 
100  7 
101  40 
101  10 
101  11 
101  41 
102  6 
102  51 
102  11 
102  30 
103  10 
103  4 
103  97 
103  1 
104  24 
104  53 
104  1 
104  9 
105  5 
105  9 
105  77 
105  4 
106  101 
106  9 
106  2 
106  66 
107  28 
107  74 
107  3 
107  2 
108  7 
108  100 
108  106 
108  48 
109  9 
109  17 
109  85 
109  7 
110  11 
110  10 
110  80 
110  24 
111  29 
111  45 
111  107 
111  47 
112  2 
112  64 
112  83 
112  9 
113  67 
113  18 
113  9 
113  1 
114  106 
114  78 
114  28 
114  86 
115  19 
115  16 
115  43 
115  5 
116  63 
116  2 
116  28 
116  14 
117  9 
117  47 
117  17 
117  29 
118  10 
118  35 
118  1 
118  46 
119  22 
119  2 
119  6 
119  92 
120  3 
120  104 
120  7 
120  45 
121  49 
121  38 
121  100 
121  94 
122  14 
122  32 
122  69 
122  104 
123  8 
123  14 
123  74 
123  28 
124  26 
124  120 
124  7 
124  10 
125  14 
125  47 
125  89 
125  8 
126  4 
126  35 
126  10 
126  78 
127  4 
127  1 
127  67 
127  30 
128  10 
128  114 
128  15 
128  26 
129  26 
129  85 
129  11 
129  1 
130  18 
130  9 
130  41 
130  112 
131  45 
131  75 
131  81 
131  15 
132  25 
132  41 
132  47 
132  22 
133  9 
133  129 
133  8 
133  2 
134  14 
134  65 
134  51 
134  119 
135  53 
135  115 
135  18 
135  11 
136  15 
136  1 
136  32 
136  92 
137  78 
137  40 
137  101 
137  9 
138  119 
138  51 
138  9 
138  1 
139  5 
139  107 
139  9 
139  98 
140  66 
140  8 
140  34 
140  134 
141  8 
141  7 
141  1 
141  11 
142  139 
142  26 
142  14 
142  54 
143  7 
143  64 
143  116 
143  97 
144  71 
144  27 
144  64 
144  11 
145  107 
145  76 
145  83 
145  65 
146  1 
146  9 
146  2 
146  103 
147  94 
147  110 
147  6 
147  26 
148  3 
148  65 
148  85 
148  9 
149  106 
149  143 
149  142 
149  6 
150  1 
150  65 
150  3 
150  89 
151  9 
151  145 
151  19 
151  1 
152  11 
152  7 
152  65 
152  12 
153  11 
153  86 
153  111 
153  23 
154  16 
154  74 
154  26 
154  97 
155  149 
155  37 
155  81 
155  48 
156  2 
156  26 
156  27 
156  30 
157  104 
157  52 
157  10 
157  43 
158  66 
158  100 
158  30 
158  28 
159  83 
159  99 
159  40 
159  10 
160  73 
160  5 
160  67 
160  9 
161  103 
161  29 
161  15 
161  144 
162  132 
162  9 
162  57 
162  10 
163  98 
163  9 
163  15 
163  45 
164  48 
164  84 
164  8 
164  9 
165  41 
165  4 
165  69 
165  86 
166  96 
166  80 
166  92 
166  9 
167  62 
167  49 
167  85 
167  88 
168  54 
168  22 
168  9 
168  67 
169  9 
169  2 
169  87 
169  14 
170  3 
170  12 
170  41 
170  132 
171  3 
171  98 
171  73 
171  47 
172  61 
172  144 
172  42 
172  3 
173  28 
173  95 
173  82 
173  55 
174  96 
174  5 
174  97 
174  48 
175  100 
175  32 
175  10 
175  33 
176  85 
176  41 
176  138 
176  69 
177  153 
177  100 
177  2 
177  32 
178  8 
178  119 
178  14 
178  88 
179  78 
179  60 
179  53 
179  49 
180  123 
180  124 
180  9 
180  13 
181  2 
181  51 
181  26 
181  50 
182  6 
182  101 
182  10 
182  1 
183  28 
183  12 
183  148 
183  109 
184  35 
184  11 
184  140 
184  1 
185  4 
185  183 
185  138 
185  75 
186  6 
186  166 
186  20 
186  169 
187  68 
187  85 
187  25 
187  47 
188  34 
188  4 
188  26 
188  119 
189  26 
189  123 
189  64 
189  53 
190  45 
190  125 
190  26 
190  137 
191  183 
191  12 
191  148 
191  5 
192  9 
192  88 
192  89 
192  54 
193  31 
193  177 
193  100 
193  3 
194  58 
194  166 
194  74 
194  147 
195  15 
195  194 
195  103 
195  130 
196  84 
196  49 
196  50 
196  149 
197  6 
197  40 
197  10 
197  7 
198  181 
198  38 
198  197 
198  134 
199  60 
199  142 
199  96 
199  170 
200  195 
200  187 
200  32 
200  21 
1  201 
1  202 
1  203 
1  204 
1  205 
1  206 
1  207 
2  202 
2  203 
2  204 
2  205 
2  207 
3  201 
3  202 
3  208 
3  203 
3  205 
3  206 
3  207 
4  201 
4  208 
4  203 
4  204 
4  206 
4  207 
5  201 
5  202 
5  203 
5  205 
6  201 
6  205 
7  202 
7  208 
7  203 
7  204 
7  205 
7  207 
8  204 
8  206 
8  207 
9  202 
9  203 
9  204 
9  207 
10  201 
10  202 
10  204 
10  205 
10  207 
11  201 
11  202 
11  208 
11  203 
11  205 
11  207 
12  202 
12  206 
13  201 
13  202 
13  205 
13  206 
14  202 
14  203 
14  206 
14  207 
15  203 
15  205 
15  207 
16  201 
16  202 
16  203 
16  206 
17  202 
17  208 
17  206 
18  201 
18  202 
18  203 
18  206 
18  207 
19  202 
19  205 
19  206 
19  207 
20  201 
20  208 
20  205 
201  202 
202  208 
208  203 
203  204 
204  205 
205  206 
206  207 
201  203 
201  205 
202  203 
202  205 
202  206 
208  201 
208  204 
208  205 
208  206 
204  201 
204  202 
204  206 
206  203 
207  201 
207  208 
207  203 
207  204 
207  205 
209  97 
209  116 
209  82 
209  206 
210  38 
210  17 
210  198 
210  130 
211  197 
211  165 
211  205 
211  14 
212  154 
212  164 
212  135 
212  182 
213  160 
213  71 
213  52 
213  210 
214  148 
214  48 
214  17 
214  41 
215  41 
215  149 
215  63 
215  178 
216  114 
216  101 
216  135 
216  155 
217  185 
217  187 
217  216 
217  37 
218  159 
218  98 
218  154 
218  136 
219  210 
219  139 
219  206 
219  193 
220  210 
220  135 
220  123 
220  87 
221  215 
221  220 
221  183 
221  149 
222  153 
222  71 
222  84 
222  49 
223  185 
223  76 
223  17 
223  219 
224  14 
224  101 
224  200 
224  102 
225  203 
225  87 
225  68 
225  58 
226  130 
226  185 
226  159 
226  212 
227  200 
227  52 
227  112 
227  102 
228  97 
228  209 
228  135 
228  154 
229  71 
229  201 
229  87 
229  76 
230  39 
230  226 
230  40 
230  127 
231  71 
231  214 
231  156 
231  41 
232  127 
232  216 
232  228 
232  192 
233  53 
233  226 
233  165 
233  176 
234  209 
234  210 
234  38 
234  185 
235  156 
235  220 
235  39 
235  42 
236  166 
236  235 
236  159 
236  111 
237  41 
237  213 
237  159 
237  50 
238  200 
238  123 
238  130 
238  179 
239  149 
239  188 
239  216 
239  165 
240  200 
240  59 
240  102 
240  87 
241  50 
241  127 
241  40 
241  226 
242  80 
242  137 
242  187 
242  19 
243  223 
243  178 
243  209 
243  206 
244  233 
244  98 
244  124 
244  193 
245  232 
245  117 
245  41 
245  135 
246  221 
246  188 
246  166 
246  202 
247  4 
247  244 
247  200 
247  49 
248  49 
248  210 
248  132 
248  219 
249  244 
249  85 
249  222 
249  98 
250  40 
250  240 
250  193 
250  47 
251  226 
251  68 
251  39 
251  156 
252  211 
252  243 
252  45 
252  220 
253  137 
253  65 
253  88 
253  94 
254  159 
254  249 
254  235 
254  87 
255  226 
255  217 
255  27 
255  139 
256  65 
256  210 
256  74 
256  87 
257  20 
257  27 
257  248 
257  34 
258  13 
258  140 
258  166 
258  19 
259  157 
259  4 
259  248 
259  143 
260  20 
260  84 
260  126 
260  18 
261  212 
261  192 
261  207 
261  70 
262  49 
262  117 
262  42 
262  98 
263  28 
263  186 
263  200 
263  123 
264  58 
264  82 
264  105 
264  216 
265  239 
265  259 
265  220 
265  188 
266  78 
266  23 
266  73 
266  138 
267  223 
267  158 
267  221 
267  246 
268  262 
268  132 
268  28 
268  191 
269  225 
269  85 
269  22 
269  68 
270  146 
270  212 
270  242 
270  259 
271  149 
271  173 
271  241 
271  209 
272  261 
272  136 
272  117 
272  6 
273  199 
273  198 
273  79 
273  85 
274  272 
274  161 
274  261 
274  155 
275  220 
275  6 
275  156 
275  132 
276  231 
276  185 
276  207 
276  234 
277  266 
277  26 
277  156 
277  242 
278  57 
278  266 
278  112 
278  54 
279  274 
279  137 
279  85 
279  269 
280  173 
280  6 
280  230 
280  52 
281  270 
281  260 
281  277 
281  209 
282  260 
282  227 
282  81 
282  21 
283  230 
283  185 
283  104 
283  33 
284  78 
284  194 
284  270 
284  25 
285  150 
285  172 
285  54 
285  225 
286  85 
286  282 
286  117 
286  178 
287  127 
287  180 
287  55 
287  57 
288  161 
288  265 
288  2 
288  57 
289  225 
289  252 
289  271 
289  156 
290  255 
290  152 
290  85 
290  4 
291  37 
291  160 
291  248 
291  49 
292  115 
292  136 
292  219 
292  28 
293  42 
293  112 
293  28 
293  233 
294  55 
294  276 
294  269 
294  286 
295  35 
295  149 
295  95 
295  153 
296  188 
296  107 
296  291 
296  293 
297  279 
297  294 
297  200 
297  55 
298  229 
298  156 
298  220 
298  176 
299  266 
299  287 
299  37 
299  172 
300  208 
300  14 
300  12 
300  80 
301  126 
301  282 
301  136 
301  53 
302  98 
302  37 
302  294 
302  243 
303  277 
303  77 
303  134 
303  280 
304  207 
304  126 
304  204 
304  101 
305  261 
305  279 
305  187 
305  293 
306  34 
306  64 
306  281 
306  45 
307  104 
307  271 
307  157 
307  230 
308  288 
308  274 
308  229 
308  14 
309  228 
309  145 
309  177 
309  237 
310  61 
310  68 
310  8 
310  49 
311  15 
311  86 
311  273 
311  186 
312  153 
312  200 
312  174 
312  5 
313  265 
313  310 
313  154 
313  174 
314  174 
314  67 
314  53 
314  265 
315  300 
315  79 
315  141 
315  59 
316  175 
316  63 
316  110 
316  50 
317  30 
317  132 
317  316 
317  264 
318  89 
318  248 
318  313 
318  214 
319  8 
319  34 
319  165 
319  80 
320  154 
320  33 
320  123 
320  280 
321  143 
321  33 
321  171 
321  77 
322  318 
322  305 
322  273 
322  251 
323  277 
323  311 
323  314 
323  290 
324  88 
324  77 
324  257 
324  50 
325  164 
325  259 
325  313 
325  299 
326  202 
326  30 
326  311 
326  88 
327  245 
327  283 
327  313 
327  157 
328  34 
328  109 
328  84 
328  154 
329  298 
329  142 
329  100 
329  209 
330  271 
330  73 
330  214 
330  215 
331  216 
331  283 
331  325 
331  55 
332  60 
332  316 
332  94 
332  141 
333  317 
333  311 
333  230 
333  277 
334  278 
334  328 
334  153 
334  207 
335  329 
335  83 
335  210 
335  123 
336  319 
336  142 
336  278 
336  39 
337  316 
337  311 
337  326 
337  329 
338  267 
338  251 
338  290 
338  252 
339  246 
339  315 
339  325 
339  338 
340  39 
340  16 
340  93 
340  226 
341  110 
341  88 
341  330 
341  178 
342  226 
342  330 
342  316 
342  318 
343  5 
343  240 
343  222 
343  339 
344  111 
344  256 
344  220 
344  257 
345  89 
345  327 
345  240 
345  33 
346  241 
346  343 
346  5 
346  212 
347  326 
347  187 
347  136 
347  304 
348  137 
348  322 
348  258 
348  226 
349  43 
349  15 
349  329 
349  220 
350  71 
350  342 
350  150 
350  323 
351  264 
351  187 
351  71 
351  67 
352  240 
352  250 
352  216 
352  88 
353  315 
353  329 
353  321 
353  247 
354  327 
354  225 
354  312 
354  11 
355  293 
355  308 
355  60 
355  284 
356  30 
356  297 
356  298 
356  8 
357  155 
357  89 
357  59 
357  349 
358  87 
358  325 
358  13 
358  158 
 

