1  2 
1  3 
1  4 
1  5 
1  6 
1  7 
1  8 
1  9 
1  10 
2  3 
2  4 
2  5 
2  6 
2  7 
2  8 
2  9 
2  10 
3  4 
3  5 
3  6 
3  7 
3  8 
3  9 
3  10 
4  5 
4  6 
4  7 
4  8 
4  9 
4  10 
5  6 
5  7 
5  8 
5  9 
5  10 
6  7 
6  8 
6  9 
6  10 
7  8 
7  9 
7  10 
8  9 
8  10 
9  10 
11  5 
11  1 
11  7 
11  6 
12  9 
12  1 
12  10 
12  8 
13  9 
13  5 
13  12 
13  6 
14  11 
14  7 
14  5 
14  9 
15  5 
15  10 
15  11 
15  9 
16  6 
16  13 
16  4 
16  1 
17  8 
17  2 
17  6 
17  16 
18  10 
18  1 
18  14 
18  4 
19  10 
19  4 
19  8 
19  9 
20  4 
20  15 
20  5 
20  7 
21  12 
21  2 
21  18 
21  9 
22  15 
22  17 
22  5 
22  16 
23  6 
23  1 
23  5 
23  10 
24  14 
24  9 
24  7 
24  11 
25  22 
25  24 
25  12 
25  4 
26  11 
26  4 
26  2 
26  12 
27  8 
27  11 
27  5 
27  4 
28  2 
28  4 
28  20 
28  26 
29  25 
29  6 
29  12 
29  16 
30  20 
30  9 
30  6 
30  11 
31  25 
31  1 
31  10 
31  21 
32  5 
32  17 
32  2 
32  11 
33  29 
33  4 
33  20 
33  21 
34  7 
34  13 
34  12 
34  4 
35  2 
35  13 
35  26 
35  9 
36  15 
36  13 
36  4 
36  11 
37  11 
37  15 
37  5 
37  17 
38  19 
38  4 
38  9 
38  12 
39  5 
39  29 
39  8 
39  4 
40  29 
40  23 
40  2 
40  21 
41  34 
41  6 
41  39 
41  9 
42  7 
42  15 
42  10 
42  6 
43  9 
43  38 
43  2 
43  4 
44  6 
44  5 
44  1 
44  4 
45  17 
45  6 
45  15 
45  2 
46  5 
46  22 
46  9 
46  35 
47  4 
47  5 
47  29 
47  16 
48  6 
48  39 
48  12 
48  15 
49  7 
49  29 
49  22 
49  26 
50  11 
50  1 
50  29 
50  10 
51  13 
51  4 
51  12 
51  42 
52  29 
52  7 
52  9 
52  17 
53  16 
53  25 
53  43 
53  9 
54  30 
54  50 
54  31 
54  26 
55  34 
55  29 
55  3 
55  4 
56  34 
56  46 
56  52 
56  51 
57  1 
57  53 
57  38 
57  8 
58  43 
58  11 
58  4 
58  12 
59  2 
59  58 
59  16 
59  21 
60  17 
60  33 
60  15 
60  22 
61  58 
61  25 
61  2 
61  12 
62  13 
62  29 
62  9 
62  53 
63  17 
63  13 
63  11 
63  44 
64  9 
64  40 
64  26 
64  36 
65  40 
65  36 
65  46 
65  2 
66  11 
66  44 
66  36 
66  32 
67  61 
67  11 
67  48 
67  53 
68  10 
68  50 
68  14 
68  26 
69  29 
69  25 
69  40 
69  21 
70  4 
70  7 
70  13 
70  17 
71  47 
71  6 
71  58 
71  3 
72  9 
72  7 
72  56 
72  30 
73  30 
73  7 
73  20 
73  5 
74  12 
74  46 
74  58 
74  2 
75  16 
75  7 
75  6 
75  38 
76  18 
76  8 
76  9 
76  4 
77  8 
77  11 
77  9 
77  29 
78  9 
78  77 
78  21 
78  15 
79  73 
79  36 
79  42 
79  28 
80  22 
80  70 
80  18 
80  4 
81  47 
81  56 
81  30 
81  12 
82  76 
82  6 
82  77 
82  9 
83  45 
83  1 
83  17 
83  25 
84  9 
84  62 
84  11 
84  61 
85  1 
85  50 
85  73 
85  6 
86  7 
86  53 
86  73 
86  30 
87  5 
87  35 
87  79 
87  26 
88  42 
88  74 
88  9 
88  46 
89  11 
89  29 
89  84 
89  8 
90  9 
90  7 
90  73 
90  80 
91  7 
91  8 
91  21 
91  6 
92  39 
92  28 
92  29 
92  58 
93  43 
93  81 
93  9 
93  5 
94  20 
94  47 
94  85 
94  18 
95  4 
95  56 
95  35 
95  59 
96  4 
96  16 
96  84 
96  6 
97  37 
97  7 
97  36 
97  64 
98  34 
98  21 
98  79 
98  11 
99  47 
99  65 
99  7 
99  5 
100  56 
100  81 
100  89 
100  93 
101  6 
101  89 
101  18 
101  42 
102  8 
102  10 
102  82 
102  19 
103  19 
103  82 
103  78 
103  15 
104  1 
104  20 
104  3 
104  54 
105  5 
105  3 
105  86 
105  29 
106  5 
106  83 
106  73 
106  15 
107  74 
107  37 
107  83 
107  70 
108  9 
108  85 
108  42 
108  35 
109  92 
109  45 
109  26 
109  101 
110  7 
110  6 
110  70 
110  10 
111  5 
111  42 
111  93 
111  14 
112  16 
112  29 
112  11 
112  52 
113  14 
113  4 
113  6 
113  61 
114  62 
114  91 
114  6 
114  71 
115  42 
115  8 
115  2 
115  83 
116  20 
116  8 
116  79 
116  3 
117  16 
117  26 
117  58 
117  15 
118  95 
118  30 
118  7 
118  6 
119  100 
119  108 
119  5 
119  110 
120  5 
120  42 
120  20 
120  7 
121  19 
121  70 
121  59 
121  34 
122  1 
122  2 
122  55 
122  11 
123  4 
123  20 
123  6 
123  113 
124  37 
124  80 
124  17 
124  20 
125  29 
125  39 
125  35 
125  11 
126  121 
126  9 
126  71 
126  40 
127  9 
127  3 
127  18 
127  11 
128  111 
128  9 
128  73 
128  72 
129  19 
129  6 
129  65 
129  4 
130  21 
130  50 
130  101 
130  12 
131  10 
131  54 
131  41 
131  64 
132  95 
132  31 
132  3 
132  1 
133  11 
133  2 
133  93 
133  109 
134  102 
134  6 
134  3 
134  33 
135  84 
135  8 
135  93 
135  6 
136  37 
136  58 
136  61 
136  63 
137  1 
137  58 
137  5 
137  89 
138  7 
138  105 
138  28 
138  12 
139  133 
139  53 
139  61 
139  109 
140  29 
140  7 
140  47 
140  56 
141  12 
141  110 
141  7 
141  70 
142  15 
142  78 
142  95 
142  79 
143  44 
143  47 
143  14 
143  9 
144  41 
144  19 
144  12 
144  44 
145  82 
145  88 
145  4 
145  80 
146  8 
146  59 
146  81 
146  35 
147  62 
147  19 
147  130 
147  9 
148  122 
148  98 
148  6 
148  19 
149  128 
149  5 
149  79 
149  145 
150  2 
150  13 
150  18 
150  12 
151  62 
151  82 
151  70 
151  15 
152  26 
152  11 
152  2 
152  7 
153  117 
153  142 
153  36 
153  130 
154  42 
154  88 
154  5 
154  30 
155  14 
155  15 
155  59 
155  82 
156  5 
156  72 
156  130 
156  73 
157  6 
157  9 
157  46 
157  110 
158  6 
158  110 
158  101 
158  3 
159  2 
159  123 
159  136 
159  54 
160  73 
160  4 
160  109 
160  13 
161  2 
161  53 
161  12 
161  136 
162  110 
162  111 
162  160 
162  121 
163  65 
163  120 
163  60 
163  67 
164  13 
164  107 
164  2 
164  31 
165  53 
165  116 
165  1 
165  19 
166  9 
166  79 
166  11 
166  148 
167  34 
167  109 
167  102 
167  3 
168  9 
168  106 
168  5 
168  95 
169  147 
169  49 
169  85 
169  112 
170  62 
170  5 
170  89 
170  93 
171  31 
171  30 
171  25 
171  1 
172  81 
172  12 
172  93 
172  6 
173  31 
173  90 
173  166 
173  134 
174  95 
174  143 
174  6 
174  41 
175  43 
175  3 
175  150 
175  144 
176  62 
176  92 
176  34 
176  39 
177  160 
177  167 
177  60 
177  57 
178  7 
178  136 
178  36 
178  88 
179  168 
179  41 
179  153 
179  19 
180  62 
180  34 
180  63 
180  60 
181  50 
181  117 
181  59 
181  161 
182  5 
182  9 
182  82 
182  90 
183  2 
183  152 
183  6 
183  5 
184  134 
184  93 
184  167 
184  126 
185  148 
185  153 
185  32 
185  145 
186  26 
186  156 
186  57 
186  95 
187  4 
187  43 
187  120 
187  93 
188  142 
188  36 
188  25 
188  99 
189  134 
189  122 
189  146 
189  12 
190  94 
190  11 
190  52 
190  62 
191  17 
191  6 
191  25 
191  42 
192  21 
192  190 
192  31 
192  82 
193  34 
193  145 
193  58 
193  29 
194  153 
194  10 
194  132 
194  42 
195  12 
195  156 
195  131 
195  54 
196  130 
196  84 
196  20 
196  31 
197  1 
197  61 
197  75 
197  26 
198  9 
198  61 
198  22 
198  105 
199  3 
199  61 
199  84 
199  93 
200  44 
200  38 
200  5 
200  33 
1  201 
1  202 
1  203 
1  204 
2  201 
2  202 
2  205 
3  206 
3  202 
3  203 
3  207 
3  204 
4  201 
4  208 
4  205 
5  206 
5  202 
5  207 
6  201 
6  206 
6  208 
6  205 
6  203 
6  204 
7  206 
7  208 
7  203 
7  207 
8  206 
9  201 
9  208 
10  206 
10  202 
10  208 
10  205 
10  203 
10  204 
11  202 
11  205 
12  208 
12  205 
12  203 
13  207 
13  204 
14  208 
14  205 
14  203 
14  207 
15  201 
15  206 
15  202 
15  208 
15  207 
15  204 
16  206 
16  202 
16  205 
16  203 
16  207 
16  204 
17  206 
17  202 
17  205 
17  207 
18  206 
18  208 
18  205 
18  203 
18  207 
18  204 
19  202 
19  203 
20  206 
20  202 
20  208 
20  203 
21  202 
21  208 
21  205 
21  207 
22  206 
22  202 
23  206 
23  202 
23  203 
23  207 
24  206 
24  202 
24  203 
24  204 
25  201 
25  202 
25  208 
25  205 
25  207 
25  204 
26  206 
26  202 
26  204 
27  201 
27  206 
27  204 
28  201 
28  202 
28  208 
28  207 
29  201 
29  206 
29  202 
29  205 
29  207 
30  202 
30  205 
30  203 
30  207 
30  204 
31  201 
31  206 
31  208 
31  205 
31  207 
32  202 
32  208 
32  203 
33  201 
33  206 
33  208 
33  207 
34  201 
34  205 
34  203 
34  204 
35  201 
35  206 
35  208 
35  203 
35  204 
36  201 
36  206 
36  202 
36  203 
36  207 
36  204 
37  202 
37  208 
37  204 
38  201 
38  202 
38  205 
38  207 
39  202 
39  208 
39  205 
40  201 
40  206 
40  205 
40  207 
40  204 
41  208 
41  205 
41  207 
41  204 
42  206 
42  203 
43  201 
43  206 
43  202 
43  205 
43  203 
43  207 
44  201 
44  206 
44  205 
44  203 
44  207 
44  204 
45  208 
45  203 
46  201 
46  206 
46  202 
46  208 
46  205 
46  203 
46  207 
46  204 
47  201 
47  208 
47  205 
47  203 
47  207 
47  204 
48  206 
48  202 
48  205 
48  203 
48  207 
49  201 
49  202 
49  208 
49  203 
50  202 
50  208 
50  203 
50  207 
201  206 
206  202 
202  208 
208  205 
205  203 
203  207 
207  204 
201  205 
201  203 
201  207 
206  205 
206  207 
202  201 
208  206 
203  206 
203  202 
207  208 
207  205 
204  208 
204  203 
51  201 
51  206 
51  202 
51  205 
51  203 
51  207 
51  204 
52  201 
52  206 
52  207 
52  204 
209  200 
209  47 
209  142 
209  157 
210  200 
210  142 
210  187 
210  183 
211  168 
211  206 
211  53 
211  54 
212  75 
212  205 
212  9 
212  196 
213  28 
213  202 
213  93 
213  18 
214  209 
214  24 
214  149 
214  51 
215  135 
215  185 
215  212 
215  9 
216  210 
216  213 
216  182 
216  194 
217  89 
217  163 
217  7 
217  176 
218  88 
218  212 
218  200 
218  53 
219  170 
219  147 
219  65 
219  194 
220  106 
220  184 
220  212 
220  206 
221  155 
221  181 
221  5 
221  149 
222  123 
222  168 
222  111 
222  138 
223  219 
223  152 
223  221 
223  150 
224  210 
224  26 
224  212 
224  221 
225  195 
225  131 
225  163 
225  217 
226  147 
226  120 
226  211 
226  117 
227  153 
227  201 
227  78 
227  194 
228  44 
228  201 
228  212 
228  123 
53  208 
53  205 
53  204 
54  201 
54  206 
54  202 
54  205 
54  207 
54  204 
55  201 
55  207 
229  149 
229  177 
229  169 
229  84 
230  149 
230  107 
230  16 
230  117 
231  187 
231  50 
231  105 
231  4 
232  221 
232  120 
232  212 
232  199 
233  94 
233  188 
233  37 
233  232 
234  102 
234  150 
234  83 
234  60 
235  106 
235  76 
235  66 
235  30 
236  10 
236  234 
236  19 
236  18 
237  233 
237  231 
237  10 
237  218 
238  230 
238  232 
238  227 
238  228 
239  12 
239  91 
239  75 
239  94 
240  10 
240  239 
240  122 
240  23 
241  81 
241  100 
241  154 
241  233 
242  95 
242  136 
242  4 
242  234 
243  216 
243  69 
243  122 
243  238 
244  231 
244  173 
244  241 
244  234 
245  234 
245  180 
245  216 
245  48 
246  141 
246  29 
246  10 
246  123 
247  100 
247  23 
247  142 
247  234 
248  118 
248  196 
248  236 
248  240 
56  206 
56  208 
56  204 
249  132 
249  94 
249  203 
249  84 
250  79 
250  156 
250  82 
250  87 
251  55 
251  249 
251  117 
251  211 
252  154 
252  249 
252  134 
252  62 
253  192 
253  51 
253  234 
253  14 
254  90 
254  245 
254  197 
254  158 
255  92 
255  118 
255  159 
255  63 
256  10 
256  216 
256  119 
256  143 
257  127 
257  20 
257  143 
257  94 
258  216 
258  251 
258  99 
258  4 
259  38 
259  28 
259  249 
259  172 
260  245 
260  224 
260  130 
260  92 
261  208 
261  177 
261  171 
261  160 
262  43 
262  154 
262  209 
262  261 
263  191 
263  255 
263  223 
263  75 
264  220 
264  177 
264  219 
264  79 
265  193 
265  177 
265  127 
265  104 
266  251 
266  81 
266  55 
266  82 
267  194 
267  243 
267  116 
267  203 
268  159 
268  255 
268  118 
268  261 
57  201 
57  202 
57  208 
57  205 
57  204 
3  269 
7  269 
8  269 
9  269 
10  269 
11  269 
12  269 
18  269 
20  269 
21  269 
23  269 
26  269 
28  269 
29  269 
30  269 
31  269 
32  269 
33  269 
34  269 
35  269 
37  269 
38  269 
39  269 
41  269 
45  269 
49  269 
52  269 
55  269 
56  269 
201  208 
201  204 
208  203 
207  202 
204  206 
269  206 
269  202 
269  208 
269  203 
269  207 
270  251 
270  114 
270  145 
270  110 
271  219 
271  270 
271  5 
271  69 
272  148 
272  202 
272  1 
272  232 
273  56 
273  29 
273  214 
273  36 
274  181 
274  46 
274  235 
274  32 
275  14 
275  243 
275  254 
275  196 
276  120 
276  86 
276  54 
276  89 
277  245 
277  218 
277  275 
277  36 
278  106 
278  85 
278  17 
278  12 
279  137 
279  231 
279  83 
279  36 
280  107 
280  97 
280  205 
280  173 
281  277 
281  111 
281  271 
281  230 
282  61 
282  202 
282  188 
282  274 
283  232 
283  16 
283  179 
283  217 
284  194 
284  1 
284  7 
284  35 
285  144 
285  137 
285  219 
285  22 
286  109 
286  224 
286  281 
286  78 
287  62 
287  91 
287  5 
287  97 
288  194 
288  182 
288  114 
288  37 
289  16 
289  159 
289  17 
289  103 
58  201 
58  202 
58  205 
58  203 
58  269 
59  201 
59  206 
59  202 
60  201 
60  202 
60  205 
60  203 
60  207 
61  201 
61  206 
61  202 
61  205 
61  203 
61  204 
62  201 
62  202 
62  205 
62  204 
290  198 
290  32 
290  199 
290  3 
291  193 
291  213 
291  207 
291  259 
292  28 
292  166 
292  152 
292  230 
293  155 
293  37 
293  233 
293  93 
294  245 
294  149 
294  65 
294  210 
295  31 
295  86 
295  95 
295  42 
296  141 
296  222 
296  166 
296  124 
297  192 
297  232 
297  142 
297  246 
298  234 
298  115 
298  63 
298  277 
299  188 
299  290 
299  265 
299  173 
300  86 
300  35 
300  253 
300  224 
301  121 
301  206 
301  87 
301  271 
302  173 
302  28 
302  254 
302  217 
303  210 
303  28 
303  50 
303  230 
304  96 
304  141 
304  277 
304  234 
305  86 
305  298 
305  159 
305  303 
306  206 
306  155 
306  140 
306  235 
307  241 
307  303 
307  301 
307  217 
308  206 
308  293 
308  253 
308  291 
309  300 
309  141 
309  64 
309  5 
63  206 
63  202 
63  208 
63  205 
63  204 
310  245 
310  2 
310  11 
310  159 
311  50 
311  190 
311  104 
311  17 
312  163 
312  68 
312  277 
312  153 
313  183 
313  254 
313  206 
313  90 
314  274 
314  299 
314  116 
314  147 
315  79 
315  137 
315  48 
315  77 
316  294 
316  16 
316  123 
316  163 
317  85 
317  127 
317  174 
317  185 
318  199 
318  294 
318  210 
318  153 
319  271 
319  177 
319  36 
319  264 
320  162 
320  38 
320  191 
320  44 
321  310 
321  105 
321  311 
321  173 
322  311 
322  102 
322  272 
322  313 
323  92 
323  137 
323  30 
323  101 
324  77 
324  68 
324  24 
324  90 
325  220 
325  254 
325  24 
325  324 
326  267 
326  20 
326  151 
326  89 
327  290 
327  141 
327  158 
327  77 
328  98 
328  94 
328  217 
328  310 
329  104 
329  227 
329  294 
329  318 
64  205 
64  204 
64  269 
65  206 
65  208 
65  204 
330  68 
330  132 
330  89 
330  14 
331  36 
331  55 
331  213 
331  216 
332  195 
332  287 
332  42 
332  273 
333  49 
333  26 
333  319 
333  294 
334  299 
334  269 
334  201 
334  261 
335  9 
335  52 
335  201 
335  167 
336  323 
336  330 
336  301 
336  306 
337  39 
337  87 
337  31 
337  331 
338  54 
338  334 
338  139 
338  255 
339  127 
339  263 
339  99 
339  187 
340  113 
340  62 
340  121 
340  2 
341  217 
341  224 
341  323 
341  236 
342  341 
342  154 
342  318 
342  339 
343  169 
343  113 
343  305 
343  19 
344  341 
344  39 
344  172 
344  50 
345  223 
345  330 
345  106 
345  308 
346  340 
346  307 
346  62 
346  1 
347  24 
347  231 
347  42 
347  1 
348  87 
348  269 
348  110 
348  231 
349  323 
349  345 
349  322 
349  14 
66  201 
66  208 
66  205 
66  204 
66  269 
67  206 
67  203 
67  204 
68  201 
68  206 
68  208 
68  203 
68  207 
68  269 
69  204 
70  201 
70  208 
70  207 
70  269 
350  161 
350  335 
350  246 
350  65 
351  43 
351  202 
351  250 
351  271 
352  146 
352  185 
352  174 
352  95 
353  117 
353  328 
353  31 
353  225 
354  162 
354  158 
354  222 
354  294 
355  264 
355  57 
355  94 
355  6 
356  31 
356  318 
356  268 
356  254 
357  222 
357  347 
357  182 
357  177 
358  138 
358  28 
358  94 
358  126 
359  30 
359  62 
359  203 
359  358 
360  129 
360  35 
360  229 
360  112 
361  328 
361  239 
361  313 
361  196 
362  17 
362  31 
362  164 
362  130 
363  277 
363  189 
363  48 
363  226 
364  181 
364  334 
364  86 
364  303 
365  219 
365  102 
365  160 
365  348 
366  156 
366  166 
366  277 
366  12 
367  262 
367  95 
367  355 
367  365 
368  280 
368  121 
368  71 
368  116 
369  279 
369  316 
369  82 
369  111 
71  206 
71  203 
71  204 
71  269 
72  202 
72  208 
72  205 
72  204 
72  269 
73  206 
73  208 
73  203 
73  204 
73  269 
74  201 
74  206 
74  203 
74  207 
74  204 
74  269 
75  206 
75  208 
75  205 
75  203 
75  207 
370  217 
370  145 
370  85 
370  225 
371  239 
371  243 
371  266 
371  352 
372  179 
372  58 
372  225 
372  251 
373  34 
373  256 
373  172 
373  15 
374  320 
374  287 
374  341 
374  243 
375  228 
375  43 
375  320 
375  38 
376  43 
376  164 
376  242 
376  309 
377  107 
377  136 
377  373 
377  375 
378  278 
378  179 
378  255 
378  82 
379  98 
379  281 
379  34 
379  160 
380  373 
380  263 
380  370 
380  160 
381  370 
381  375 
381  373 
381  140 
382  4 
382  47 
382  144 
382  313 
383  329 
383  268 
383  370 
383  373 
384  183 
384  268 
384  45 
384  365 
385  228 
385  20 
385  137 
385  1 
386  209 
386  179 
386  370 
386  345 
387  248 
387  262 
387  373 
387  56 
388  372 
388  375 
388  377 
388  385 
389  194 
389  220 
389  302 
389  356 
76  202 
76  207 
77  206 
77  202 
77  208 
77  205 
77  203 
77  207 
390  97 
390  239 
390  81 
390  339 
391  282 
391  354 
391  76 
391  89 
392  49 
392  11 
392  222 
392  285 
393  211 
393  99 
393  49 
393  19 
394  381 
394  206 
394  348 
394  99 
395  149 
395  391 
395  130 
395  118 
396  262 
396  256 
396  47 
396  169 
397  390 
397  72 
397  338 
397  25 
398  69 
398  390 
398  287 
398  380 
399  49 
399  264 
399  88 
399  226 
400  181 
400  397 
400  209 
400  266 
401  224 
401  280 
401  287 
401  45 
402  116 
402  380 
402  49 
402  176 
403  16 
403  63 
403  173 
403  44 
404  167 
404  99 
404  5 
404  401 
405  30 
405  402 
405  16 
405  311 
406  48 
406  187 
406  176 
406  397 
407  192 
407  402 
407  263 
407  308 
408  256 
408  394 
408  397 
408  231 
409  162 
409  273 
409  192 
409  237 
78  208 
78  204 
79  201 
79  207 
79  204 
79  269 
80  201 
80  206 
80  208 
80  203 
80  269 
81  201 
81  206 
81  208 
81  203 
81  207 
81  204 
81  269 
410  131 
410  320 
410  194 
410  233 
411  117 
411  145 
411  336 
411  128 
412  292 
412  37 
412  18 
412  182 
413  345 
413  214 
413  255 
413  320 
414  342 
414  311 
414  122 
414  281 
415  245 
415  213 
415  149 
415  317 
416  361 
416  409 
416  275 
416  85 
417  270 
417  125 
417  292 
417  105 
418  1 
418  411 
418  294 
418  413 
419  11 
419  380 
419  130 
419  314 
420  184 
420  372 
420  340 
420  356 
421  403 
421  137 
421  196 
421  65 
422  303 
422  368 
422  147 
422  297 
423  49 
423  78 
423  135 
423  62 
424  296 
424  416 
424  420 
424  359 
425  38 
425  247 
425  297 
425  8 
426  75 
426  131 
426  380 
426  322 
427  105 
427  14 
427  213 
427  397 
428  18 
428  427 
428  366 
428  189 
429  324 
429  177 
429  28 
429  93 
82  206 
82  202 
82  203 
82  269 
83  206 
83  202 
83  208 
83  205 
83  203 
430  349 
430  383 
430  166 
430  140 
431  271 
431  168 
431  106 
431  251 
432  23 
432  92 
432  270 
432  58 
433  1 
433  69 
433  331 
433  387 
434  75 
434  58 
434  164 
434  146 
435  198 
435  15 
435  382 
435  97 
436  247 
436  284 
436  420 
436  42 
437  12 
437  273 
437  120 
437  285 
438  269 
438  181 
438  434 
438  315 
439  168 
439  73 
439  201 
439  114 
440  222 
440  430 
440  364 
440  268 
441  430 
441  161 
441  440 
441  431 
442  55 
442  216 
442  437 
442  352 
443  1 
443  256 
443  58 
443  48 
444  205 
444  392 
444  396 
444  281 
445  273 
445  121 
445  100 
445  394 
446  58 
446  353 
446  6 
446  162 
447  292 
447  157 
447  162 
447  247 
448  443 
448  80 
448  431 
448  311 
449  431 
449  419 
449  179 
449  356 
84  205 
84  207 
84  204 
85  201 
85  206 
85  202 
85  205 
85  203 
85  207 
85  204 
85  269 
86  201 
86  206 
86  202 
86  208 
86  207 
86  204 
86  269 
87  202 
87  208 
87  207 
87  269 
88  206 
88  205 
88  203 
450  421 
450  66 
450  339 
450  398 
451  447 
451  446 
451  310 
451  276 
452  284 
452  387 
452  58 
452  311 
453  296 
453  251 
453  120 
453  252 
454  35 
454  120 
454  299 
454  316 
455  33 
455  420 
455  419 
455  361 
456  292 
456  293 
456  39 
456  339 
457  110 
457  389 
457  44 
457  88 
458  143 
458  454 
458  451 
458  183 
459  203 
459  22 
459  110 
459  253 
460  195 
460  451 
460  143 
460  170 
461  450 
461  12 
461  289 
461  422 
462  35 
462  409 
462  436 
462  407 
463  236 
463  179 
463  262 
463  199 
464  331 
464  413 
464  405 
464  454 
465  320 
465  4 
465  378 
465  284 
466  359 
466  239 
466  97 
466  222 
467  96 
467  462 
467  55 
467  341 
468  276 
468  23 
468  368 
468  229 
469  369 
469  461 
469  49 
469  303 
89  203 
89  269 
90  206 
90  205 
90  207 
90  204 
90  269 
91  201 
91  202 
91  208 
91  205 
91  203 
91  204 
470  119 
470  266 
470  259 
470  329 
471  346 
471  259 
471  194 
471  71 
472  8 
472  334 
472  449 
472  22 
473  4 
473  248 
473  112 
473  359 
474  153 
474  66 
474  186 
474  67 
475  15 
475  367 
475  309 
475  75 
476  474 
476  413 
476  272 
476  60 
477  372 
477  264 
477  183 
477  307 
478  418 
478  219 
478  243 
478  93 
479  316 
479  287 
479  382 
479  226 
480  154 
480  131 
480  26 
480  408 
481  264 
481  339 
481  60 
481  429 
482  203 
482  72 
482  427 
482  369 
483  4 
483  211 
483  422 
483  172 
484  183 
484  363 
484  471 
484  474 
485  391 
485  344 
485  474 
485  112 
486  479 
486  471 
486  308 
486  151 
487  144 
487  128 
487  56 
487  417 
488  306 
488  473 
488  84 
488  121 
489  59 
489  431 
489  475 
489  26 
92  201 
92  206 
92  207 
93  201 
93  205 
93  207 
93  204 
490  281 
490  191 
490  297 
490  86 
491  86 
491  179 
491  243 
491  490 
492  249 
492  30 
492  324 
492  306 
493  463 
493  409 
493  304 
493  329 
494  292 
494  244 
494  361 
494  323 
495  490 
495  482 
495  295 
495  459 
496  241 
496  334 
496  433 
496  89 
497  359 
497  234 
497  322 
497  495 
498  218 
498  187 
498  359 
498  372 
499  126 
499  51 
499  329 
499  258 
500  467 
500  343 
500  204 
500  7 
501  374 
501  103 
501  262 
501  344 
502  166 
502  338 
502  499 
502  475 
503  493 
503  30 
503  421 
503  226 
504  300 
504  181 
504  495 
504  18 
505  495 
505  388 
505  291 
505  377 
506  342 
506  350 
506  396 
506  140 
507  489 
507  157 
507  195 
507  188 
508  491 
508  457 
508  248 
508  476 
509  342 
509  150 
509  79 
509  148 
 

