1  2 
1  3 
1  4 
1  5 
1  6 
1  7 
1  8 
1  9 
1  10 
2  3 
2  4 
2  5 
2  6 
2  7 
2  8 
2  9 
2  10 
3  4 
3  5 
3  6 
3  7 
3  8 
3  9 
3  10 
4  5 
4  6 
4  7 
4  8 
4  9 
4  10 
5  6 
5  7 
5  8 
5  9 
5  10 
6  7 
6  8 
6  9 
6  10 
7  8 
7  9 
7  10 
8  9 
8  10 
9  10 
11  1 
11  5 
11  7 
11  3 
12  2 
12  4 
12  7 
12  3 
13  7 
13  3 
13  5 
13  6 
14  8 
14  7 
14  2 
14  4 
15  2 
15  10 
15  1 
15  11 
16  3 
16  2 
16  14 
16  10 
17  13 
17  2 
17  12 
17  10 
18  4 
18  2 
18  9 
18  3 
19  4 
19  3 
19  7 
19  9 
20  2 
20  13 
20  9 
20  4 
21  13 
21  8 
21  3 
21  18 
22  10 
22  9 
22  3 
22  19 
23  19 
23  4 
23  8 
23  5 
24  17 
24  8 
24  11 
24  2 
25  4 
25  19 
25  8 
25  13 
26  4 
26  7 
26  2 
26  16 
27  6 
27  2 
27  10 
27  23 
28  11 
28  9 
28  3 
28  4 
29  4 
29  19 
29  2 
29  7 
30  18 
30  2 
30  1 
30  10 
31  2 
31  27 
31  13 
31  4 
32  7 
32  15 
32  2 
32  27 
33  23 
33  1 
33  4 
33  14 
34  27 
34  23 
34  13 
34  4 
35  10 
35  19 
35  6 
35  2 
36  3 
36  23 
36  4 
36  2 
37  4 
37  23 
37  1 
37  5 
38  2 
38  27 
38  3 
38  16 
39  7 
39  20 
39  24 
39  15 
40  6 
40  17 
40  29 
40  9 
41  26 
41  2 
41  6 
41  5 
42  24 
42  35 
42  19 
42  1 
43  24 
43  4 
43  15 
43  39 
44  9 
44  5 
44  3 
44  4 
45  31 
45  7 
45  27 
45  8 
46  15 
46  7 
46  19 
46  30 
47  20 
47  8 
47  1 
47  12 
48  25 
48  5 
48  27 
48  29 
49  14 
49  26 
49  10 
49  3 
50  4 
50  41 
50  7 
50  49 
51  6 
51  4 
51  36 
51  9 
52  51 
52  28 
52  11 
52  12 
53  7 
53  26 
53  12 
53  36 
54  10 
54  14 
54  3 
54  52 
55  8 
55  6 
55  46 
55  9 
56  30 
56  6 
56  3 
56  41 
57  9 
57  19 
57  24 
57  4 
58  52 
58  13 
58  4 
58  5 
59  31 
59  30 
59  49 
59  4 
60  3 
60  28 
60  4 
60  2 
61  5 
61  39 
61  27 
61  41 
62  7 
62  21 
62  3 
62  14 
63  10 
63  20 
63  3 
63  17 
64  23 
64  11 
64  3 
64  9 
65  6 
65  26 
65  16 
65  5 
66  6 
66  4 
66  13 
66  1 
67  6 
67  4 
67  5 
67  27 
68  4 
68  15 
68  3 
68  9 
69  16 
69  2 
69  38 
69  27 
70  4 
70  13 
70  2 
70  57 
71  23 
71  27 
71  4 
71  5 
72  47 
72  24 
72  3 
72  42 
73  39 
73  38 
73  4 
73  12 
74  2 
74  42 
74  26 
74  11 
75  12 
75  3 
75  24 
75  19 
76  63 
76  23 
76  4 
76  36 
77  47 
77  35 
77  14 
77  6 
78  66 
78  24 
78  74 
78  32 
79  4 
79  1 
79  5 
79  7 
80  8 
80  12 
80  14 
80  47 
81  9 
81  4 
81  15 
81  27 
82  76 
82  10 
82  39 
82  18 
83  10 
83  24 
83  58 
83  8 
84  11 
84  73 
84  7 
84  3 
85  4 
85  5 
85  41 
85  24 
86  85 
86  19 
86  68 
86  27 
87  3 
87  13 
87  35 
87  11 
88  47 
88  4 
88  10 
88  70 
89  81 
89  2 
89  8 
89  86 
90  24 
90  3 
90  31 
90  84 
91  76 
91  39 
91  49 
91  78 
92  9 
92  60 
92  1 
92  27 
93  16 
93  75 
93  7 
93  4 
94  76 
94  44 
94  4 
94  7 
95  89 
95  4 
95  19 
95  30 
96  6 
96  9 
96  2 
96  86 
97  1 
97  13 
97  30 
97  8 
98  90 
98  61 
98  26 
98  24 
99  2 
99  36 
99  69 
99  46 
100  50 
100  4 
100  5 
100  6 
101  47 
101  13 
101  2 
101  26 
102  19 
102  9 
102  23 
102  8 
103  10 
103  31 
103  82 
103  28 
104  4 
104  1 
104  59 
104  14 
105  42 
105  28 
105  2 
105  1 
106  89 
106  3 
106  54 
106  41 
107  1 
107  86 
107  39 
107  34 
108  9 
108  61 
108  88 
108  54 
109  2 
109  84 
109  86 
109  1 
110  9 
110  27 
110  5 
110  4 
111  60 
111  6 
111  5 
111  18 
112  35 
112  4 
112  46 
112  41 
113  39 
113  3 
113  85 
113  4 
114  13 
114  42 
114  9 
114  18 
115  19 
115  89 
115  65 
115  75 
116  7 
116  11 
116  65 
116  80 
117  13 
117  28 
117  22 
117  67 
118  13 
118  10 
118  16 
118  88 
119  110 
119  27 
119  112 
119  16 
120  97 
120  92 
120  4 
120  66 
121  112 
121  53 
121  38 
121  21 
122  1 
122  22 
122  37 
122  49 
123  95 
123  6 
123  76 
123  14 
124  73 
124  15 
124  3 
124  2 
125  64 
125  7 
125  56 
125  49 
126  69 
126  24 
126  73 
126  1 
127  114 
127  126 
127  113 
127  2 
128  116 
128  37 
128  2 
128  68 
129  97 
129  21 
129  69 
129  27 
130  32 
130  27 
130  3 
130  103 
131  12 
131  20 
131  103 
131  5 
132  23 
132  95 
132  19 
132  12 
133  103 
133  105 
133  24 
133  130 
134  4 
134  9 
134  11 
134  101 
135  7 
135  22 
135  27 
135  10 
136  52 
136  71 
136  14 
136  20 
137  10 
137  116 
137  7 
137  6 
138  111 
138  48 
138  77 
138  49 
139  75 
139  10 
139  129 
139  114 
140  10 
140  4 
140  19 
140  16 
141  119 
141  5 
141  81 
141  73 
142  91 
142  24 
142  1 
142  6 
143  97 
143  3 
143  135 
143  77 
144  4 
144  73 
144  95 
144  5 
145  1 
145  25 
145  106 
145  39 
146  5 
146  4 
146  131 
146  91 
147  23 
147  56 
147  10 
147  2 
148  8 
148  84 
148  119 
148  2 
149  14 
149  39 
149  1 
149  103 
150  52 
150  110 
150  97 
150  34 
151  94 
151  123 
151  16 
151  77 
152  20 
152  4 
152  11 
152  76 
153  39 
153  46 
153  4 
153  105 
154  152 
154  2 
154  27 
154  9 
155  46 
155  93 
155  114 
155  111 
156  58 
156  4 
156  121 
156  27 
157  105 
157  10 
157  19 
157  28 
158  2 
158  19 
158  146 
158  7 
159  8 
159  36 
159  29 
159  148 
160  115 
160  82 
160  152 
160  30 
161  90 
161  6 
161  83 
161  113 
162  22 
162  1 
162  49 
162  95 
163  9 
163  28 
163  13 
163  121 
164  11 
164  20 
164  23 
164  44 
165  13 
165  7 
165  87 
165  159 
166  3 
166  62 
166  37 
166  47 
167  3 
167  105 
167  83 
167  67 
168  19 
168  2 
168  12 
168  149 
169  49 
169  126 
169  104 
169  20 
170  38 
170  162 
170  146 
170  75 
171  101 
171  94 
171  21 
171  82 
172  35 
172  2 
172  4 
172  19 
173  9 
173  113 
173  49 
173  79 
174  54 
174  102 
174  113 
174  168 
175  41 
175  3 
175  116 
175  40 
176  10 
176  117 
176  54 
176  83 
177  47 
177  4 
177  123 
177  142 
178  6 
178  13 
178  17 
178  5 
179  8 
179  111 
179  44 
179  54 
180  94 
180  85 
180  114 
180  11 
181  8 
181  47 
181  111 
181  129 
182  159 
182  4 
182  13 
182  125 
183  178 
183  1 
183  49 
183  42 
184  55 
184  173 
184  8 
184  125 
185  2 
185  35 
185  151 
185  98 
186  73 
186  7 
186  14 
186  4 
187  126 
187  67 
187  20 
187  159 
188  125 
188  83 
188  1 
188  40 
189  54 
189  3 
189  46 
189  89 
190  168 
190  27 
190  77 
190  152 
191  43 
191  2 
191  142 
191  59 
192  126 
192  37 
192  96 
192  43 
193  76 
193  116 
193  171 
193  34 
194  99 
194  52 
194  5 
194  73 
195  69 
195  13 
195  172 
195  75 
196  45 
196  9 
196  85 
196  105 
197  173 
197  14 
197  76 
197  132 
198  76 
198  13 
198  30 
198  4 
199  7 
199  1 
199  80 
199  165 
200  82 
200  5 
200  105 
200  139 
1  201 
1  202 
1  203 
2  204 
2  203 
2  205 
2  206 
3  207 
3  203 
3  208 
3  205 
3  206 
4  207 
4  202 
4  203 
4  208 
4  205 
5  201 
5  204 
5  202 
5  206 
6  201 
6  204 
6  208 
6  205 
6  206 
7  207 
7  201 
7  206 
8  204 
8  202 
8  203 
8  208 
9  207 
9  201 
9  204 
9  208 
10  207 
10  203 
10  208 
10  206 
11  204 
11  203 
11  208 
11  206 
12  202 
12  203 
12  208 
12  205 
12  206 
13  202 
13  208 
14  203 
14  205 
14  206 
15  201 
15  203 
15  205 
15  206 
16  207 
16  204 
16  203 
16  205 
17  201 
17  204 
17  206 
18  201 
18  202 
18  203 
18  206 
19  207 
19  204 
19  205 
20  204 
20  203 
20  206 
21  201 
21  204 
21  203 
21  206 
22  201 
22  202 
22  208 
22  205 
22  206 
23  204 
23  208 
23  205 
24  207 
24  204 
24  208 
25  207 
25  201 
25  203 
25  208 
25  205 
26  207 
26  204 
26  202 
26  203 
26  206 
27  207 
27  201 
27  202 
27  203 
28  207 
28  201 
28  204 
28  203 
28  205 
29  201 
29  202 
29  208 
29  205 
30  207 
30  201 
30  204 
31  207 
31  201 
31  204 
31  208 
31  205 
31  206 
32  207 
32  204 
32  205 
32  206 
33  201 
33  202 
33  205 
34  204 
34  202 
34  203 
34  205 
35  204 
35  203 
35  208 
35  205 
36  207 
36  204 
36  203 
36  205 
36  206 
37  207 
37  201 
37  203 
37  208 
37  206 
38  202 
39  207 
39  202 
39  205 
40  207 
40  201 
40  202 
40  203 
40  208 
41  207 
41  204 
41  202 
41  208 
42  207 
42  204 
42  202 
42  203 
42  205 
43  207 
43  201 
43  205 
44  207 
44  202 
44  203 
44  208 
44  206 
45  207 
45  202 
45  208 
45  206 
46  201 
46  204 
46  202 
46  203 
46  208 
46  205 
47  207 
47  204 
47  202 
47  203 
47  208 
48  207 
48  204 
48  203 
48  206 
49  207 
49  202 
49  206 
50  201 
50  204 
50  203 
50  208 
50  206 
207  201 
201  204 
204  202 
202  203 
203  208 
208  205 
205  206 
207  204 
207  202 
201  208 
202  208 
203  207 
203  201 
203  204 
203  205 
205  207 
205  204 
206  207 
206  202 
206  203 
206  208 
51  204 
51  202 
51  203 
51  206 
52  201 
52  208 
52  206 
53  201 
53  203 
53  208 
53  206 
209  80 
209  106 
209  198 
209  71 
210  31 
210  44 
210  36 
210  19 
211  166 
211  108 
211  41 
211  61 
212  118 
212  120 
212  205 
212  49 
213  211 
213  41 
213  45 
213  161 
214  61 
214  65 
214  200 
214  195 
215  141 
215  109 
215  35 
215  210 
216  209 
216  39 
216  175 
216  115 
217  186 
217  31 
217  67 
217  209 
218  61 
218  110 
218  112 
218  214 
219  210 
219  164 
219  177 
219  20 
220  139 
220  61 
220  214 
220  165 
221  31 
221  220 
221  131 
221  11 
222  120 
222  131 
222  211 
222  205 
223  79 
223  199 
223  105 
223  118 
224  126 
224  61 
224  83 
224  154 
225  217 
225  214 
225  3 
225  210 
226  201 
226  177 
226  214 
226  16 
227  76 
227  209 
227  22 
227  221 
228  88 
228  224 
228  59 
228  80 
54  201 
54  204 
54  203 
54  208 
54  205 
55  204 
55  202 
55  208 
55  206 
229  148 
229  93 
229  199 
229  61 
230  137 
230  83 
230  96 
230  30 
231  143 
231  162 
231  225 
231  220 
232  100 
232  230 
232  159 
232  99 
233  34 
233  200 
233  75 
233  159 
234  132 
234  230 
234  43 
234  191 
235  107 
235  55 
235  234 
235  214 
236  132 
236  230 
236  108 
236  100 
237  14 
237  235 
237  99 
237  90 
238  194 
238  137 
238  15 
238  123 
239  222 
239  147 
239  16 
239  179 
240  207 
240  94 
240  196 
240  153 
241  143 
241  53 
241  37 
241  221 
242  230 
242  66 
242  229 
242  185 
243  35 
243  153 
243  16 
243  239 
244  194 
244  55 
244  189 
244  160 
245  16 
245  180 
245  159 
245  240 
246  240 
246  239 
246  233 
246  16 
247  180 
247  237 
247  230 
247  95 
248  124 
248  37 
248  203 
248  150 
56  207 
56  201 
56  204 
56  203 
57  207 
57  202 
57  205 
57  206 
58  207 
58  201 
58  204 
58  203 
58  208 
58  205 
59  201 
59  202 
59  203 
59  205 
249  93 
249  228 
249  244 
249  84 
250  78 
250  6 
250  201 
250  212 
251  133 
251  203 
251  60 
251  23 
252  138 
252  28 
252  245 
252  103 
253  252 
253  70 
253  240 
253  18 
254  28 
254  113 
254  57 
254  118 
255  247 
255  132 
255  108 
255  210 
256  189 
256  212 
256  96 
256  83 
257  28 
257  41 
257  57 
257  250 
258  189 
258  193 
258  74 
258  49 
259  73 
259  2 
259  5 
259  217 
260  202 
260  259 
260  9 
260  190 
261  181 
261  118 
261  251 
261  235 
262  74 
262  249 
262  253 
262  73 
263  175 
263  99 
263  158 
263  262 
264  255 
264  4 
264  190 
264  70 
265  255 
265  97 
265  148 
265  210 
266  34 
266  78 
266  262 
266  167 
267  197 
267  8 
267  136 
267  245 
268  96 
268  231 
268  69 
268  108 
60  207 
60  201 
60  202 
60  203 
60  205 
60  206 
61  207 
61  201 
61  204 
61  202 
61  208 
62  207 
62  202 
62  208 
62  205 
62  206 
63  207 
63  201 
63  202 
63  205 
63  206 
2  269 
3  269 
4  269 
5  269 
6  269 
7  269 
10  269 
11  269 
12  269 
13  269 
14  269 
20  269 
24  269 
31  269 
36  269 
37  269 
38  269 
39  269 
42  269 
43  269 
45  269 
46  269 
47  269 
48  269 
49  269 
50  269 
54  269 
55  269 
56  269 
207  208 
201  202 
201  205 
201  206 
202  205 
269  207 
269  204 
269  205 
270  267 
270  222 
270  88 
270  41 
271  23 
271  207 
271  66 
271  49 
272  3 
272  10 
272  4 
272  195 
273  101 
273  190 
273  146 
273  197 
274  131 
274  77 
274  195 
274  176 
275  180 
275  108 
275  216 
275  246 
276  129 
276  113 
276  1 
276  245 
277  219 
277  151 
277  200 
277  4 
278  231 
278  189 
278  83 
278  151 
279  224 
279  18 
279  140 
279  190 
280  43 
280  270 
280  36 
280  28 
281  200 
281  98 
281  166 
281  188 
282  243 
282  115 
282  210 
282  93 
283  125 
283  170 
283  36 
283  270 
284  202 
284  276 
284  111 
284  158 
285  57 
285  115 
285  236 
285  222 
286  180 
286  275 
286  246 
286  25 
287  272 
287  253 
287  251 
287  271 
288  270 
288  286 
288  216 
288  261 
289  280 
289  66 
289  287 
289  19 
64  201 
64  204 
64  202 
64  205 
290  168 
290  62 
290  44 
290  105 
291  214 
291  156 
291  142 
291  48 
292  150 
292  5 
292  56 
292  79 
293  245 
293  283 
293  132 
293  226 
294  234 
294  117 
294  194 
294  169 
295  289 
295  106 
295  107 
295  50 
296  78 
296  12 
296  201 
296  254 
297  26 
297  191 
297  6 
297  165 
298  268 
298  270 
298  295 
298  62 
299  6 
299  191 
299  132 
299  254 
300  131 
300  95 
300  239 
300  150 
301  102 
301  158 
301  189 
301  295 
302  93 
302  115 
302  267 
302  60 
303  150 
303  40 
303  224 
303  238 
304  9 
304  270 
304  297 
304  75 
305  237 
305  301 
305  173 
305  296 
306  150 
306  53 
306  300 
306  215 
307  142 
307  34 
307  62 
307  41 
308  78 
308  122 
308  37 
308  107 
309  4 
309  184 
309  269 
309  131 
65  207 
65  201 
65  204 
65  202 
65  208 
65  205 
66  207 
66  201 
66  202 
66  203 
66  206 
66  269 
67  207 
67  201 
67  204 
67  202 
67  205 
310  226 
310  309 
310  138 
310  221 
311  280 
311  17 
311  165 
311  77 
312  101 
312  217 
312  74 
312  155 
313  30 
313  160 
313  258 
313  307 
314  160 
314  67 
314  204 
314  288 
315  233 
315  265 
315  87 
315  266 
316  193 
316  71 
316  257 
316  83 
317  71 
317  156 
317  52 
317  308 
318  280 
318  121 
318  72 
318  240 
319  132 
319  100 
319  200 
319  292 
320  112 
320  87 
320  288 
320  100 
321  78 
321  113 
321  67 
321  5 
322  3 
322  50 
322  301 
322  70 
323  206 
323  273 
323  204 
323  310 
324  180 
324  7 
324  116 
324  158 
325  182 
325  96 
325  303 
325  227 
326  324 
326  183 
326  233 
326  310 
327  312 
327  240 
327  183 
327  42 
328  311 
328  51 
328  283 
328  321 
329  309 
329  3 
329  274 
329  193 
68  201 
68  204 
68  203 
68  208 
68  269 
69  201 
69  204 
69  202 
69  208 
69  205 
69  269 
70  201 
70  202 
70  203 
70  208 
70  206 
70  269 
330  104 
330  106 
330  146 
330  246 
331  91 
331  245 
331  329 
331  76 
332  112 
332  90 
332  203 
332  223 
333  283 
333  79 
333  255 
333  100 
334  295 
334  85 
334  296 
334  135 
335  160 
335  145 
335  238 
335  245 
336  259 
336  174 
336  220 
336  7 
337  212 
337  173 
337  269 
337  189 
338  335 
338  213 
338  203 
338  157 
339  282 
339  202 
339  337 
339  13 
340  32 
340  286 
340  122 
340  141 
341  157 
341  236 
341  321 
341  188 
342  243 
342  285 
342  29 
342  218 
343  341 
343  17 
343  74 
343  44 
344  332 
344  119 
344  212 
344  262 
345  81 
345  138 
345  260 
345  90 
346  227 
346  104 
346  167 
346  323 
347  338 
347  335 
347  186 
347  107 
348  70 
348  8 
348  175 
348  259 
349  346 
349  338 
349  191 
349  260 
71  202 
71  205 
71  269 
72  207 
72  204 
72  203 
72  208 
72  205 
72  206 
72  269 
73  207 
73  202 
73  208 
73  269 
74  204 
74  203 
74  208 
350  117 
350  286 
350  315 
350  78 
351  229 
351  271 
351  272 
351  181 
352  104 
352  267 
352  296 
352  31 
353  93 
353  199 
353  347 
353  271 
354  334 
354  199 
354  305 
354  292 
355  276 
355  197 
355  145 
355  172 
356  320 
356  43 
356  37 
356  144 
357  292 
357  55 
357  269 
357  340 
358  306 
358  49 
358  60 
358  351 
359  267 
359  350 
359  87 
359  14 
360  230 
360  19 
360  152 
360  170 
361  57 
361  119 
361  272 
361  355 
362  152 
362  100 
362  308 
362  337 
363  248 
363  67 
363  124 
363  284 
364  210 
364  27 
364  227 
364  105 
365  69 
365  56 
365  255 
365  364 
366  272 
366  55 
366  57 
366  350 
367  115 
367  269 
367  138 
367  364 
368  127 
368  115 
368  241 
368  367 
369  302 
369  152 
369  170 
369  57 
75  204 
75  202 
75  208 
75  269 
76  207 
76  204 
76  202 
76  203 
76  208 
76  206 
77  207 
77  201 
77  202 
77  203 
77  208 
77  205 
370  107 
370  367 
370  187 
370  153 
371  39 
371  344 
371  209 
371  360 
372  215 
372  16 
372  312 
372  93 
373  60 
373  158 
373  19 
373  228 
374  228 
374  314 
374  270 
374  130 
375  356 
375  28 
375  191 
375  306 
376  228 
376  17 
376  159 
376  200 
377  176 
377  283 
377  193 
377  319 
378  153 
378  136 
378  271 
378  370 
379  1 
379  150 
379  175 
379  318 
380  93 
380  119 
380  117 
380  271 
381  113 
381  327 
381  82 
381  373 
382  174 
382  271 
382  232 
382  136 
383  260 
383  280 
383  159 
383  136 
384  209 
384  80 
384  142 
384  177 
385  275 
385  350 
385  342 
385  52 
386  337 
386  13 
386  374 
386  375 
387  169 
387  189 
387  130 
387  331 
388  267 
388  314 
388  334 
388  231 
389  370 
389  288 
389  93 
389  82 
78  207 
78  201 
78  202 
78  203 
78  205 
390  367 
390  230 
390  151 
390  79 
391  28 
391  348 
391  50 
391  104 
392  152 
392  176 
392  249 
392  102 
393  391 
393  175 
393  54 
393  381 
394  312 
394  25 
394  335 
394  191 
395  204 
395  214 
395  303 
395  305 
396  251 
396  68 
396  152 
396  372 
397  393 
397  381 
397  278 
397  252 
398  385 
398  103 
398  78 
398  114 
399  239 
399  398 
399  387 
399  375 
400  332 
400  172 
400  357 
400  160 
401  61 
401  358 
401  60 
401  211 
402  48 
402  392 
402  146 
402  397 
403  305 
403  81 
403  344 
403  137 
404  264 
404  221 
404  280 
404  58 
405  75 
405  335 
405  186 
405  88 
406  40 
406  393 
406  143 
406  292 
407  305 
407  378 
407  297 
407  318 
408  20 
408  398 
408  327 
408  125 
409  381 
409  379 
409  324 
409  146 
79  204 
79  202 
79  205 
79  269 
80  201 
80  202 
80  206 
80  269 
410  272 
410  105 
410  92 
410  80 
411  84 
411  402 
411  396 
411  92 
412  292 
412  2 
412  411 
412  260 
413  160 
413  118 
413  361 
413  97 
414  33 
414  4 
414  148 
414  75 
415  295 
415  33 
415  95 
415  188 
416  150 
416  202 
416  60 
416  73 
417  36 
417  195 
417  112 
417  75 
418  213 
418  20 
418  100 
418  260 
419  282 
419  418 
419  365 
419  69 
420  413 
420  263 
420  416 
420  384 
421  418 
421  126 
421  210 
421  251 
422  215 
422  338 
422  118 
422  295 
423  303 
423  193 
423  416 
423  323 
424  78 
424  97 
424  24 
424  319 
425  148 
425  89 
425  260 
425  62 
426  338 
426  379 
426  282 
426  264 
427  59 
427  286 
427  329 
427  276 
428  313 
428  207 
428  308 
428  31 
429  271 
429  242 
429  268 
429  115 
81  207 
81  208 
81  206 
430  223 
430  152 
430  174 
430  3 
431  113 
431  164 
431  414 
431  385 
432  2 
432  23 
432  290 
432  160 
433  165 
433  126 
433  304 
433  423 
434  289 
434  82 
434  252 
434  248 
435  188 
435  240 
435  67 
435  46 
436  320 
436  343 
436  159 
436  298 
437  401 
437  43 
437  92 
437  60 
438  160 
438  363 
438  409 
438  11 
439  61 
439  252 
439  269 
439  396 
440  434 
440  435 
440  1 
440  124 
441  240 
441  51 
441  383 
441  297 
442  42 
442  8 
442  75 
442  346 
443  131 
443  221 
443  407 
443  38 
444  150 
444  57 
444  312 
444  240 
445  314 
445  419 
445  4 
445  83 
446  10 
446  109 
446  335 
446  48 
447  75 
447  188 
447  358 
447  297 
448  420 
448  150 
448  346 
448  343 
449  439 
449  289 
449  285 
449  434 
82  201 
82  204 
82  205 
83  202 
83  208 
83  205 
84  207 
84  203 
84  208 
84  205 
84  206 
85  207 
85  208 
85  205 
86  204 
86  202 
86  203 
86  208 
86  206 
86  269 
450  313 
450  44 
450  218 
450  139 
451  146 
451  340 
451  114 
451  9 
452  9 
452  336 
452  239 
452  406 
453  267 
453  232 
453  47 
453  222 
454  51 
454  54 
454  8 
454  391 
455  176 
455  318 
455  376 
455  217 
456  436 
456  246 
456  453 
456  429 
457  187 
457  380 
457  448 
457  378 
458  191 
458  180 
458  239 
458  263 
459  69 
459  123 
459  287 
459  457 
460  170 
460  254 
460  287 
460  368 
461  398 
461  377 
461  448 
461  187 
462  459 
462  94 
462  192 
462  154 
463  109 
463  328 
463  421 
463  271 
464  94 
464  117 
464  456 
464  239 
465  41 
465  180 
465  118 
465  53 
466  300 
466  227 
466  457 
466  53 
467  301 
467  459 
467  368 
467  257 
468  406 
468  296 
468  247 
468  461 
469  147 
469  225 
469  360 
469  85 
87  201 
87  202 
87  203 
87  205 
87  269 
88  204 
88  202 
88  203 
88  208 
88  206 
89  207 
89  203 
89  208 
89  269 
90  207 
90  269 
470  461 
470  36 
470  79 
470  143 
471  254 
471  315 
471  355 
471  339 
472  326 
472  262 
472  386 
472  209 
473  141 
473  449 
473  400 
473  175 
474  122 
474  339 
474  156 
474  435 
475  369 
475  48 
475  357 
475  38 
476  469 
476  232 
476  151 
476  206 
477  145 
477  475 
477  222 
477  366 
478  151 
478  401 
478  213 
478  440 
479  357 
479  147 
479  464 
479  389 
480  137 
480  411 
480  20 
480  240 
481  102 
481  395 
481  62 
481  327 
482  326 
482  473 
482  396 
482  224 
483  369 
483  163 
483  395 
483  259 
484  52 
484  290 
484  442 
484  240 
485  326 
485  357 
485  450 
485  476 
486  391 
486  140 
486  448 
486  71 
487  224 
487  309 
487  4 
487  457 
488  476 
488  303 
488  12 
488  387 
489  232 
489  474 
489  186 
489  130 
91  201 
91  204 
91  208 
91  205 
91  269 
92  207 
92  201 
92  204 
92  269 
93  207 
93  205 
93  206 
94  204 
94  208 
94  205 
94  206 
94  269 
490  353 
490  58 
490  294 
490  75 
491  293 
491  305 
491  298 
491  308 
492  245 
492  356 
492  103 
492  209 
493  57 
493  30 
493  194 
493  187 
494  202 
494  447 
494  37 
494  334 
495  352 
495  421 
495  447 
495  342 
496  490 
496  414 
496  390 
496  142 
497  165 
497  392 
497  412 
497  260 
498  244 
498  408 
498  447 
498  483 
499  468 
499  118 
499  77 
499  312 
500  167 
500  239 
500  492 
500  475 
501  3 
501  263 
501  428 
501  294 
502  313 
502  210 
502  429 
502  500 
503  259 
503  502 
503  363 
503  302 
504  360 
504  411 
504  355 
504  432 
505  503 
505  478 
505  252 
505  82 
506  421 
506  431 
506  490 
506  307 
507  170 
507  380 
507  403 
507  247 
508  66 
508  506 
508  304 
508  200 
509  274 
509  492 
509  247 
509  276 
95  204 
95  203 
95  206 
96  201 
96  203 
96  206 
96  269 
97  207 
97  202 
97  203 
510  429 
510  305 
510  74 
510  473 
511  23 
511  141 
511  308 
511  489 
512  483 
512  138 
512  150 
512  205 
513  496 
513  53 
513  11 
513  99 
514  421 
514  439 
514  257 
514  205 
515  122 
515  191 
515  41 
515  249 
516  414 
516  247 
516  471 
516  167 
517  180 
517  337 
517  319 
517  191 
518  505 
518  516 
518  56 
518  21 
519  500 
519  127 
519  385 
519  238 
520  187 
520  411 
520  127 
520  407 
521  76 
521  180 
521  408 
521  99 
522  294 
522  207 
522  449 
522  518 
523  307 
523  219 
523  264 
523  424 
524  485 
524  307 
524  411 
524  522 
525  229 
525  456 
525  337 
525  445 
526  250 
526  127 
526  157 
526  249 
527  450 
527  501 
527  483 
527  401 
528  138 
528  185 
528  462 
528  468 
529  523 
529  147 
529  132 
529  274 
98  207 
98  202 
98  203 
98  205 
98  269 
99  208 
99  205 
100  207 
100  201 
100  204 
100  202 
100  203 
100  205 
100  206 
100  269 
101  207 
1  530 
2  530 
5  530 
8  530 
10  530 
11  530 
13  530 
15  530 
16  530 
17  530 
19  530 
20  530 
22  530 
23  530 
26  530 
27  530 
28  530 
30  530 
34  530 
36  530 
39  530 
41  530 
42  530 
44  530 
45  530 
46  530 
47  530 
50  530 
52  530 
53  530 
54  530 
55  530 
56  530 
58  530 
60  530 
62  530 
63  530 
64  530 
68  530 
71  530 
72  530 
73  530 
74  530 
75  530 
77  530 
78  530 
81  530 
83  530 
84  530 
85  530 
86  530 
90  530 
92  530 
93  530 
94  530 
95  530 
98  530 
99  530 
100  530 
206  269 
201  269 
204  206 
203  269 
208  204 
269  202 
530  207 
530  201 
530  204 
530  203 
530  208 
530  205 
531  491 
531  489 
531  87 
531  527 
532  16 
532  417 
532  406 
532  106 
533  423 
533  248 
533  95 
533  152 
534  450 
534  420 
534  342 
534  158 
535  248 
535  112 
535  48 
535  81 
536  508 
536  283 
536  425 
536  471 
537  467 
537  284 
537  492 
537  295 
538  117 
538  46 
538  251 
538  150 
539  456 
539  260 
539  536 
539  108 
540  9 
540  153 
540  84 
540  111 
541  68 
541  111 
541  539 
541  136 
542  42 
542  48 
542  247 
542  70 
543  29 
543  471 
543  482 
543  268 
544  450 
544  508 
544  534 
544  200 
545  118 
545  186 
545  235 
545  454 
546  362 
546  177 
546  114 
546  103 
547  422 
547  200 
547  49 
547  314 
548  307 
548  101 
548  342 
548  159 
549  89 
549  139 
549  339 
549  134 
550  10 
550  118 
550  3 
550  91 
102  207 
102  204 
102  202 
102  203 
551  264 
551  265 
551  253 
551  440 
552  112 
552  150 
552  49 
552  311 
553  20 
553  277 
553  226 
553  201 
554  20 
554  6 
554  35 
554  25 
555  277 
555  539 
555  51 
555  148 
556  310 
556  227 
556  256 
556  274 
557  482 
557  475 
557  145 
557  183 
558  136 
558  369 
558  235 
558  61 
559  425 
559  105 
559  27 
559  220 
560  391 
560  210 
560  425 
560  550 
561  98 
561  145 
561  560 
561  23 
562  260 
562  68 
562  559 
562  132 
563  263 
563  77 
563  265 
563  226 
564  282 
564  538 
564  501 
564  324 
565  456 
565  4 
565  52 
565  402 
566  403 
566  557 
566  518 
566  150 
567  183 
567  380 
567  210 
567  273 
568  274 
568  496 
568  111 
568  445 
569  98 
569  209 
569  456 
569  23 
570  519 
570  59 
570  98 
570  194 
 

