1  2 
1  3 
1  4 
1  5 
1  6 
1  7 
1  8 
1  9 
1  10 
2  3 
2  4 
2  5 
2  6 
2  7 
2  8 
2  9 
2  10 
3  4 
3  5 
3  6 
3  7 
3  8 
3  9 
3  10 
4  5 
4  6 
4  7 
4  8 
4  9 
4  10 
5  6 
5  7 
5  8 
5  9 
5  10 
6  7 
6  8 
6  9 
6  10 
7  8 
7  9 
7  10 
8  9 
8  10 
9  10 
11  10 
11  3 
11  4 
11  8 
12  4 
12  5 
12  9 
12  6 
13  5 
13  7 
13  10 
13  9 
14  3 
14  10 
14  1 
14  8 
15  11 
15  2 
15  13 
15  12 
16  9 
16  5 
16  10 
16  2 
17  6 
17  15 
17  5 
17  7 
18  7 
18  9 
18  11 
18  6 
19  5 
19  12 
19  3 
19  8 
20  2 
20  5 
20  8 
20  4 
21  19 
21  18 
21  2 
21  4 
22  3 
22  7 
22  6 
22  9 
23  2 
23  3 
23  12 
23  9 
24  4 
24  11 
24  5 
24  1 
25  18 
25  2 
25  4 
25  5 
26  2 
26  11 
26  9 
26  7 
27  9 
27  13 
27  6 
27  10 
28  1 
28  9 
28  3 
28  10 
29  10 
29  16 
29  15 
29  18 
30  3 
30  28 
30  15 
30  12 
31  4 
31  7 
31  22 
31  16 
32  16 
32  28 
32  18 
32  19 
33  13 
33  3 
33  16 
33  12 
34  12 
34  28 
34  2 
34  33 
35  9 
35  32 
35  14 
35  2 
36  5 
36  12 
36  30 
36  27 
37  20 
37  18 
37  9 
37  7 
38  33 
38  26 
38  15 
38  7 
39  32 
39  9 
39  33 
39  23 
40  25 
40  27 
40  18 
40  35 
41  9 
41  11 
41  30 
41  10 
42  27 
42  16 
42  18 
42  13 
43  30 
43  12 
43  9 
43  20 
44  41 
44  30 
44  26 
44  7 
45  19 
45  6 
45  3 
45  9 
46  44 
46  4 
46  12 
46  18 
47  9 
47  7 
47  19 
47  2 
48  23 
48  24 
48  7 
48  2 
49  45 
49  2 
49  12 
49  18 
50  14 
50  35 
50  30 
50  26 
51  13 
51  18 
51  10 
51  5 
52  2 
52  30 
52  23 
52  17 
53  15 
53  18 
53  19 
53  9 
54  21 
54  8 
54  6 
54  26 
55  9 
55  4 
55  19 
55  15 
56  26 
56  1 
56  10 
56  16 
57  9 
57  35 
57  11 
57  21 
58  41 
58  7 
58  30 
58  47 
59  5 
59  15 
59  44 
59  10 
60  4 
60  10 
60  5 
60  44 
61  16 
61  8 
61  20 
61  9 
62  6 
62  16 
62  44 
62  5 
63  12 
63  30 
63  26 
63  6 
64  19 
64  13 
64  63 
64  50 
65  13 
65  1 
65  10 
65  5 
66  3 
66  8 
66  6 
66  18 
67  13 
67  9 
67  54 
67  7 
68  15 
68  13 
68  7 
68  35 
69  5 
69  26 
69  4 
69  22 
70  14 
70  12 
70  9 
70  7 
71  10 
71  14 
71  18 
71  48 
72  51 
72  24 
72  42 
72  13 
73  15 
73  55 
73  59 
73  27 
74  6 
74  35 
74  24 
74  2 
75  14 
75  21 
75  19 
75  26 
76  4 
76  38 
76  16 
76  13 
77  19 
77  1 
77  22 
77  10 
78  51 
78  2 
78  74 
78  48 
79  70 
79  63 
79  8 
79  9 
80  4 
80  35 
80  8 
80  5 
81  72 
81  66 
81  73 
81  14 
82  10 
82  3 
82  6 
82  59 
83  3 
83  2 
83  49 
83  8 
84  9 
84  72 
84  65 
84  27 
85  4 
85  36 
85  14 
85  2 
86  1 
86  9 
86  74 
86  10 
87  62 
87  38 
87  1 
87  30 
88  85 
88  14 
88  15 
88  61 
89  3 
89  51 
89  88 
89  74 
90  9 
90  7 
90  23 
90  15 
91  19 
91  3 
91  9 
91  12 
92  7 
92  9 
92  3 
92  61 
93  54 
93  92 
93  69 
93  14 
94  10 
94  14 
94  1 
94  6 
95  14 
95  7 
95  74 
95  1 
96  34 
96  64 
96  82 
96  4 
97  49 
97  15 
97  10 
97  93 
98  2 
98  5 
98  62 
98  31 
99  21 
99  10 
99  20 
99  7 
100  17 
100  74 
100  54 
100  55 
101  10 
101  8 
101  38 
101  69 
102  32 
102  81 
102  20 
102  12 
103  99 
103  7 
103  36 
103  68 
104  99 
104  97 
104  89 
104  63 
105  104 
105  46 
105  2 
105  44 
106  12 
106  72 
106  10 
106  33 
107  73 
107  103 
107  15 
107  7 
108  5 
108  69 
108  85 
108  11 
109  5 
109  30 
109  49 
109  62 
110  46 
110  15 
110  82 
110  28 
111  12 
111  35 
111  81 
111  36 
112  34 
112  3 
112  27 
112  4 
113  38 
113  32 
113  50 
113  78 
114  25 
114  6 
114  52 
114  105 
115  5 
115  112 
115  44 
115  106 
116  12 
116  44 
116  6 
116  25 
117  47 
117  2 
117  7 
117  9 
118  7 
118  45 
118  24 
118  8 
119  85 
119  33 
119  9 
119  18 
120  45 
120  90 
120  58 
120  11 
121  7 
121  106 
121  14 
121  31 
122  26 
122  16 
122  7 
122  10 
123  9 
123  5 
123  55 
123  98 
124  3 
124  57 
124  4 
124  32 
125  25 
125  12 
125  9 
125  32 
126  52 
126  1 
126  76 
126  11 
127  10 
127  101 
127  5 
127  63 
128  43 
128  76 
128  20 
128  100 
129  64 
129  101 
129  45 
129  123 
130  45 
130  121 
130  2 
130  41 
131  9 
131  91 
131  93 
131  49 
132  16 
132  2 
132  80 
132  55 
133  19 
133  9 
133  7 
133  64 
134  45 
134  13 
134  16 
134  73 
135  104 
135  74 
135  6 
135  15 
136  90 
136  6 
136  64 
136  107 
137  38 
137  63 
137  92 
137  28 
138  94 
138  2 
138  104 
138  19 
139  6 
139  42 
139  4 
139  25 
140  42 
140  30 
140  69 
140  6 
141  39 
141  123 
141  109 
141  121 
142  78 
142  25 
142  136 
142  2 
143  14 
143  78 
143  2 
143  7 
144  52 
144  59 
144  131 
144  19 
145  90 
145  63 
145  12 
145  18 
146  110 
146  7 
146  71 
146  38 
147  95 
147  80 
147  25 
147  5 
148  13 
148  16 
148  2 
148  41 
149  42 
149  117 
149  125 
149  35 
150  38 
150  143 
150  92 
150  78 
151  5 
151  64 
151  62 
151  29 
152  77 
152  63 
152  127 
152  141 
153  2 
153  9 
153  27 
153  45 
154  69 
154  86 
154  3 
154  80 
155  44 
155  27 
155  68 
155  55 
156  62 
156  18 
156  82 
156  3 
157  28 
157  108 
157  2 
157  18 
158  64 
158  99 
158  6 
158  122 
159  9 
159  4 
159  51 
159  81 
160  39 
160  3 
160  35 
160  113 
161  63 
161  10 
161  48 
161  137 
162  127 
162  133 
162  89 
162  49 
163  2 
163  57 
163  12 
163  1 
164  12 
164  105 
164  9 
164  94 
165  103 
165  69 
165  8 
165  27 
166  17 
166  149 
166  2 
166  45 
167  44 
167  41 
167  13 
167  30 
168  41 
168  59 
168  93 
168  46 
169  62 
169  45 
169  88 
169  50 
170  79 
170  87 
170  6 
170  4 
171  92 
171  105 
171  48 
171  27 
172  67 
172  15 
172  32 
172  5 
173  162 
173  39 
173  81 
173  137 
174  5 
174  33 
174  4 
174  49 
175  30 
175  101 
175  32 
175  9 
176  32 
176  33 
176  9 
176  39 
177  133 
177  9 
177  95 
177  10 
178  24 
178  102 
178  2 
178  30 
179  3 
179  80 
179  33 
179  49 
180  90 
180  96 
180  82 
180  31 
181  33 
181  105 
181  8 
181  165 
182  1 
182  71 
182  38 
182  95 
183  47 
183  5 
183  2 
183  123 
184  133 
184  32 
184  108 
184  3 
185  44 
185  63 
185  5 
185  120 
186  84 
186  151 
186  7 
186  82 
187  2 
187  110 
187  11 
187  32 
188  4 
188  60 
188  118 
188  72 
189  105 
189  110 
189  2 
189  33 
190  1 
190  4 
190  125 
190  85 
191  26 
191  3 
191  24 
191  76 
192  14 
192  26 
192  2 
192  173 
193  93 
193  120 
193  9 
193  23 
194  9 
194  25 
194  188 
194  49 
195  63 
195  27 
195  6 
195  155 
196  19 
196  99 
196  11 
196  111 
197  72 
197  1 
197  13 
197  121 
198  63 
198  30 
198  1 
198  51 
199  37 
199  89 
199  16 
199  93 
200  189 
200  16 
200  104 
200  114 
1  201 
1  202 
1  203 
2  204 
2  205 
2  203 
3  204 
3  206 
3  207 
3  205 
3  202 
3  203 
4  207 
4  205 
4  203 
5  208 
5  206 
5  205 
5  203 
6  208 
6  201 
6  207 
6  203 
7  208 
7  201 
7  205 
8  208 
8  207 
8  202 
9  206 
9  207 
9  202 
9  203 
10  208 
10  204 
10  206 
10  202 
11  206 
11  201 
11  203 
12  204 
12  206 
12  201 
12  202 
13  206 
13  201 
13  207 
13  202 
13  203 
14  208 
14  204 
14  206 
14  201 
14  207 
14  205 
14  202 
14  203 
15  208 
15  204 
15  206 
15  207 
15  205 
15  203 
16  208 
16  204 
16  205 
16  202 
16  203 
17  208 
17  207 
17  202 
17  203 
18  204 
18  201 
18  207 
19  206 
19  205 
19  202 
20  206 
21  206 
21  203 
22  208 
22  204 
22  201 
23  208 
23  204 
23  206 
23  207 
23  203 
24  204 
24  206 
24  205 
24  202 
25  208 
25  204 
25  201 
25  205 
25  202 
25  203 
26  208 
26  204 
26  207 
26  202 
27  208 
27  204 
27  206 
27  207 
28  208 
28  204 
28  206 
28  207 
28  205 
28  202 
29  208 
29  204 
29  207 
29  203 
30  204 
30  207 
30  203 
31  208 
31  201 
31  207 
31  205 
31  202 
31  203 
32  201 
32  207 
32  203 
33  208 
33  207 
34  204 
34  206 
34  207 
34  205 
34  202 
35  208 
35  204 
35  206 
35  201 
35  207 
35  203 
36  208 
36  204 
36  206 
36  201 
36  205 
36  202 
36  203 
37  208 
37  207 
37  203 
38  206 
38  202 
39  208 
39  206 
39  201 
39  207 
39  205 
39  203 
40  208 
40  204 
40  202 
41  204 
41  206 
41  201 
41  207 
41  202 
42  204 
42  207 
42  202 
43  208 
43  206 
43  201 
43  203 
44  208 
44  204 
44  203 
45  206 
45  201 
45  207 
45  205 
45  202 
45  203 
46  204 
46  206 
46  201 
46  207 
46  202 
46  203 
47  208 
47  201 
47  207 
47  205 
47  203 
48  208 
48  201 
48  207 
49  208 
50  206 
50  207 
50  202 
208  204 
204  206 
206  201 
201  207 
207  205 
205  202 
202  203 
208  206 
208  201 
204  201 
204  207 
204  202 
206  207 
207  208 
205  208 
205  204 
205  201 
202  201 
202  207 
203  208 
203  205 
209  206 
209  140 
209  64 
209  83 
210  93 
210  65 
210  84 
210  116 
211  23 
211  201 
211  204 
211  42 
212  64 
212  47 
212  193 
212  12 
213  185 
213  186 
213  62 
213  150 
214  183 
214  184 
214  44 
214  7 
215  186 
215  84 
215  134 
215  36 
216  102 
216  21 
216  18 
216  84 
217  131 
217  23 
217  34 
217  72 
218  214 
218  197 
218  132 
218  195 
219  217 
219  77 
219  15 
219  36 
220  15 
220  60 
220  106 
220  84 
221  209 
221  185 
221  26 
221  220 
222  146 
222  190 
222  144 
222  62 
223  42 
223  36 
223  211 
223  127 
224  20 
224  79 
224  77 
224  202 
225  101 
225  222 
225  218 
225  63 
226  212 
226  153 
226  60 
226  132 
227  63 
227  150 
227  154 
227  8 
228  177 
228  60 
228  185 
228  219 
229  50 
229  73 
229  72 
229  60 
230  152 
230  228 
230  132 
230  145 
231  132 
231  7 
231  144 
231  93 
232  161 
232  9 
232  195 
232  144 
233  77 
233  221 
233  224 
233  185 
234  220 
234  134 
234  2 
234  183 
235  73 
235  148 
235  37 
235  227 
236  218 
236  129 
236  132 
236  150 
237  7 
237  144 
237  44 
237  232 
238  28 
238  24 
238  185 
238  21 
239  230 
239  53 
239  184 
239  129 
240  161 
240  183 
240  230 
240  42 
241  106 
241  70 
241  42 
241  210 
242  110 
242  71 
242  211 
242  66 
243  177 
243  131 
243  182 
243  202 
244  144 
244  34 
244  66 
244  139 
245  106 
245  78 
245  75 
245  30 
246  67 
246  132 
246  216 
246  153 
247  44 
247  181 
247  210 
247  186 
248  79 
248  15 
248  211 
248  216 
249  87 
249  5 
249  33 
249  224 
250  152 
250  241 
250  246 
250  204 
251  110 
251  210 
251  215 
251  214 
252  201 
252  1 
252  246 
252  222 
253  217 
253  220 
253  79 
253  153 
254  59 
254  244 
254  246 
254  95 
255  181 
255  137 
255  50 
255  37 
256  7 
256  172 
256  145 
256  227 
257  105 
257  8 
257  216 
257  247 
258  85 
258  224 
258  18 
258  129 
259  246 
259  203 
259  210 
259  100 
260  195 
260  214 
260  88 
260  86 
261  76 
261  134 
261  118 
261  157 
262  68 
262  112 
262  168 
262  111 
263  189 
263  162 
263  237 
263  219 
264  69 
264  73 
264  260 
264  31 
265  7 
265  93 
265  189 
265  233 
266  11 
266  96 
266  54 
266  43 
267  255 
267  40 
267  104 
267  30 
268  89 
268  247 
268  203 
268  212 
269  179 
269  49 
269  236 
269  167 
270  121 
270  62 
270  267 
270  150 
271  96 
271  223 
271  86 
271  268 
272  235 
272  270 
272  261 
272  166 
273  234 
273  93 
273  14 
273  247 
274  267 
274  232 
274  18 
274  130 
275  103 
275  76 
275  221 
275  12 
276  81 
276  219 
276  94 
276  32 
277  233 
277  103 
277  241 
277  93 
278  229 
278  264 
278  262 
278  93 
279  150 
279  69 
279  273 
279  272 
280  235 
280  120 
280  157 
280  105 
281  174 
281  53 
281  108 
281  103 
282  40 
282  13 
282  260 
282  279 
283  14 
283  236 
283  266 
283  189 
284  119 
284  132 
284  253 
284  166 
285  264 
285  255 
285  257 
285  37 
286  84 
286  144 
286  189 
286  150 
287  274 
287  30 
287  269 
287  42 
288  216 
288  277 
288  164 
288  92 
289  267 
289  162 
289  165 
289  182 
290  167 
290  272 
290  202 
290  163 
291  174 
291  218 
291  205 
291  100 
292  31 
292  119 
292  280 
292  257 
293  14 
293  261 
293  26 
293  49 
294  263 
294  3 
294  50 
294  145 
295  294 
295  252 
295  265 
295  290 
296  119 
296  229 
296  275 
296  94 
297  236 
297  58 
297  291 
297  11 
298  130 
298  206 
298  174 
298  137 
299  272 
299  111 
299  30 
299  73 
300  54 
300  104 
300  118 
300  272 
301  97 
301  299 
301  42 
301  54 
302  189 
302  194 
302  229 
302  26 
303  73 
303  271 
303  182 
303  291 
304  229 
304  188 
304  262 
304  247 
305  265 
305  174 
305  62 
305  289 
306  173 
306  104 
306  293 
306  164 
307  191 
307  305 
307  287 
307  14 
308  100 
308  257 
308  27 
308  76 
309  61 
309  298 
309  125 
309  280 
310  248 
310  158 
310  41 
310  48 
311  291 
311  191 
311  188 
311  219 
312  183 
312  123 
312  62 
312  194 
313  9 
313  23 
313  255 
313  216 
314  168 
314  146 
314  31 
314  122 
315  305 
315  41 
315  196 
315  215 
316  125 
316  253 
316  314 
316  313 
317  33 
317  202 
317  20 
317  291 
318  201 
318  291 
318  192 
318  287 
319  10 
319  33 
319  30 
319  47 
320  76 
320  43 
320  125 
320  309 
321  80 
321  39 
321  313 
321  151 
322  195 
322  236 
322  314 
322  183 
323  33 
323  170 
323  191 
323  47 
324  80 
324  311 
324  1 
324  214 
325  180 
325  323 
325  149 
325  299 
326  316 
326  256 
326  9 
326  20 
327  203 
327  322 
327  237 
327  311 
328  50 
328  282 
328  322 
328  310 
329  243 
329  320 
329  322 
329  168 
330  252 
330  321 
330  101 
330  310 
331  271 
331  311 
331  299 
331  147 
332  43 
332  262 
332  283 
332  146 
333  45 
333  172 
333  290 
333  304 
334  184 
334  11 
334  311 
334  101 
335  226 
335  309 
335  326 
335  327 
336  39 
336  311 
336  326 
336  192 
337  312 
337  324 
337  10 
337  149 
338  76 
338  337 
338  227 
338  139 
339  282 
339  105 
339  310 
339  237 
340  236 
340  231 
340  316 
340  323 
341  310 
341  321 
341  111 
341  137 
342  317 
342  217 
342  241 
342  312 
343  314 
343  148 
343  53 
343  231 
344  125 
344  324 
344  146 
344  320 
345  119 
345  136 
345  336 
345  333 
346  325 
346  92 
346  67 
346  145 
347  162 
347  178 
347  335 
347  192 
348  269 
348  314 
348  225 
348  342 
349  102 
349  80 
349  277 
349  76 
350  348 
350  262 
350  117 
350  310 
351  334 
351  291 
351  269 
351  25 
352  298 
352  248 
352  21 
352  211 
353  276 
353  311 
353  316 
353  170 
354  316 
354  10 
354  145 
354  186 
355  170 
355  312 
355  138 
355  89 
356  101 
356  269 
356  316 
356  188 
357  191 
357  336 
357  201 
357  237 
358  299 
358  355 
358  262 
358  311 
359  239 
359  302 
359  122 
359  235 
360  38 
360  71 
360  72 
360  333 
361  219 
361  270 
361  288 
361  45 
362  314 
362  112 
362  147 
362  345 
363  329 
363  248 
363  168 
363  189 
364  12 
364  114 
364  88 
364  116 
365  161 
365  226 
365  88 
365  351 
366  137 
366  191 
366  249 
366  209 
367  308 
367  158 
367  249 
367  119 
368  54 
368  45 
368  131 
368  214 
369  16 
369  367 
369  109 
369  349 
370  149 
370  364 
370  244 
370  266 
371  132 
371  359 
371  164 
371  363 
372  311 
372  363 
372  177 
372  79 
373  258 
373  337 
373  144 
373  97 
374  308 
374  31 
374  224 
374  165 
375  199 
375  115 
375  46 
375  244 
376  246 
376  316 
376  75 
376  116 
377  131 
377  185 
377  59 
377  376 
378  156 
378  301 
378  372 
378  359 
379  112 
379  252 
379  116 
379  244 
380  142 
380  112 
380  214 
380  167 
381  325 
381  304 
381  33 
381  69 
382  189 
382  249 
382  370 
382  304 
383  357 
383  252 
383  233 
383  20 
384  60 
384  78 
384  116 
384  163 
385  182 
385  372 
385  69 
385  128 
386  344 
386  284 
386  32 
386  138 
387  209 
387  115 
387  290 
387  253 
388  262 
388  384 
388  325 
388  164 
389  255 
389  378 
389  291 
389  157 
390  266 
390  61 
390  3 
390  26 
391  378 
391  179 
391  14 
391  209 
392  350 
392  219 
392  58 
392  307 
393  26 
393  381 
393  69 
393  261 
394  38 
394  137 
394  375 
394  64 
395  306 
395  387 
395  369 
395  350 
396  171 
396  370 
396  366 
396  145 
397  383 
397  212 
397  60 
397  201 
398  373 
398  202 
398  349 
398  260 
399  248 
399  395 
399  316 
399  152 
400  359 
400  357 
400  263 
400  293 
401  179 
401  364 
401  132 
401  196 
402  399 
402  291 
402  116 
402  14 
403  346 
403  381 
403  390 
403  345 
404  185 
404  161 
404  190 
404  387 
405  308 
405  146 
405  329 
405  376 
406  262 
406  398 
406  42 
406  384 
407  140 
407  228 
407  271 
407  393 
408  370 
408  121 
408  132 
408  154 
409  144 
409  57 
409  20 
409  335 
410  373 
410  337 
410  123 
410  174 
411  260 
411  222 
411  369 
411  403 
412  86 
412  48 
412  75 
412  122 
413  159 
413  243 
413  251 
413  56 
414  299 
414  252 
414  409 
414  132 
415  270 
415  131 
415  269 
415  293 
416  238 
416  136 
416  42 
416  381 
417  410 
417  319 
417  233 
417  211 
418  206 
418  218 
418  201 
418  383 
419  140 
419  310 
419  365 
419  110 
420  71 
420  237 
420  58 
420  419 
421  280 
421  298 
421  287 
421  97 
422  275 
422  201 
422  105 
422  418 
423  346 
423  187 
423  80 
423  24 
424  418 
424  187 
424  410 
424  134 
425  280 
425  305 
425  100 
425  274 
426  389 
426  206 
426  337 
426  24 
427  51 
427  415 
427  80 
427  399 
428  145 
428  16 
428  322 
428  211 
429  385 
429  383 
429  106 
429  419 
430  148 
430  236 
430  428 
430  251 
431  97 
431  58 
431  119 
431  267 
432  121 
432  299 
432  410 
432  406 
433  326 
433  122 
433  325 
433  55 
434  421 
434  214 
434  232 
434  409 
435  188 
435  385 
435  288 
435  421 
436  57 
436  409 
436  149 
436  86 
437  237 
437  346 
437  117 
437  282 
438  413 
438  318 
438  5 
438  210 
439  299 
439  295 
439  131 
439  122 
440  243 
440  237 
440  132 
440  100 
441  272 
441  243 
441  27 
441  245 
442  30 
442  237 
442  352 
442  147 
443  147 
443  409 
443  352 
443  30 
444  417 
444  438 
444  234 
444  236 
445  352 
445  185 
445  391 
445  236 
446  443 
446  35 
446  108 
446  86 
447  223 
447  5 
447  216 
447  360 
448  223 
448  349 
448  260 
448  203 
449  20 
449  339 
449  58 
449  96 
450  449 
450  278 
450  205 
450  26 
451  35 
451  339 
451  145 
451  380 
452  410 
452  211 
452  222 
452  335 
453  187 
453  345 
453  388 
453  349 
454  441 
454  335 
454  243 
454  318 
455  453 
455  339 
455  184 
455  424 
456  210 
456  91 
456  420 
456  144 
457  419 
457  438 
457  100 
457  48 
458  288 
458  162 
458  352 
458  276 
459  27 
459  338 
459  94 
459  427 
460  5 
460  420 
460  104 
460  306 
461  168 
461  54 
461  360 
461  219 
462  167 
462  136 
462  445 
462  430 
463  216 
463  183 
463  130 
463  136 
464  427 
464  191 
464  385 
464  398 
465  217 
465  85 
465  207 
465  165 
466  138 
466  352 
466  54 
466  232 
467  315 
467  305 
467  111 
467  179 
468  260 
468  74 
468  273 
468  423 
469  40 
469  283 
469  132 
469  352 
470  201 
470  310 
470  65 
470  464 
471  296 
471  129 
471  410 
471  66 
472  59 
472  444 
472  62 
472  398 
473  167 
473  315 
473  448 
473  98 
474  63 
474  32 
474  165 
474  58 
475  28 
475  162 
475  282 
475  244 
476  265 
476  40 
476  103 
476  467 
477  349 
477  203 
477  316 
477  191 
478  196 
478  457 
478  449 
478  148 
479  247 
479  76 
479  55 
479  181 
480  39 
480  357 
480  48 
480  392 
481  225 
481  478 
481  220 
481  189 
482  408 
482  468 
482  460 
482  173 
483  315 
483  72 
483  89 
483  65 
484  246 
484  347 
484  360 
484  477 
485  482 
485  279 
485  173 
485  450 
486  426 
486  468 
486  338 
486  33 
487  444 
487  453 
487  85 
487  157 
488  151 
488  216 
488  387 
488  173 
489  167 
489  381 
489  235 
489  246 
490  316 
490  183 
490  482 
490  146 
491  440 
491  215 
491  276 
491  247 
492  403 
492  118 
492  466 
492  465 
493  444 
493  173 
493  246 
493  476 
494  168 
494  31 
494  49 
494  272 
495  81 
495  32 
495  426 
495  462 
496  495 
496  276 
496  484 
496  425 
497  219 
497  472 
497  492 
497  372 
498  103 
498  17 
498  433 
498  111 
499  469 
499  410 
499  250 
499  173 
500  225 
500  485 
500  33 
500  370 
501  496 
501  115 
501  42 
501  500 
502  120 
502  66 
502  173 
502  478 
503  165 
503  60 
503  405 
503  66 
504  85 
504  374 
504  397 
504  84 
505  485 
505  272 
505  468 
505  480 
506  87 
506  468 
506  221 
506  483 
507  198 
507  215 
507  341 
507  391 
508  65 
508  503 
508  117 
508  488 
509  92 
509  481 
509  272 
509  400 
510  33 
510  315 
510  183 
510  107 
511  480 
511  157 
511  299 
511  176 
512  407 
512  391 
512  404 
512  107 
513  395 
513  318 
513  62 
513  381 
514  126 
514  434 
514  47 
514  509 
515  508 
515  90 
515  333 
515  481 
516  61 
516  483 
516  127 
516  317 
517  386 
517  483 
517  203 
517  351 
518  502 
518  109 
518  416 
518  9 
519  505 
519  245 
519  142 
519  208 
520  188 
520  480 
520  407 
520  229 
521  188 
521  511 
521  304 
521  339 
522  333 
522  365 
522  441 
522  327 
523  128 
523  33 
523  327 
523  199 
524  69 
524  342 
524  163 
524  333 
525  347 
525  236 
525  425 
525  96 
526  425 
526  416 
526  363 
526  509 
527  86 
527  195 
527  392 
527  526 
528  13 
528  37 
528  5 
528  174 
529  455 
529  427 
529  363 
529  349 
530  11 
530  518 
530  328 
530  447 
531  519 
531  91 
531  182 
531  515 
532  531 
532  527 
532  82 
532  255 
533  356 
533  17 
533  506 
533  530 
534  138 
534  503 
534  299 
534  220 
535  160 
535  452 
535  10 
535  406 
536  320 
536  339 
536  469 
536  229 
537  531 
537  128 
537  523 
537  397 
538  513 
538  524 
538  88 
538  474 
539  116 
539  54 
539  464 
539  518 
540  424 
540  535 
540  459 
540  9 
541  525 
541  327 
541  350 
541  116 
542  510 
542  285 
542  60 
542  469 
543  314 
543  454 
543  472 
543  426 
544  327 
544  469 
544  496 
544  530 
545  313 
545  179 
545  51 
545  480 
546  351 
546  95 
546  540 
546  404 
547  327 
547  165 
547  463 
547  9 
548  77 
548  153 
548  258 
548  526 
549  345 
549  441 
549  416 
549  127 
550  314 
550  542 
550  496 
550  35 
551  116 
551  496 
551  208 
551  528 
552  321 
552  381 
552  464 
552  539 
553  5 
553  333 
553  515 
553  260 
554  116 
554  388 
554  529 
554  14 
555  524 
555  546 
555  408 
555  255 
556  230 
556  281 
556  119 
556  554 
557  540 
557  1 
557  556 
557  6 
558  58 
558  292 
558  5 
558  116 
559  242 
559  26 
559  517 
559  46 
560  518 
560  401 
560  132 
560  386 
561  56 
561  281 
561  90 
561  207 
562  456 
562  362 
562  457 
562  216 
563  205 
563  199 
563  465 
563  540 
564  456 
564  170 
564  533 
564  77 
565  58 
565  385 
565  523 
565  413 
566  239 
566  461 
566  336 
566  282 
567  487 
567  393 
567  252 
567  503 
568  181 
568  408 
568  83 
568  457 
569  214 
569  254 
569  481 
569  125 
570  485 
570  166 
570  46 
570  224 
571  567 
571  385 
571  15 
571  469 
572  568 
572  417 
572  367 
572  398 
573  175 
573  102 
573  83 
573  53 
574  573 
574  118 
574  60 
574  88 
575  494 
575  495 
575  567 
575  63 
576  103 
576  130 
576  233 
576  467 
577  469 
577  251 
577  390 
577  207 
578  277 
578  181 
578  567 
578  577 
579  77 
579  544 
579  125 
579  199 
580  565 
580  397 
580  372 
580  265 
581  41 
581  293 
581  1 
581  509 
582  578 
582  160 
582  350 
582  23 
583  166 
583  379 
583  227 
583  385 
584  288 
584  299 
584  458 
584  15 
585  494 
585  111 
585  229 
585  493 
586  523 
586  333 
586  77 
586  242 
587  434 
587  404 
587  571 
587  191 
588  293 
588  415 
588  60 
588  573 
589  87 
589  444 
589  351 
589  39 
590  29 
590  84 
590  392 
590  381 
591  199 
591  362 
591  118 
591  298 
592  296 
592  371 
592  350 
592  524 
593  137 
593  69 
593  72 
593  247 
594  461 
594  215 
594  389 
594  537 
595  229 
595  232 
595  149 
595  182 
596  382 
596  569 
596  89 
596  216 
597  226 
597  142 
597  458 
597  305 
598  134 
598  288 
598  563 
598  297 
599  570 
599  175 
599  422 
599  53 
600  339 
600  110 
600  587 
600  132 
601  579 
601  87 
601  134 
601  18 
602  581 
602  297 
602  584 
602  560 
603  494 
603  6 
603  562 
603  291 
604  282 
604  351 
604  392 
604  297 
605  575 
605  594 
605  87 
605  130 
606  64 
606  540 
606  417 
606  573 
607  376 
607  579 
607  578 
607  223 
608  117 
608  296 
608  593 
608  595 
 

