1  2 
1  3 
1  4 
1  5 
1  6 
1  7 
1  8 
1  9 
1  10 
2  3 
2  4 
2  5 
2  6 
2  7 
2  8 
2  9 
2  10 
3  4 
3  5 
3  6 
3  7 
3  8 
3  9 
3  10 
4  5 
4  6 
4  7 
4  8 
4  9 
4  10 
5  6 
5  7 
5  8 
5  9 
5  10 
6  7 
6  8 
6  9 
6  10 
7  8 
7  9 
7  10 
8  9 
8  10 
9  10 
11  9 
11  2 
11  3 
11  4 
12  1 
12  8 
12  10 
12  11 
13  5 
13  8 
13  10 
13  7 
14  13 
14  8 
14  12 
14  7 
15  10 
15  5 
15  2 
15  13 
16  6 
16  10 
16  5 
16  9 
17  5 
17  15 
17  2 
17  7 
18  14 
18  9 
18  4 
18  10 
19  9 
19  1 
19  5 
19  2 
20  9 
20  15 
20  12 
20  7 
21  3 
21  7 
21  5 
21  8 
22  5 
22  9 
22  20 
22  7 
23  1 
23  17 
23  4 
23  3 
24  20 
24  3 
24  12 
24  11 
25  10 
25  18 
25  7 
25  12 
26  12 
26  5 
26  2 
26  14 
27  7 
27  26 
27  3 
27  25 
28  2 
28  10 
28  8 
28  26 
29  6 
29  9 
29  15 
29  1 
30  7 
30  13 
30  3 
30  10 
31  2 
31  5 
31  1 
31  4 
32  19 
32  12 
32  3 
32  10 
33  15 
33  20 
33  5 
33  1 
34  8 
34  4 
34  3 
34  6 
35  13 
35  21 
35  6 
35  2 
36  5 
36  8 
36  22 
36  30 
37  3 
37  19 
37  18 
37  21 
38  3 
38  28 
38  5 
38  31 
39  6 
39  9 
39  20 
39  17 
40  12 
40  13 
40  4 
40  18 
41  3 
41  25 
41  34 
41  4 
42  28 
42  1 
42  8 
42  7 
43  4 
43  42 
43  18 
43  26 
44  1 
44  5 
44  2 
44  21 
45  12 
45  8 
45  14 
45  40 
46  17 
46  3 
46  1 
46  5 
47  3 
47  14 
47  30 
47  5 
48  26 
48  10 
48  3 
48  35 
49  2 
49  3 
49  34 
49  12 
50  42 
50  26 
50  7 
50  48 
51  1 
51  15 
51  48 
51  26 
52  7 
52  49 
52  8 
52  41 
53  1 
53  22 
53  5 
53  18 
54  25 
54  6 
54  14 
54  7 
55  1 
55  3 
55  19 
55  14 
56  48 
56  4 
56  19 
56  1 
57  51 
57  10 
57  25 
57  4 
58  7 
58  41 
58  5 
58  12 
59  4 
59  48 
59  7 
59  11 
60  9 
60  5 
60  8 
60  1 
61  14 
61  31 
61  51 
61  5 
62  5 
62  18 
62  21 
62  35 
63  61 
63  3 
63  54 
63  5 
64  3 
64  2 
64  10 
64  22 
65  1 
65  30 
65  7 
65  31 
66  50 
66  33 
66  9 
66  20 
67  44 
67  42 
67  35 
67  16 
68  52 
68  5 
68  62 
68  58 
69  52 
69  2 
69  10 
69  30 
70  15 
70  1 
70  3 
70  5 
71  53 
71  4 
71  1 
71  17 
72  66 
72  28 
72  5 
72  1 
73  19 
73  9 
73  31 
73  7 
74  7 
74  8 
74  40 
74  51 
75  52 
75  4 
75  9 
75  13 
76  1 
76  9 
76  10 
76  5 
77  35 
77  67 
77  3 
77  1 
78  23 
78  45 
78  2 
78  5 
79  5 
79  48 
79  33 
79  67 
80  10 
80  45 
80  3 
80  67 
81  41 
81  5 
81  10 
81  68 
82  69 
82  78 
82  7 
82  14 
83  7 
83  58 
83  5 
83  15 
84  1 
84  12 
84  25 
84  4 
85  5 
85  69 
85  1 
85  15 
86  83 
86  70 
86  40 
86  10 
87  81 
87  62 
87  3 
87  85 
88  30 
88  86 
88  84 
88  46 
89  38 
89  6 
89  12 
89  67 
90  84 
90  7 
90  4 
90  1 
91  73 
91  7 
91  44 
91  34 
92  22 
92  19 
92  3 
92  29 
93  30 
93  6 
93  80 
93  3 
94  69 
94  57 
94  7 
94  9 
95  89 
95  78 
95  28 
95  26 
96  52 
96  76 
96  9 
96  26 
97  41 
97  45 
97  26 
97  3 
98  12 
98  70 
98  13 
98  14 
99  6 
99  44 
99  49 
99  52 
100  14 
100  26 
100  19 
100  15 
101  5 
101  31 
101  100 
101  1 
102  93 
102  26 
102  7 
102  15 
103  69 
103  3 
103  5 
103  13 
104  71 
104  3 
104  94 
104  51 
105  11 
105  1 
105  7 
105  20 
106  10 
106  15 
106  9 
106  13 
107  12 
107  23 
107  2 
107  4 
108  38 
108  19 
108  78 
108  15 
109  89 
109  18 
109  1 
109  78 
110  25 
110  29 
110  3 
110  1 
111  2 
111  51 
111  63 
111  26 
112  12 
112  5 
112  6 
112  2 
113  90 
113  94 
113  30 
113  71 
114  66 
114  9 
114  102 
114  5 
115  56 
115  3 
115  84 
115  69 
116  98 
116  78 
116  14 
116  79 
117  64 
117  14 
117  24 
117  20 
118  78 
118  17 
118  79 
118  9 
119  3 
119  108 
119  26 
119  91 
120  86 
120  62 
120  84 
120  2 
121  16 
121  30 
121  34 
121  14 
122  63 
122  34 
122  69 
122  41 
123  110 
123  113 
123  28 
123  33 
124  69 
124  26 
124  22 
124  12 
125  104 
125  78 
125  11 
125  49 
126  110 
126  18 
126  33 
126  62 
127  75 
127  9 
127  81 
127  104 
128  4 
128  117 
128  7 
128  120 
129  123 
129  9 
129  66 
129  3 
130  65 
130  93 
130  112 
130  1 
131  3 
131  9 
131  4 
131  120 
132  18 
132  115 
132  1 
132  71 
133  29 
133  80 
133  1 
133  58 
134  108 
134  53 
134  64 
134  117 
135  58 
135  113 
135  52 
135  3 
136  41 
136  13 
136  12 
136  86 
137  28 
137  11 
137  29 
137  114 
138  7 
138  133 
138  9 
138  108 
139  49 
139  10 
139  131 
139  14 
140  122 
140  112 
140  117 
140  4 
141  12 
141  2 
141  22 
141  7 
142  4 
142  8 
142  92 
142  116 
143  14 
143  2 
143  70 
143  20 
144  104 
144  6 
144  50 
144  30 
145  15 
145  37 
145  67 
145  12 
146  85 
146  103 
146  19 
146  22 
147  71 
147  32 
147  97 
147  67 
148  65 
148  24 
148  80 
148  3 
149  4 
149  103 
149  137 
149  24 
150  9 
150  141 
150  58 
150  96 
151  126 
151  23 
151  4 
151  8 
152  125 
152  111 
152  42 
152  110 
153  13 
153  67 
153  19 
153  30 
154  132 
154  106 
154  78 
154  49 
155  8 
155  120 
155  71 
155  15 
156  26 
156  127 
156  125 
156  91 
157  117 
157  93 
157  26 
157  118 
158  26 
158  8 
158  44 
158  15 
159  10 
159  13 
159  156 
159  1 
160  1 
160  90 
160  5 
160  140 
161  135 
161  15 
161  43 
161  103 
162  141 
162  144 
162  86 
162  100 
163  19 
163  157 
163  10 
163  22 
164  81 
164  29 
164  160 
164  1 
165  15 
165  71 
165  82 
165  25 
166  5 
166  103 
166  79 
166  53 
167  13 
167  20 
167  25 
167  64 
168  66 
168  107 
168  64 
168  94 
169  3 
169  8 
169  51 
169  112 
170  29 
170  33 
170  3 
170  23 
171  165 
171  91 
171  3 
171  13 
172  3 
172  83 
172  133 
172  7 
173  7 
173  112 
173  19 
173  143 
174  4 
174  24 
174  7 
174  20 
175  104 
175  11 
175  32 
175  12 
176  24 
176  3 
176  111 
176  148 
177  24 
177  18 
177  111 
177  1 
178  27 
178  5 
178  72 
178  78 
179  32 
179  4 
179  12 
179  10 
180  126 
180  26 
180  103 
180  5 
181  126 
181  136 
181  106 
181  119 
182  52 
182  5 
182  29 
182  66 
183  9 
183  31 
183  5 
183  4 
184  16 
184  120 
184  75 
184  34 
185  18 
185  9 
185  53 
185  19 
186  41 
186  4 
186  5 
186  143 
187  28 
187  6 
187  53 
187  73 
188  24 
188  7 
188  15 
188  161 
189  31 
189  4 
189  139 
189  12 
190  19 
190  36 
190  185 
190  25 
191  159 
191  11 
191  4 
191  13 
192  140 
192  86 
192  162 
192  190 
193  185 
193  39 
193  109 
193  64 
194  12 
194  3 
194  133 
194  20 
195  12 
195  116 
195  56 
195  19 
196  146 
196  56 
196  78 
196  55 
197  25 
197  52 
197  133 
197  72 
198  23 
198  10 
198  40 
198  12 
199  113 
199  84 
199  10 
199  190 
200  3 
200  78 
200  30 
200  57 
1  201 
1  202 
1  203 
1  204 
2  202 
2  205 
2  203 
2  204 
3  201 
3  202 
3  204 
3  206 
3  207 
4  201 
4  205 
4  203 
4  206 
4  207 
5  201 
5  202 
5  205 
5  203 
5  208 
5  207 
6  204 
6  206 
7  201 
7  202 
7  205 
7  206 
7  207 
8  203 
8  204 
8  208 
8  207 
9  202 
9  205 
9  203 
9  206 
9  208 
9  207 
10  201 
10  202 
10  203 
10  206 
10  208 
11  204 
11  206 
11  208 
11  207 
12  201 
12  202 
12  207 
13  205 
13  203 
13  208 
13  207 
14  201 
14  203 
14  204 
14  206 
15  202 
15  205 
15  207 
16  201 
16  202 
16  205 
16  206 
16  208 
17  201 
17  203 
17  204 
17  207 
18  202 
18  203 
18  204 
18  206 
18  208 
19  201 
19  204 
19  207 
20  203 
20  208 
201  202 
202  205 
205  203 
203  204 
204  206 
206  208 
208  207 
201  205 
202  206 
205  204 
205  206 
203  208 
204  208 
208  202 
208  205 
207  201 
207  205 
207  203 
207  206 
209  137 
209  200 
209  207 
209  122 
210  135 
210  41 
210  18 
210  39 
211  186 
211  47 
211  4 
211  91 
212  8 
212  56 
212  151 
212  55 
213  68 
213  69 
213  64 
213  208 
214  103 
214  117 
214  213 
214  49 
215  186 
215  101 
215  27 
215  121 
216  162 
216  98 
216  72 
216  57 
217  116 
217  24 
217  46 
217  61 
218  16 
218  98 
218  6 
218  27 
219  213 
219  218 
219  92 
219  192 
220  218 
220  50 
220  91 
220  72 
221  163 
221  58 
221  98 
221  40 
222  210 
222  191 
222  87 
222  88 
223  171 
223  55 
223  215 
223  218 
224  221 
224  108 
224  223 
224  213 
225  40 
225  216 
225  53 
225  222 
226  50 
226  192 
226  67 
226  190 
227  210 
227  38 
227  191 
227  212 
228  210 
228  212 
228  217 
228  23 
229  161 
229  210 
229  24 
229  62 
230  226 
230  81 
230  126 
230  186 
231  111 
231  212 
231  28 
231  219 
232  151 
232  28 
232  61 
232  226 
233  160 
233  45 
233  55 
233  65 
234  213 
234  182 
234  210 
234  163 
235  223 
235  212 
235  228 
235  208 
236  17 
236  5 
236  72 
236  225 
237  223 
237  25 
237  3 
237  208 
238  213 
238  10 
238  84 
238  4 
239  159 
239  24 
239  208 
239  103 
240  176 
240  147 
240  145 
240  20 
241  215 
241  227 
241  232 
241  123 
242  137 
242  47 
242  27 
242  198 
243  196 
243  221 
243  100 
243  232 
244  30 
244  211 
244  9 
244  72 
245  231 
245  212 
245  66 
245  210 
246  16 
246  229 
246  49 
246  230 
247  207 
247  132 
247  221 
247  216 
248  213 
248  220 
248  103 
248  151 
249  239 
249  64 
249  186 
249  124 
250  231 
250  221 
250  102 
250  224 
251  218 
251  107 
251  7 
251  229 
252  151 
252  147 
252  161 
252  248 
253  44 
253  84 
253  49 
253  186 
254  4 
254  212 
254  118 
254  158 
255  109 
255  218 
255  196 
255  186 
256  216 
256  158 
256  123 
256  152 
257  226 
257  123 
257  240 
257  224 
258  241 
258  20 
258  213 
258  4 
259  21 
259  192 
259  47 
259  251 
260  118 
260  103 
260  167 
260  85 
261  52 
261  158 
261  109 
261  47 
262  137 
262  193 
262  71 
262  255 
263  77 
263  224 
263  206 
263  259 
264  261 
264  123 
264  183 
264  142 
265  231 
265  209 
265  136 
265  177 
266  93 
266  260 
266  122 
266  166 
267  133 
267  54 
267  109 
267  5 
268  113 
268  142 
268  36 
268  193 
269  142 
269  162 
269  112 
269  41 
270  161 
270  71 
270  57 
270  84 
271  270 
271  262 
271  72 
271  87 
272  156 
272  101 
272  170 
272  210 
273  9 
273  256 
273  73 
273  248 
274  5 
274  41 
274  6 
274  209 
275  191 
275  43 
275  47 
275  173 
276  110 
276  262 
276  228 
276  21 
277  233 
277  267 
277  70 
277  250 
278  272 
278  261 
278  66 
278  139 
279  32 
279  163 
279  278 
279  276 
280  278 
280  276 
280  232 
280  102 
281  272 
281  147 
281  165 
281  133 
282  276 
282  6 
282  183 
282  241 
283  272 
283  164 
283  270 
283  54 
284  180 
284  245 
284  130 
284  165 
285  127 
285  165 
285  81 
285  151 
286  142 
286  209 
286  53 
286  63 
287  279 
287  171 
287  262 
287  282 
288  173 
288  101 
288  145 
288  15 
289  82 
289  278 
289  237 
289  288 
290  209 
290  287 
290  122 
290  6 
291  62 
291  29 
291  259 
291  180 
292  269 
292  15 
292  241 
292  90 
293  284 
293  255 
293  209 
293  256 
294  171 
294  282 
294  91 
294  118 
295  259 
295  165 
295  163 
295  56 
296  15 
296  262 
296  286 
296  260 
297  48 
297  269 
297  101 
297  285 
298  171 
298  285 
298  183 
298  231 
299  75 
299  102 
299  120 
299  293 
300  232 
300  281 
300  270 
300  130 
301  65 
301  75 
301  82 
301  158 
302  34 
302  129 
302  101 
302  259 
303  271 
303  183 
303  196 
303  121 
304  209 
304  283 
304  268 
304  91 
305  75 
305  263 
305  124 
305  23 
306  285 
306  89 
306  293 
306  292 
307  268 
307  276 
307  33 
307  265 
308  211 
308  93 
308  32 
308  284 
309  102 
309  100 
309  275 
309  81 
310  279 
310  90 
310  287 
310  38 
311  151 
311  310 
311  109 
311  179 
312  269 
312  303 
312  291 
312  58 
313  262 
313  237 
313  90 
313  87 
314  309 
314  160 
314  164 
314  24 
315  209 
315  246 
315  204 
315  232 
316  63 
316  29 
316  105 
316  12 
317  237 
317  125 
317  193 
317  262 
318  317 
318  311 
318  216 
318  240 
319  316 
319  214 
319  49 
319  57 
320  264 
320  189 
320  263 
320  259 
321  18 
321  260 
321  231 
321  70 
322  310 
322  85 
322  147 
322  293 
323  311 
323  275 
323  308 
323  316 
324  145 
324  74 
324  295 
324  119 
325  162 
325  317 
325  102 
325  249 
326  56 
326  242 
326  164 
326  319 
327  35 
327  310 
327  84 
327  75 
328  105 
328  259 
328  52 
328  206 
329  287 
329  320 
329  319 
329  229 
330  171 
330  39 
330  16 
330  132 
331  31 
331  14 
331  109 
331  135 
332  210 
332  324 
332  259 
332  309 
333  310 
333  321 
333  193 
333  309 
334  53 
334  122 
334  316 
334  329 
335  195 
335  237 
335  188 
335  327 
336  56 
336  103 
336  65 
336  306 
337  122 
337  128 
337  221 
337  272 
338  54 
338  36 
338  135 
338  293 
339  245 
339  240 
339  129 
339  48 
340  227 
340  124 
340  128 
340  321 
341  250 
341  135 
341  310 
341  215 
342  109 
342  329 
342  288 
342  225 
343  283 
343  240 
343  176 
343  305 
344  103 
344  283 
344  144 
344  329 
345  328 
345  310 
345  210 
345  159 
346  265 
346  329 
346  165 
346  238 
347  293 
347  139 
347  204 
347  104 
348  112 
348  105 
348  340 
348  135 
349  19 
349  273 
349  336 
349  116 
350  315 
350  75 
350  79 
350  49 
351  146 
351  320 
351  194 
351  262 
352  75 
352  231 
352  328 
352  321 
353  109 
353  206 
353  244 
353  323 
354  269 
354  285 
354  230 
354  316 
355  274 
355  313 
355  335 
355  212 
356  241 
356  348 
356  112 
356  310 
357  269 
357  328 
357  256 
357  71 
358  309 
358  352 
358  125 
358  320 
359  285 
359  208 
359  288 
359  222 
360  271 
360  133 
360  165 
360  91 
361  340 
361  61 
361  218 
361  129 
362  218 
362  135 
362  18 
362  110 
363  251 
363  223 
363  286 
363  338 
364  305 
364  71 
364  149 
364  126 
365  258 
365  267 
365  305 
365  218 
366  201 
366  66 
366  235 
366  316 
367  41 
367  54 
367  364 
367  122 
368  127 
368  352 
368  136 
368  149 
369  368 
369  86 
369  229 
369  248 
370  174 
370  256 
370  198 
370  16 
371  195 
371  360 
371  70 
371  134 
372  72 
372  6 
372  317 
372  22 
373  41 
373  45 
373  160 
373  121 
374  305 
374  130 
374  116 
374  354 
375  71 
375  365 
375  180 
375  12 
376  364 
376  116 
376  200 
376  305 
377  304 
377  345 
377  164 
377  262 
378  226 
378  54 
378  375 
378  13 
379  362 
379  372 
379  142 
379  289 
380  360 
380  60 
380  75 
380  288 
381  322 
381  354 
381  16 
381  59 
382  374 
382  371 
382  325 
382  373 
383  248 
383  377 
383  110 
383  350 
384  305 
384  72 
384  304 
384  368 
385  384 
385  373 
385  80 
385  251 
386  20 
386  54 
386  151 
386  74 
387  302 
387  385 
387  48 
387  276 
388  40 
388  166 
388  349 
388  378 
389  288 
389  60 
389  365 
389  371 
390  140 
390  2 
390  27 
390  376 
391  299 
391  61 
391  258 
391  73 
392  94 
392  333 
392  359 
392  72 
393  109 
393  7 
393  243 
393  40 
394  367 
394  379 
394  218 
394  371 
395  12 
395  53 
395  41 
395  204 
396  211 
396  87 
396  356 
396  76 
397  60 
397  367 
397  38 
397  305 
398  115 
398  80 
398  232 
398  27 
399  305 
399  89 
399  94 
399  363 
400  386 
400  277 
400  193 
400  52 
401  397 
401  124 
401  379 
401  375 
402  327 
402  95 
402  130 
402  381 
403  286 
403  42 
403  64 
403  305 
404  330 
404  204 
404  127 
404  66 
405  397 
405  69 
405  372 
405  181 
406  110 
406  213 
406  61 
406  54 
407  59 
407  396 
407  170 
407  312 
408  173 
408  363 
408  281 
408  321 
 

