1  2 
1  3 
1  4 
1  5 
1  6 
1  7 
1  8 
1  9 
1  10 
2  3 
2  4 
2  5 
2  6 
2  7 
2  8 
2  9 
2  10 
3  4 
3  5 
3  6 
3  7 
3  8 
3  9 
3  10 
4  5 
4  6 
4  7 
4  8 
4  9 
4  10 
5  6 
5  7 
5  8 
5  9 
5  10 
6  7 
6  8 
6  9 
6  10 
7  8 
7  9 
7  10 
8  9 
8  10 
9  10 
11  2 
11  9 
11  5 
11  4 
12  2 
12  8 
12  5 
12  1 
13  6 
13  2 
13  3 
13  1 
14  11 
14  3 
14  5 
14  8 
15  5 
15  3 
15  9 
15  1 
16  10 
16  1 
16  6 
16  14 
17  2 
17  7 
17  1 
17  8 
18  15 
18  4 
18  3 
18  17 
19  15 
19  2 
19  6 
19  5 
20  5 
20  9 
20  4 
20  14 
21  7 
21  9 
21  17 
21  19 
22  3 
22  8 
22  15 
22  17 
23  4 
23  20 
23  8 
23  14 
24  2 
24  3 
24  5 
24  13 
25  24 
25  6 
25  1 
25  13 
26  6 
26  1 
26  3 
26  9 
27  19 
27  1 
27  5 
27  4 
28  16 
28  12 
28  5 
28  7 
29  5 
29  10 
29  7 
29  22 
30  2 
30  20 
30  1 
30  21 
31  11 
31  5 
31  4 
31  14 
32  14 
32  9 
32  5 
32  6 
33  15 
33  6 
33  4 
33  2 
34  31 
34  9 
34  22 
34  8 
35  21 
35  3 
35  29 
35  13 
36  5 
36  10 
36  7 
36  27 
37  21 
37  3 
37  14 
37  19 
38  3 
38  35 
38  5 
38  9 
39  23 
39  2 
39  20 
39  7 
40  21 
40  14 
40  9 
40  33 
41  19 
41  40 
41  17 
41  4 
42  4 
42  33 
42  8 
42  7 
43  19 
43  1 
43  21 
43  9 
44  16 
44  3 
44  5 
44  8 
45  24 
45  7 
45  9 
45  25 
46  33 
46  5 
46  27 
46  17 
47  27 
47  9 
47  7 
47  8 
48  8 
48  24 
48  13 
48  7 
49  17 
49  2 
49  5 
49  9 
50  8 
50  38 
50  20 
50  28 
51  15 
51  7 
51  38 
51  17 
52  7 
52  5 
52  42 
52  23 
53  16 
53  40 
53  7 
53  1 
54  20 
54  50 
54  33 
54  51 
55  34 
55  5 
55  10 
55  8 
56  15 
56  24 
56  27 
56  41 
57  40 
57  37 
57  20 
57  4 
58  23 
58  3 
58  14 
58  9 
59  5 
59  33 
59  3 
59  8 
60  8 
60  47 
60  4 
60  29 
61  21 
61  8 
61  17 
61  43 
62  5 
62  33 
62  44 
62  1 
63  6 
63  13 
63  8 
63  5 
64  34 
64  6 
64  7 
64  29 
65  5 
65  54 
65  7 
65  1 
66  20 
66  9 
66  15 
66  1 
67  13 
67  7 
67  6 
67  8 
68  43 
68  16 
68  63 
68  27 
69  10 
69  68 
69  9 
69  7 
70  8 
70  13 
70  15 
70  10 
71  48 
71  5 
71  1 
71  16 
72  14 
72  20 
72  23 
72  26 
73  40 
73  68 
73  22 
73  21 
74  30 
74  20 
74  51 
74  16 
75  4 
75  66 
75  74 
75  5 
76  6 
76  61 
76  10 
76  7 
77  5 
77  22 
77  6 
77  9 
78  68 
78  2 
78  5 
78  14 
79  2 
79  22 
79  26 
79  35 
80  2 
80  1 
80  29 
80  24 
81  2 
81  44 
81  16 
81  3 
82  2 
82  6 
82  4 
82  54 
83  68 
83  14 
83  69 
83  71 
84  75 
84  7 
84  26 
84  74 
85  22 
85  57 
85  50 
85  6 
86  5 
86  71 
86  48 
86  1 
87  2 
87  77 
87  60 
87  6 
88  2 
88  8 
88  32 
88  87 
89  62 
89  10 
89  15 
89  23 
90  23 
90  14 
90  4 
90  65 
91  20 
91  29 
91  11 
91  1 
92  74 
92  83 
92  5 
92  40 
93  16 
93  66 
93  2 
93  6 
94  37 
94  10 
94  49 
94  12 
95  39 
95  36 
95  20 
95  48 
96  35 
96  84 
96  34 
96  23 
97  85 
97  53 
97  81 
97  3 
98  14 
98  7 
98  37 
98  8 
99  5 
99  26 
99  57 
99  33 
100  80 
100  5 
100  26 
100  35 
101  1 
101  80 
101  50 
101  8 
102  9 
102  91 
102  49 
102  7 
103  75 
103  92 
103  11 
103  2 
104  5 
104  4 
104  2 
104  17 
105  16 
105  64 
105  102 
105  63 
106  3 
106  51 
106  39 
106  44 
107  9 
107  51 
107  15 
107  58 
108  24 
108  85 
108  43 
108  33 
109  5 
109  92 
109  1 
109  68 
110  7 
110  26 
110  13 
110  29 
111  20 
111  87 
111  7 
111  21 
112  12 
112  75 
112  18 
112  2 
113  38 
113  5 
113  2 
113  61 
114  7 
114  4 
114  13 
114  70 
115  110 
115  60 
115  46 
115  3 
116  23 
116  21 
116  89 
116  4 
117  2 
117  60 
117  3 
117  9 
118  1 
118  7 
118  4 
118  15 
119  3 
119  15 
119  71 
119  58 
120  5 
120  16 
120  35 
120  10 
121  35 
121  15 
121  2 
121  8 
122  3 
122  90 
122  2 
122  1 
123  2 
123  5 
123  109 
123  35 
124  70 
124  5 
124  61 
124  23 
125  107 
125  44 
125  68 
125  59 
126  60 
126  10 
126  24 
126  109 
127  108 
127  83 
127  123 
127  1 
128  3 
128  7 
128  35 
128  46 
129  8 
129  79 
129  106 
129  105 
130  3 
130  48 
130  9 
130  38 
131  33 
131  96 
131  97 
131  78 
132  40 
132  26 
132  129 
132  74 
133  98 
133  27 
133  2 
133  51 
134  2 
134  40 
134  61 
134  60 
135  3 
135  93 
135  5 
135  129 
136  1 
136  35 
136  53 
136  24 
137  58 
137  19 
137  75 
137  40 
138  44 
138  85 
138  4 
138  8 
139  1 
139  79 
139  30 
139  20 
140  116 
140  68 
140  3 
140  15 
141  34 
141  92 
141  121 
141  57 
142  16 
142  68 
142  97 
142  64 
143  36 
143  16 
143  1 
143  50 
144  142 
144  8 
144  89 
144  13 
145  1 
145  20 
145  43 
145  41 
146  40 
146  9 
146  10 
146  138 
147  10 
147  89 
147  29 
147  41 
148  47 
148  63 
148  78 
148  51 
149  42 
149  74 
149  8 
149  142 
150  103 
150  141 
150  140 
150  7 
151  2 
151  25 
151  6 
151  7 
152  2 
152  77 
152  62 
152  131 
153  94 
153  59 
153  125 
153  65 
154  54 
154  59 
154  78 
154  57 
155  27 
155  153 
155  116 
155  5 
156  140 
156  109 
156  5 
156  14 
157  131 
157  50 
157  6 
157  107 
158  116 
158  75 
158  8 
158  138 
159  120 
159  11 
159  1 
159  116 
160  123 
160  21 
160  47 
160  129 
161  8 
161  153 
161  73 
161  38 
162  56 
162  107 
162  3 
162  5 
163  41 
163  138 
163  39 
163  21 
164  3 
164  15 
164  92 
164  23 
165  1 
165  120 
165  77 
165  119 
166  79 
166  1 
166  63 
166  102 
167  9 
167  73 
167  102 
167  51 
168  4 
168  120 
168  8 
168  5 
169  146 
169  15 
169  156 
169  7 
170  77 
170  8 
170  6 
170  4 
171  140 
171  17 
171  20 
171  66 
172  60 
172  4 
172  3 
172  9 
173  8 
173  7 
173  56 
173  126 
174  155 
174  1 
174  6 
174  142 
175  1 
175  27 
175  158 
175  92 
176  79 
176  22 
176  43 
176  10 
177  44 
177  125 
177  23 
177  82 
178  74 
178  55 
178  61 
178  60 
179  42 
179  68 
179  29 
179  56 
180  65 
180  23 
180  117 
180  7 
181  48 
181  109 
181  1 
181  113 
182  80 
182  3 
182  28 
182  72 
183  1 
183  109 
183  34 
183  2 
184  114 
184  113 
184  3 
184  5 
185  92 
185  40 
185  43 
185  3 
186  162 
186  74 
186  133 
186  19 
187  39 
187  118 
187  165 
187  105 
188  5 
188  8 
188  6 
188  63 
189  110 
189  188 
189  21 
189  80 
190  3 
190  15 
190  83 
190  172 
191  58 
191  87 
191  164 
191  132 
192  155 
192  19 
192  26 
192  3 
193  32 
193  81 
193  3 
193  9 
194  67 
194  65 
194  87 
194  98 
195  10 
195  163 
195  3 
195  8 
196  114 
196  185 
196  1 
196  172 
197  142 
197  83 
197  86 
197  57 
198  33 
198  194 
198  27 
198  25 
199  105 
199  22 
199  60 
199  183 
200  6 
200  48 
200  8 
200  77 
1  201 
1  202 
1  203 
1  204 
2  201 
2  205 
2  204 
3  206 
3  203 
3  205 
3  204 
4  207 
4  208 
5  203 
5  205 
5  204 
6  207 
6  204 
7  201 
7  207 
7  205 
7  204 
8  201 
8  207 
8  202 
8  206 
8  203 
8  208 
9  207 
9  203 
9  205 
9  204 
10  201 
10  202 
10  208 
10  205 
11  201 
11  207 
11  202 
11  206 
11  203 
12  201 
12  206 
12  203 
12  208 
12  205 
12  204 
13  201 
13  202 
13  206 
13  208 
14  208 
15  202 
15  203 
15  208 
15  205 
16  201 
16  206 
17  201 
17  203 
18  207 
18  206 
18  203 
18  208 
18  204 
19  201 
19  204 
20  207 
20  202 
20  204 
21  201 
21  208 
21  204 
22  201 
22  202 
22  205 
22  204 
23  202 
23  203 
23  205 
24  207 
25  207 
25  202 
25  206 
25  203 
25  205 
25  204 
26  207 
26  202 
26  208 
26  205 
27  202 
27  206 
27  203 
27  208 
27  205 
28  205 
28  204 
29  201 
29  207 
29  202 
29  205 
29  204 
30  202 
30  206 
31  201 
31  207 
31  206 
31  203 
31  208 
31  205 
31  204 
32  201 
32  207 
32  206 
32  203 
32  205 
33  201 
33  206 
33  208 
33  204 
34  201 
34  207 
34  206 
34  204 
35  202 
35  206 
35  208 
35  205 
36  201 
36  207 
36  206 
37  201 
37  207 
37  206 
37  203 
37  205 
37  204 
38  201 
38  207 
38  205 
39  206 
40  207 
40  202 
40  203 
41  201 
41  207 
41  202 
42  201 
42  202 
42  203 
43  206 
43  205 
43  204 
44  201 
44  206 
44  203 
44  204 
45  207 
45  202 
45  206 
45  208 
45  204 
46  207 
46  205 
46  204 
47  207 
47  206 
47  203 
47  208 
48  201 
48  205 
49  207 
49  202 
49  206 
49  203 
50  201 
50  207 
50  202 
50  206 
50  205 
201  207 
207  202 
202  206 
206  203 
203  208 
208  205 
205  204 
201  206 
201  203 
201  208 
207  206 
207  203 
207  208 
207  205 
202  201 
206  208 
206  205 
203  202 
203  205 
208  202 
205  202 
204  201 
204  206 
51  208 
51  204 
209  150 
209  98 
209  131 
209  114 
210  103 
210  114 
210  25 
210  35 
211  147 
211  6 
211  64 
211  108 
212  44 
212  62 
212  173 
212  141 
213  195 
213  97 
213  209 
213  148 
214  84 
214  200 
214  154 
214  103 
215  145 
215  209 
215  151 
215  51 
216  196 
216  135 
216  57 
216  37 
217  15 
217  216 
217  64 
217  11 
218  204 
218  132 
218  217 
218  79 
219  157 
219  70 
219  4 
219  210 
220  208 
220  8 
220  60 
220  21 
221  137 
221  141 
221  130 
221  88 
222  217 
222  2 
222  215 
222  160 
223  53 
223  163 
223  57 
223  123 
224  216 
224  111 
224  186 
224  136 
225  203 
225  177 
225  21 
225  26 
226  37 
226  112 
226  140 
226  41 
227  24 
227  48 
227  215 
227  91 
228  219 
228  167 
228  225 
228  148 
52  201 
52  207 
52  202 
52  203 
52  205 
52  204 
53  207 
53  206 
53  208 
53  205 
54  207 
54  202 
54  206 
54  204 
55  201 
55  202 
55  206 
55  203 
55  208 
229  129 
229  64 
229  182 
229  187 
230  139 
230  121 
230  185 
230  132 
231  193 
231  77 
231  103 
231  54 
232  226 
232  220 
232  158 
232  214 
233  129 
233  214 
233  118 
233  182 
234  129 
234  106 
234  69 
234  141 
235  230 
235  46 
235  89 
235  4 
236  57 
236  188 
236  16 
236  34 
237  168 
237  235 
237  1 
237  232 
238  181 
238  46 
238  102 
238  232 
239  1 
239  136 
239  6 
239  130 
240  137 
240  233 
240  32 
240  44 
241  1 
241  97 
241  191 
241  232 
242  10 
242  23 
242  1 
242  210 
243  129 
243  241 
243  44 
243  232 
244  181 
244  158 
244  53 
244  90 
245  239 
245  82 
245  242 
245  234 
246  73 
246  160 
246  238 
246  241 
247  230 
247  141 
247  29 
247  82 
248  91 
248  144 
248  233 
248  147 
56  202 
56  203 
56  208 
56  205 
56  204 
57  201 
57  206 
57  203 
57  208 
57  205 
249  63 
249  240 
249  100 
249  86 
250  208 
250  111 
250  112 
250  203 
251  230 
251  42 
251  167 
251  105 
252  86 
252  127 
252  7 
252  169 
253  164 
253  98 
253  69 
253  55 
254  182 
254  144 
254  29 
254  251 
255  30 
255  105 
255  229 
255  90 
256  169 
256  198 
256  145 
256  51 
257  207 
257  24 
257  255 
257  186 
258  101 
258  241 
258  137 
258  210 
259  124 
259  86 
259  224 
259  69 
260  144 
260  67 
260  86 
260  159 
261  255 
261  73 
261  42 
261  247 
262  133 
262  33 
262  204 
262  34 
263  250 
263  99 
263  37 
263  194 
264  33 
264  90 
264  220 
264  244 
265  46 
265  259 
265  227 
265  247 
266  196 
266  213 
266  165 
266  129 
267  62 
267  105 
267  46 
267  27 
268  164 
268  135 
268  66 
268  180 
58  201 
58  202 
58  206 
58  203 
58  205 
3  269 
4  269 
12  269 
15  269 
18  269 
20  269 
21  269 
22  269 
24  269 
25  269 
26  269 
27  269 
28  269 
30  269 
31  269 
33  269 
34  269 
36  269 
37  269 
38  269 
40  269 
44  269 
45  269 
46  269 
48  269 
49  269 
50  269 
52  269 
54  269 
55  269 
57  269 
203  204 
208  204 
205  201 
204  207 
269  206 
269  203 
269  208 
269  204 
270  31 
270  236 
270  9 
270  103 
271  99 
271  106 
271  11 
271  166 
272  234 
272  232 
272  128 
272  73 
273  163 
273  187 
273  226 
273  131 
274  251 
274  219 
274  253 
274  225 
275  176 
275  226 
275  160 
275  70 
276  139 
276  142 
276  117 
276  27 
277  269 
277  94 
277  185 
277  123 
278  275 
278  35 
278  47 
278  10 
279  24 
279  52 
279  112 
279  82 
280  200 
280  8 
280  248 
280  88 
281  264 
281  138 
281  219 
281  182 
282  243 
282  47 
282  81 
282  239 
283  39 
283  71 
283  269 
283  195 
284  231 
284  99 
284  70 
284  39 
285  106 
285  275 
285  165 
285  200 
286  218 
286  184 
286  221 
286  151 
287  117 
287  130 
287  191 
287  216 
288  282 
288  236 
288  138 
288  97 
289  185 
289  3 
289  284 
289  275 
59  201 
59  202 
59  206 
60  207 
60  205 
60  269 
61  207 
61  202 
61  206 
61  203 
61  205 
61  204 
290  274 
290  282 
290  137 
290  23 
291  209 
291  100 
291  36 
291  190 
292  28 
292  11 
292  140 
292  288 
293  12 
293  81 
293  10 
293  38 
294  39 
294  41 
294  164 
294  12 
295  45 
295  73 
295  294 
295  226 
296  66 
296  258 
296  43 
296  291 
297  288 
297  187 
297  295 
297  87 
298  258 
298  7 
298  171 
298  257 
299  268 
299  38 
299  274 
299  44 
300  196 
300  27 
300  212 
300  290 
301  217 
301  243 
301  182 
301  203 
302  229 
302  198 
302  298 
302  2 
303  73 
303  262 
303  145 
303  150 
304  290 
304  14 
304  251 
304  301 
305  150 
305  178 
305  217 
305  205 
306  301 
306  81 
306  80 
306  6 
307  161 
307  275 
307  178 
307  44 
308  293 
308  304 
308  83 
308  98 
309  234 
309  105 
309  256 
309  229 
 

