1  2 
1  3 
1  4 
1  5 
1  6 
1  7 
1  8 
1  9 
1  10 
2  3 
2  4 
2  5 
2  6 
2  7 
2  8 
2  9 
2  10 
3  4 
3  5 
3  6 
3  7 
3  8 
3  9 
3  10 
4  5 
4  6 
4  7 
4  8 
4  9 
4  10 
5  6 
5  7 
5  8 
5  9 
5  10 
6  7 
6  8 
6  9 
6  10 
7  8 
7  9 
7  10 
8  9 
8  10 
9  10 
11  7 
11  1 
11  8 
11  10 
12  10 
12  1 
12  11 
12  9 
13  10 
13  9 
13  11 
13  8 
14  7 
14  9 
14  12 
14  2 
15  10 
15  6 
15  9 
15  1 
16  3 
16  1 
16  7 
16  10 
17  3 
17  15 
17  7 
17  6 
18  9 
18  3 
18  8 
18  12 
19  1 
19  14 
19  17 
19  10 
20  9 
20  5 
20  11 
20  6 
21  2 
21  18 
21  8 
21  1 
22  19 
22  7 
22  10 
22  17 
23  15 
23  4 
23  7 
23  1 
24  1 
24  6 
24  14 
24  9 
25  18 
25  5 
25  3 
25  16 
26  2 
26  9 
26  19 
26  10 
27  19 
27  6 
27  8 
27  22 
28  1 
28  4 
28  8 
28  2 
29  13 
29  26 
29  24 
29  11 
30  8 
30  16 
30  5 
30  23 
31  30 
31  15 
31  13 
31  19 
32  22 
32  10 
32  11 
32  30 
33  6 
33  26 
33  5 
33  9 
34  12 
34  2 
34  17 
34  4 
35  22 
35  9 
35  6 
35  15 
36  9 
36  1 
36  22 
36  29 
37  2 
37  10 
37  8 
37  5 
38  32 
38  1 
38  8 
38  13 
39  6 
39  8 
39  9 
39  4 
40  4 
40  29 
40  2 
40  39 
41  13 
41  14 
41  5 
41  36 
42  7 
42  5 
42  3 
42  10 
43  8 
43  10 
43  13 
43  41 
44  6 
44  13 
44  40 
44  9 
45  33 
45  37 
45  5 
45  23 
46  11 
46  41 
46  6 
46  3 
47  41 
47  5 
47  15 
47  19 
48  4 
48  29 
48  30 
48  1 
49  19 
49  39 
49  4 
49  9 
50  9 
50  31 
50  10 
50  1 
51  1 
51  37 
51  2 
51  39 
52  22 
52  18 
52  9 
52  30 
53  18 
53  12 
53  36 
53  48 
54  4 
54  8 
54  9 
54  23 
55  24 
55  8 
55  16 
55  1 
56  6 
56  8 
56  41 
56  24 
57  3 
57  15 
57  56 
57  17 
58  2 
58  57 
58  31 
58  10 
59  7 
59  34 
59  51 
59  11 
60  42 
60  34 
60  46 
60  1 
61  25 
61  40 
61  8 
61  9 
62  60 
62  57 
62  43 
62  5 
63  15 
63  26 
63  18 
63  42 
64  23 
64  32 
64  14 
64  17 
65  7 
65  40 
65  19 
65  14 
66  10 
66  49 
66  32 
66  47 
67  11 
67  65 
67  32 
67  47 
68  62 
68  10 
68  22 
68  15 
69  9 
69  3 
69  2 
69  27 
70  6 
70  36 
70  31 
70  8 
71  7 
71  35 
71  17 
71  42 
72  14 
72  19 
72  8 
72  39 
73  18 
73  7 
73  1 
73  19 
74  50 
74  3 
74  6 
74  8 
75  8 
75  43 
75  32 
75  37 
76  16 
76  31 
76  49 
76  7 
77  25 
77  9 
77  15 
77  18 
78  22 
78  6 
78  2 
78  25 
79  27 
79  6 
79  15 
79  49 
80  17 
80  40 
80  2 
80  12 
81  8 
81  15 
81  47 
81  11 
82  61 
82  8 
82  65 
82  27 
83  23 
83  34 
83  61 
83  1 
84  29 
84  7 
84  15 
84  34 
85  19 
85  40 
85  2 
85  10 
86  61 
86  5 
86  14 
86  22 
87  29 
87  6 
87  15 
87  69 
88  12 
88  26 
88  44 
88  9 
89  7 
89  20 
89  1 
89  10 
90  14 
90  22 
90  1 
90  89 
91  17 
91  58 
91  81 
91  36 
92  2 
92  4 
92  55 
92  30 
93  7 
93  67 
93  9 
93  32 
94  8 
94  11 
94  39 
94  35 
95  19 
95  72 
95  14 
95  36 
96  6 
96  50 
96  11 
96  3 
97  24 
97  66 
97  36 
97  31 
98  16 
98  27 
98  22 
98  85 
99  12 
99  42 
99  2 
99  77 
100  15 
100  2 
100  14 
100  1 
101  8 
101  15 
101  95 
101  22 
102  43 
102  61 
102  47 
102  19 
103  42 
103  84 
103  7 
103  6 
104  1 
104  56 
104  101 
104  10 
105  88 
105  58 
105  49 
105  4 
106  19 
106  15 
106  88 
106  4 
107  28 
107  85 
107  29 
107  83 
108  78 
108  64 
108  11 
108  27 
109  39 
109  76 
109  90 
109  94 
110  19 
110  1 
110  5 
110  18 
111  5 
111  27 
111  7 
111  88 
112  7 
112  27 
112  66 
112  5 
113  16 
113  99 
113  64 
113  3 
114  84 
114  12 
114  69 
114  88 
115  15 
115  53 
115  18 
115  23 
116  9 
116  64 
116  1 
116  90 
117  5 
117  108 
117  9 
117  14 
118  76 
118  15 
118  14 
118  27 
119  86 
119  4 
119  83 
119  45 
120  88 
120  22 
120  87 
120  90 
121  30 
121  22 
121  63 
121  72 
122  100 
122  12 
122  47 
122  11 
123  11 
123  1 
123  109 
123  26 
124  98 
124  4 
124  83 
124  9 
125  110 
125  36 
125  42 
125  11 
126  33 
126  106 
126  14 
126  19 
127  47 
127  5 
127  79 
127  107 
128  3 
128  28 
128  9 
128  65 
129  39 
129  40 
129  13 
129  57 
130  95 
130  3 
130  88 
130  63 
131  3 
131  17 
131  95 
131  49 
132  78 
132  41 
132  57 
132  7 
133  16 
133  3 
133  32 
133  66 
134  3 
134  112 
134  23 
134  57 
135  9 
135  2 
135  30 
135  5 
136  112 
136  10 
136  29 
136  44 
137  89 
137  82 
137  122 
137  25 
138  49 
138  86 
138  136 
138  1 
139  105 
139  27 
139  32 
139  14 
140  100 
140  138 
140  1 
140  19 
141  25 
141  62 
141  1 
141  2 
142  2 
142  84 
142  123 
142  95 
143  137 
143  4 
143  61 
143  39 
144  26 
144  55 
144  13 
144  4 
145  50 
145  105 
145  1 
145  51 
146  35 
146  1 
146  27 
146  22 
147  12 
147  5 
147  13 
147  45 
148  105 
148  12 
148  15 
148  61 
149  90 
149  68 
149  36 
149  110 
150  127 
150  19 
150  126 
150  14 
151  32 
151  36 
151  55 
151  96 
152  101 
152  6 
152  2 
152  88 
153  51 
153  8 
153  7 
153  85 
154  87 
154  58 
154  81 
154  42 
155  3 
155  41 
155  39 
155  102 
156  89 
156  65 
156  154 
156  5 
157  152 
157  1 
157  57 
157  24 
158  32 
158  33 
158  96 
158  1 
159  5 
159  53 
159  76 
159  144 
160  36 
160  24 
160  40 
160  74 
161  160 
161  43 
161  77 
161  16 
162  116 
162  84 
162  128 
162  92 
163  92 
163  93 
163  22 
163  25 
164  55 
164  39 
164  31 
164  19 
165  138 
165  153 
165  57 
165  72 
166  1 
166  34 
166  104 
166  78 
167  108 
167  56 
167  9 
167  11 
168  23 
168  9 
168  7 
168  6 
169  56 
169  157 
169  7 
169  17 
170  19 
170  17 
170  26 
170  7 
171  76 
171  82 
171  27 
171  42 
172  8 
172  10 
172  9 
172  23 
173  97 
173  1 
173  105 
173  141 
174  19 
174  17 
174  6 
174  83 
175  90 
175  133 
175  86 
175  33 
176  137 
176  6 
176  99 
176  23 
177  54 
177  53 
177  170 
177  28 
178  130 
178  74 
178  61 
178  63 
179  19 
179  160 
179  8 
179  9 
180  2 
180  1 
180  155 
180  44 
181  100 
181  6 
181  138 
181  8 
182  1 
182  5 
182  15 
182  9 
183  79 
183  3 
183  158 
183  19 
184  122 
184  6 
184  79 
184  115 
185  103 
185  9 
185  63 
185  182 
186  150 
186  47 
186  25 
186  77 
187  128 
187  99 
187  23 
187  88 
188  121 
188  157 
188  42 
188  97 
189  3 
189  6 
189  141 
189  125 
190  7 
190  157 
190  5 
190  3 
191  79 
191  6 
191  39 
191  7 
192  47 
192  29 
192  23 
192  97 
193  2 
193  128 
193  23 
193  135 
194  3 
194  146 
194  10 
194  9 
195  144 
195  10 
195  33 
195  55 
196  119 
196  14 
196  49 
196  35 
197  42 
197  9 
197  8 
197  1 
198  59 
198  86 
198  13 
198  6 
199  7 
199  13 
199  196 
199  3 
200  131 
200  182 
200  144 
200  98 
1  201 
1  202 
1  203 
1  204 
1  205 
2  204 
2  205 
3  206 
3  202 
3  203 
3  207 
4  201 
4  206 
4  203 
4  208 
4  204 
4  205 
5  206 
5  208 
5  204 
6  201 
6  208 
6  205 
7  203 
8  206 
8  202 
8  203 
8  204 
8  205 
9  206 
9  202 
9  203 
9  208 
10  201 
10  203 
10  208 
10  204 
10  207 
10  205 
11  201 
11  206 
11  202 
11  203 
11  207 
11  205 
12  206 
12  202 
12  208 
12  207 
13  201 
13  206 
13  202 
13  204 
13  205 
14  202 
14  203 
15  201 
15  203 
15  204 
16  201 
16  206 
16  203 
16  208 
16  207 
16  205 
17  203 
17  208 
17  204 
18  206 
18  203 
18  207 
18  205 
19  201 
19  206 
19  203 
19  204 
19  207 
20  201 
20  206 
20  202 
20  203 
20  208 
20  204 
20  205 
21  202 
21  203 
21  208 
21  204 
21  207 
22  202 
22  203 
22  208 
22  205 
23  202 
23  208 
23  205 
24  201 
24  202 
24  203 
24  208 
24  204 
25  201 
25  206 
25  202 
25  208 
25  205 
26  202 
26  204 
26  207 
27  201 
27  206 
27  203 
27  208 
27  204 
28  206 
28  202 
28  204 
29  201 
29  206 
29  202 
29  208 
29  207 
30  203 
30  208 
30  207 
31  201 
31  206 
31  202 
31  203 
31  208 
32  206 
32  203 
32  208 
32  204 
32  207 
32  205 
33  208 
33  204 
33  207 
34  201 
34  206 
34  202 
34  204 
34  207 
34  205 
35  206 
35  202 
35  203 
35  204 
36  201 
36  206 
36  202 
36  203 
36  205 
37  201 
37  203 
37  208 
37  205 
38  207 
38  205 
39  202 
39  208 
39  207 
40  201 
40  206 
40  208 
40  204 
41  201 
41  202 
41  204 
41  207 
42  201 
42  206 
42  208 
42  205 
43  206 
43  202 
43  203 
43  208 
43  204 
43  205 
44  201 
44  206 
44  205 
45  201 
45  206 
45  207 
46  206 
46  202 
46  203 
46  207 
46  205 
47  201 
47  206 
47  204 
47  205 
48  202 
48  203 
48  208 
48  207 
48  205 
49  206 
49  203 
49  205 
50  202 
50  203 
50  208 
50  207 
201  206 
206  202 
202  203 
203  208 
208  204 
204  207 
207  205 
201  204 
206  203 
206  208 
206  204 
202  201 
202  208 
202  207 
203  204 
203  207 
208  207 
207  201 
207  206 
205  201 
205  206 
205  202 
51  204 
51  207 
51  205 
52  201 
52  206 
52  202 
52  208 
52  207 
52  205 
53  208 
53  205 
209  86 
209  91 
209  152 
209  173 
210  132 
210  14 
210  46 
210  22 
211  210 
211  194 
211  201 
211  161 
212  6 
212  11 
212  44 
212  126 
213  186 
213  6 
213  212 
213  114 
214  201 
214  78 
214  173 
214  96 
215  208 
215  76 
215  46 
215  69 
216  43 
216  175 
216  85 
216  214 
217  65 
217  183 
217  95 
217  201 
218  9 
218  57 
218  189 
218  175 
219  171 
219  89 
219  168 
219  10 
220  133 
220  126 
220  39 
220  63 
221  28 
221  10 
221  102 
221  213 
222  89 
222  165 
222  76 
222  78 
223  165 
223  66 
223  220 
223  115 
224  217 
224  209 
224  210 
224  211 
225  96 
225  210 
225  209 
225  214 
226  9 
226  120 
226  208 
226  209 
227  30 
227  20 
227  224 
227  187 
228  216 
228  11 
228  63 
228  43 
54  206 
54  202 
54  208 
55  201 
55  204 
55  207 
55  205 
56  201 
56  206 
56  208 
56  207 
57  202 
57  203 
57  207 
58  201 
58  203 
58  204 
58  207 
58  205 
229  29 
229  163 
229  24 
229  144 
230  31 
230  96 
230  40 
230  93 
231  27 
231  152 
231  177 
231  25 
232  184 
232  139 
232  220 
232  170 
233  1 
233  117 
233  102 
233  199 
234  142 
234  224 
234  131 
234  141 
235  159 
235  96 
235  227 
235  125 
236  47 
236  135 
236  7 
236  16 
237  1 
237  39 
237  198 
237  161 
238  77 
238  116 
238  32 
238  125 
239  196 
239  175 
239  68 
239  44 
240  238 
240  182 
240  235 
240  40 
241  125 
241  175 
241  48 
241  30 
242  112 
242  234 
242  157 
242  236 
243  161 
243  198 
243  162 
243  109 
244  84 
244  211 
244  36 
244  237 
245  17 
245  134 
245  244 
245  162 
246  221 
246  209 
246  14 
246  157 
247  44 
247  82 
247  1 
247  32 
248  231 
248  83 
248  198 
248  125 
59  203 
59  208 
60  203 
60  207 
60  205 
61  201 
61  206 
61  208 
61  204 
61  205 
62  201 
62  203 
62  208 
62  204 
249  168 
249  240 
249  2 
249  154 
250  70 
250  187 
250  234 
250  119 
251  148 
251  109 
251  96 
251  83 
252  226 
252  96 
252  109 
252  156 
253  115 
253  141 
253  159 
253  123 
254  214 
254  95 
254  229 
254  181 
255  59 
255  77 
255  231 
255  121 
256  111 
256  45 
256  249 
256  12 
257  251 
257  154 
257  98 
257  248 
258  87 
258  41 
258  48 
258  254 
259  256 
259  231 
259  122 
259  44 
260  72 
260  13 
260  24 
260  88 
261  124 
261  244 
261  4 
261  106 
262  181 
262  157 
262  213 
262  162 
263  35 
263  74 
263  208 
263  188 
264  257 
264  9 
264  92 
264  254 
265  258 
265  252 
265  207 
265  155 
266  192 
266  217 
266  153 
266  251 
267  149 
267  13 
267  188 
267  251 
268  195 
268  103 
268  262 
268  167 
 

