1  2 
1  3 
1  4 
1  5 
1  6 
1  7 
1  8 
1  9 
1  10 
2  3 
2  4 
2  5 
2  6 
2  7 
2  8 
2  9 
2  10 
3  4 
3  5 
3  6 
3  7 
3  8 
3  9 
3  10 
4  5 
4  6 
4  7 
4  8 
4  9 
4  10 
5  6 
5  7 
5  8 
5  9 
5  10 
6  7 
6  8 
6  9 
6  10 
7  8 
7  9 
7  10 
8  9 
8  10 
9  10 
11  6 
11  7 
11  4 
11  8 
12  3 
12  5 
12  8 
12  2 
13  7 
13  11 
13  2 
13  6 
14  9 
14  10 
14  2 
14  6 
15  14 
15  7 
15  8 
15  11 
16  7 
16  2 
16  1 
16  6 
17  3 
17  2 
17  5 
17  12 
18  9 
18  8 
18  5 
18  2 
19  10 
19  4 
19  17 
19  6 
20  4 
20  2 
20  14 
20  8 
21  4 
21  2 
21  1 
21  18 
22  14 
22  1 
22  20 
22  3 
23  8 
23  21 
23  4 
23  2 
24  2 
24  8 
24  14 
24  7 
25  8 
25  2 
25  3 
25  18 
26  14 
26  10 
26  2 
26  5 
27  11 
27  14 
27  6 
27  8 
28  7 
28  17 
28  4 
28  15 
29  12 
29  4 
29  7 
29  8 
30  3 
30  20 
30  8 
30  17 
31  19 
31  7 
31  3 
31  8 
32  20 
32  4 
32  1 
32  9 
33  31 
33  14 
33  15 
33  5 
34  5 
34  1 
34  31 
34  4 
35  3 
35  2 
35  7 
35  16 
36  11 
36  5 
36  35 
36  31 
37  7 
37  29 
37  10 
37  8 
38  23 
38  30 
38  8 
38  9 
39  7 
39  5 
39  6 
39  30 
40  8 
40  30 
40  14 
40  23 
41  12 
41  15 
41  2 
41  1 
42  4 
42  30 
42  31 
42  3 
43  8 
43  30 
43  1 
43  40 
44  31 
44  10 
44  7 
44  15 
45  7 
45  8 
45  41 
45  11 
46  17 
46  25 
46  9 
46  16 
47  6 
47  7 
47  8 
47  10 
48  15 
48  24 
48  11 
48  6 
49  19 
49  2 
49  40 
49  25 
50  14 
50  29 
50  45 
50  8 
51  26 
51  20 
51  34 
51  8 
52  17 
52  29 
52  45 
52  31 
53  27 
53  5 
53  11 
53  8 
54  41 
54  50 
54  13 
54  3 
55  12 
55  40 
55  21 
55  7 
56  31 
56  8 
56  14 
56  3 
57  46 
57  40 
57  14 
57  39 
58  5 
58  24 
58  4 
58  14 
59  9 
59  10 
59  5 
59  54 
60  1 
60  16 
60  8 
60  46 
61  7 
61  21 
61  27 
61  15 
62  5 
62  40 
62  11 
62  13 
63  59 
63  8 
63  25 
63  27 
64  4 
64  8 
64  7 
64  30 
65  31 
65  16 
65  25 
65  6 
66  6 
66  3 
66  20 
66  22 
67  29 
67  6 
67  22 
67  27 
68  7 
68  32 
68  6 
68  40 
69  9 
69  45 
69  2 
69  31 
70  27 
70  2 
70  3 
70  45 
71  58 
71  30 
71  17 
71  7 
72  8 
72  36 
72  49 
72  27 
73  54 
73  1 
73  25 
73  2 
74  12 
74  31 
74  46 
74  2 
75  30 
75  64 
75  70 
75  41 
76  47 
76  2 
76  13 
76  7 
77  30 
77  6 
77  62 
77  2 
78  44 
78  6 
78  3 
78  31 
79  8 
79  7 
79  25 
79  16 
80  76 
80  2 
80  35 
80  41 
81  45 
81  29 
81  2 
81  12 
82  11 
82  78 
82  64 
82  8 
83  2 
83  5 
83  19 
83  73 
84  41 
84  63 
84  9 
84  15 
85  48 
85  4 
85  61 
85  25 
86  9 
86  40 
86  74 
86  31 
87  82 
87  85 
87  32 
87  37 
88  47 
88  4 
88  87 
88  9 
89  15 
89  9 
89  27 
89  3 
90  65 
90  8 
90  1 
90  88 
91  80 
91  6 
91  20 
91  34 
92  33 
92  8 
92  20 
92  70 
93  53 
93  14 
93  8 
93  30 
94  25 
94  2 
94  4 
94  71 
95  87 
95  29 
95  88 
95  3 
96  54 
96  29 
96  6 
96  31 
97  8 
97  10 
97  31 
97  2 
98  18 
98  33 
98  32 
98  10 
99  10 
99  5 
99  45 
99  70 
100  79 
100  18 
100  64 
100  23 
101  25 
101  69 
101  42 
101  17 
102  11 
102  78 
102  7 
102  61 
103  8 
103  73 
103  88 
103  23 
104  30 
104  37 
104  18 
104  14 
105  5 
105  18 
105  2 
105  37 
106  14 
106  52 
106  15 
106  53 
107  37 
107  8 
107  38 
107  83 
108  4 
108  30 
108  71 
108  8 
109  9 
109  39 
109  7 
109  99 
110  6 
110  77 
110  9 
110  11 
111  65 
111  15 
111  40 
111  7 
112  9 
112  2 
112  48 
112  31 
113  30 
113  42 
113  65 
113  12 
114  18 
114  32 
114  6 
114  4 
115  36 
115  6 
115  4 
115  7 
116  39 
116  113 
116  98 
116  51 
117  6 
117  51 
117  85 
117  97 
118  1 
118  4 
118  116 
118  8 
119  16 
119  8 
119  81 
119  31 
120  36 
120  44 
120  1 
120  32 
121  107 
121  62 
121  31 
121  83 
122  86 
122  6 
122  4 
122  7 
123  59 
123  88 
123  15 
123  3 
124  83 
124  117 
124  18 
124  13 
125  7 
125  8 
125  21 
125  14 
126  30 
126  11 
126  20 
126  5 
127  24 
127  2 
127  5 
127  6 
128  49 
128  41 
128  14 
128  47 
129  4 
129  7 
129  29 
129  88 
130  17 
130  23 
130  93 
130  79 
131  15 
131  35 
131  82 
131  3 
132  125 
132  11 
132  71 
132  15 
133  56 
133  1 
133  116 
133  123 
134  41 
134  40 
134  115 
134  64 
135  4 
135  69 
135  40 
135  61 
136  37 
136  2 
136  3 
136  118 
137  1 
137  31 
137  8 
137  3 
138  31 
138  2 
138  20 
138  110 
139  73 
139  111 
139  16 
139  13 
140  8 
140  3 
140  22 
140  123 
141  20 
141  67 
141  88 
141  30 
142  10 
142  123 
142  27 
142  57 
143  71 
143  1 
143  9 
143  108 
144  14 
144  88 
144  2 
144  43 
145  131 
145  41 
145  135 
145  6 
146  51 
146  2 
146  69 
146  15 
147  50 
147  4 
147  59 
147  89 
148  72 
148  14 
148  35 
148  50 
149  86 
149  1 
149  7 
149  71 
150  27 
150  2 
150  101 
150  99 
151  7 
151  122 
151  29 
151  69 
152  67 
152  83 
152  56 
152  31 
153  69 
153  8 
153  108 
153  2 
154  17 
154  105 
154  32 
154  2 
155  2 
155  37 
155  13 
155  4 
156  15 
156  7 
156  29 
156  25 
157  34 
157  33 
157  23 
157  13 
158  99 
158  1 
158  139 
158  6 
159  26 
159  8 
159  22 
159  1 
160  8 
160  124 
160  1 
160  2 
161  8 
161  7 
161  88 
161  54 
162  139 
162  20 
162  157 
162  17 
163  90 
163  71 
163  150 
163  16 
164  1 
164  21 
164  64 
164  34 
165  131 
165  134 
165  133 
165  46 
166  37 
166  86 
166  88 
166  4 
167  108 
167  111 
167  119 
167  133 
168  6 
168  22 
168  82 
168  137 
169  9 
169  72 
169  27 
169  8 
170  2 
170  141 
170  10 
170  27 
171  126 
171  161 
171  9 
171  138 
172  7 
172  102 
172  161 
172  11 
173  15 
173  23 
173  25 
173  19 
174  22 
174  9 
174  8 
174  7 
175  12 
175  9 
175  6 
175  40 
176  13 
176  1 
176  2 
176  171 
177  2 
177  9 
177  76 
177  14 
178  67 
178  70 
178  73 
178  165 
179  17 
179  158 
179  37 
179  71 
180  135 
180  31 
180  134 
180  16 
181  60 
181  3 
181  33 
181  97 
182  5 
182  91 
182  167 
182  7 
183  4 
183  34 
183  10 
183  3 
184  60 
184  32 
184  27 
184  78 
185  69 
185  3 
185  8 
185  31 
186  39 
186  101 
186  11 
186  167 
187  25 
187  43 
187  1 
187  30 
188  107 
188  115 
188  2 
188  178 
189  4 
189  116 
189  154 
189  10 
190  21 
190  26 
190  124 
190  56 
191  105 
191  91 
191  31 
191  41 
192  13 
192  164 
192  25 
192  139 
193  79 
193  171 
193  59 
193  3 
194  84 
194  178 
194  181 
194  64 
195  43 
195  64 
195  81 
195  131 
196  26 
196  186 
196  192 
196  172 
197  141 
197  36 
197  46 
197  9 
198  126 
198  30 
198  14 
198  120 
199  2 
199  26 
199  30 
199  39 
200  15 
200  17 
200  9 
200  191 
1  201 
1  202 
1  203 
1  204 
2  201 
2  202 
3  201 
3  205 
3  202 
3  204 
3  206 
4  201 
4  207 
4  202 
4  203 
4  204 
5  208 
5  204 
6  201 
6  205 
6  207 
6  203 
6  204 
7  201 
7  205 
7  207 
7  204 
8  202 
8  203 
8  204 
9  208 
9  205 
9  202 
9  203 
10  208 
10  207 
10  203 
10  204 
11  208 
11  205 
11  207 
11  202 
11  203 
11  206 
12  201 
12  205 
12  207 
12  204 
12  206 
13  202 
13  204 
13  206 
14  207 
14  202 
14  204 
14  206 
15  208 
15  201 
15  205 
15  206 
16  208 
16  201 
16  204 
17  201 
17  207 
17  203 
17  204 
17  206 
18  208 
18  207 
18  202 
18  203 
18  206 
19  208 
19  203 
19  204 
19  206 
20  208 
20  202 
20  203 
20  204 
20  206 
208  201 
201  205 
205  207 
207  202 
202  203 
203  204 
204  206 
208  205 
208  207 
208  202 
208  203 
208  204 
201  207 
201  202 
205  202 
205  204 
204  201 
204  207 
204  202 
206  207 
206  203 
209  149 
209  63 
209  143 
209  10 
210  30 
210  160 
210  43 
210  89 
211  202 
211  34 
211  174 
211  10 
212  180 
212  17 
212  118 
212  103 
213  135 
213  212 
213  183 
213  6 
214  10 
214  122 
214  109 
214  88 
215  135 
215  169 
215  202 
215  5 
216  19 
216  174 
216  159 
216  67 
217  9 
217  211 
217  122 
217  210 
218  91 
218  123 
218  180 
218  175 
219  81 
219  11 
219  44 
219  13 
220  44 
220  218 
220  66 
220  73 
221  5 
221  113 
221  159 
221  164 
222  156 
222  220 
222  41 
222  100 
223  214 
223  98 
223  180 
223  80 
224  32 
224  93 
224  53 
224  218 
225  177 
225  52 
225  148 
225  67 
226  20 
226  166 
226  216 
226  214 
227  153 
227  121 
227  134 
227  189 
228  165 
228  41 
228  167 
228  49 
229  31 
229  212 
229  201 
229  149 
230  101 
230  227 
230  123 
230  187 
231  228 
231  105 
231  65 
231  224 
232  226 
232  10 
232  124 
232  120 
233  188 
233  44 
233  1 
233  98 
234  229 
234  189 
234  12 
234  180 
235  209 
235  191 
235  174 
235  150 
236  27 
236  73 
236  20 
236  136 
237  41 
237  215 
237  65 
237  127 
238  88 
238  20 
238  34 
238  135 
239  221 
239  80 
239  217 
239  137 
240  23 
240  237 
240  100 
240  75 
241  237 
241  61 
241  216 
241  57 
242  156 
242  155 
242  35 
242  15 
243  236 
243  209 
243  200 
243  187 
244  98 
244  74 
244  124 
244  202 
245  244 
245  110 
245  211 
245  225 
246  226 
246  20 
246  80 
246  217 
247  10 
247  238 
247  203 
247  231 
248  57 
248  232 
248  212 
248  239 
249  32 
249  211 
249  233 
249  159 
250  211 
250  81 
250  192 
250  244 
251  225 
251  89 
251  248 
251  193 
252  49 
252  47 
252  214 
252  224 
253  150 
253  218 
253  159 
253  232 
254  192 
254  175 
254  242 
254  78 
255  12 
255  51 
255  153 
255  248 
256  9 
256  244 
256  223 
256  214 
257  185 
257  66 
257  33 
257  255 
258  113 
258  255 
258  102 
258  151 
259  255 
259  254 
259  83 
259  31 
260  173 
260  21 
260  103 
260  20 
261  75 
261  132 
261  187 
261  230 
262  256 
262  24 
262  55 
262  131 
263  163 
263  19 
263  38 
263  179 
264  177 
264  23 
264  235 
264  42 
265  179 
265  162 
265  25 
265  83 
266  20 
266  236 
266  190 
266  257 
267  43 
267  93 
267  189 
267  236 
268  158 
268  145 
268  92 
268  243 
269  243 
269  196 
269  267 
269  140 
270  240 
270  268 
270  117 
270  99 
271  268 
271  161 
271  83 
271  181 
272  151 
272  157 
272  253 
272  247 
273  161 
273  157 
273  128 
273  268 
274  102 
274  158 
274  75 
274  261 
275  186 
275  27 
275  131 
275  24 
276  163 
276  204 
276  259 
276  271 
277  206 
277  265 
277  83 
277  264 
278  10 
278  94 
278  269 
278  195 
279  14 
279  276 
279  266 
279  278 
280  5 
280  278 
280  188 
280  119 
281  95 
281  211 
281  237 
281  230 
282  190 
282  94 
282  227 
282  31 
283  237 
283  279 
283  82 
283  7 
284  206 
284  278 
284  31 
284  69 
285  230 
285  278 
285  259 
285  174 
286  10 
286  216 
286  177 
286  119 
287  253 
287  265 
287  259 
287  67 
288  252 
288  7 
288  246 
288  107 
289  151 
289  44 
289  261 
289  203 
290  278 
290  67 
290  189 
290  280 
291  236 
291  269 
291  175 
291  170 
292  161 
292  189 
292  74 
292  287 
293  169 
293  285 
293  65 
293  80 
294  289 
294  10 
294  291 
294  269 
295  51 
295  273 
295  111 
295  269 
296  266 
296  173 
296  3 
296  284 
297  246 
297  35 
297  4 
297  23 
298  264 
298  139 
298  26 
298  13 
299  278 
299  189 
299  261 
299  206 
300  273 
300  266 
300  97 
300  133 
301  51 
301  6 
301  116 
301  263 
302  16 
302  39 
302  299 
302  262 
303  267 
303  104 
303  102 
303  297 
304  94 
304  175 
304  9 
304  293 
305  264 
305  55 
305  59 
305  162 
306  52 
306  287 
306  284 
306  190 
307  69 
307  285 
307  270 
307  298 
308  237 
308  274 
308  251 
308  60 
309  234 
309  86 
309  104 
309  37 
310  204 
310  298 
310  101 
310  122 
311  252 
311  95 
311  203 
311  115 
312  148 
312  239 
312  248 
312  88 
313  144 
313  121 
313  72 
313  106 
314  286 
314  199 
314  248 
314  289 
315  219 
315  248 
315  233 
315  283 
316  276 
316  311 
316  52 
316  104 
317  262 
317  13 
317  222 
317  87 
318  22 
318  157 
318  203 
318  141 
319  248 
319  48 
319  134 
319  186 
320  189 
320  234 
320  229 
320  90 
321  226 
321  76 
321  158 
321  117 
322  177 
322  1 
322  112 
322  289 
323  54 
323  309 
323  68 
323  60 
324  194 
324  286 
324  116 
324  178 
325  226 
325  97 
325  138 
325  309 
326  161 
326  172 
326  129 
326  178 
327  256 
327  24 
327  90 
327  193 
328  178 
328  326 
328  54 
328  266 
329  159 
329  319 
329  314 
329  321 
330  193 
330  310 
330  328 
330  130 
331  248 
331  327 
331  172 
331  313 
332  322 
332  250 
332  256 
332  115 
333  157 
333  73 
333  104 
333  327 
334  68 
334  309 
334  165 
334  290 
335  226 
335  320 
335  240 
335  323 
336  136 
336  213 
336  193 
336  72 
337  92 
337  214 
337  314 
337  230 
338  304 
338  229 
338  106 
338  115 
339  188 
339  71 
339  237 
339  144 
340  219 
340  193 
340  290 
340  159 
341  273 
341  326 
341  84 
341  138 
342  173 
342  251 
342  333 
342  324 
343  286 
343  323 
343  337 
343  257 
344  140 
344  327 
344  336 
344  208 
345  165 
345  309 
345  81 
345  138 
346  52 
346  168 
346  96 
346  304 
347  325 
347  307 
347  165 
347  293 
348  309 
348  177 
348  323 
348  139 
349  340 
349  234 
349  320 
349  325 
350  267 
350  311 
350  118 
350  315 
351  319 
351  248 
351  268 
351  70 
352  327 
352  223 
352  138 
352  323 
353  52 
353  339 
353  343 
353  352 
354  343 
354  87 
354  43 
354  47 
355  71 
355  307 
355  115 
355  134 
356  354 
356  37 
356  264 
356  330 
357  51 
357  28 
357  311 
357  138 
358  248 
358  122 
358  352 
358  78 
359  277 
359  201 
359  162 
359  257 
360  6 
360  37 
360  114 
360  278 
361  192 
361  45 
361  196 
361  220 
362  2 
362  317 
362  200 
362  108 
363  165 
363  361 
363  42 
363  2 
364  15 
364  187 
364  329 
364  305 
365  184 
365  324 
365  200 
365  357 
366  307 
366  304 
366  158 
366  283 
367  240 
367  268 
367  174 
367  72 
368  360 
368  288 
368  361 
368  322 
369  240 
369  264 
369  324 
369  309 
370  361 
370  39 
370  137 
370  119 
371  79 
371  19 
371  299 
371  69 
372  74 
372  368 
372  144 
372  5 
373  351 
373  36 
373  162 
373  15 
374  316 
374  270 
374  79 
374  108 
375  102 
375  101 
375  222 
375  296 
376  375 
376  251 
376  362 
376  54 
377  366 
377  7 
377  138 
377  141 
378  267 
378  168 
378  332 
378  373 
379  36 
379  26 
379  364 
379  329 
380  356 
380  187 
380  165 
380  227 
381  184 
381  21 
381  120 
381  141 
382  303 
382  278 
382  185 
382  253 
383  238 
383  53 
383  85 
383  368 
384  301 
384  158 
384  288 
384  259 
385  377 
385  359 
385  362 
385  130 
386  365 
386  237 
386  307 
386  367 
387  15 
387  87 
387  144 
387  367 
388  208 
388  138 
388  149 
388  192 
389  22 
389  9 
389  370 
389  358 
390  106 
390  378 
390  292 
390  281 
391  224 
391  139 
391  349 
391  368 
392  106 
392  154 
392  89 
392  26 
393  19 
393  49 
393  369 
393  359 
394  259 
394  187 
394  370 
394  267 
395  69 
395  379 
395  240 
395  183 
396  49 
396  69 
396  7 
396  373 
397  185 
397  309 
397  344 
397  375 
398  104 
398  297 
398  85 
398  339 
399  253 
399  288 
399  344 
399  237 
400  399 
400  359 
400  187 
400  360 
401  382 
401  353 
401  396 
401  102 
402  209 
402  374 
402  393 
402  273 
403  344 
403  378 
403  270 
403  71 
404  265 
404  371 
404  105 
404  380 
405  276 
405  50 
405  160 
405  339 
406  371 
406  39 
406  267 
406  184 
407  374 
407  139 
407  1 
407  184 
408  184 
408  283 
408  265 
408  394 
409  369 
409  235 
409  113 
409  376 
410  275 
410  388 
410  114 
410  50 
411  277 
411  334 
411  271 
411  113 
412  210 
412  203 
412  130 
412  191 
413  193 
413  184 
413  42 
413  290 
414  57 
414  169 
414  309 
414  13 
415  376 
415  102 
415  29 
415  91 
416  31 
416  79 
416  382 
416  388 
417  72 
417  51 
417  366 
417  156 
418  308 
418  51 
418  282 
418  98 
419  273 
419  358 
419  66 
419  386 
420  336 
420  265 
420  403 
420  412 
421  181 
421  412 
421  179 
421  337 
422  91 
422  254 
422  225 
422  222 
423  271 
423  299 
423  113 
423  18 
424  48 
424  346 
424  407 
424  220 
425  354 
425  191 
425  100 
425  178 
426  168 
426  111 
426  100 
426  286 
427  105 
427  152 
427  96 
427  209 
428  419 
428  281 
428  382 
428  68 
429  7 
429  128 
429  398 
429  291 
430  57 
430  389 
430  191 
430  282 
431  89 
431  232 
431  177 
431  159 
432  419 
432  108 
432  357 
432  219 
433  60 
433  432 
433  286 
433  374 
434  120 
434  151 
434  370 
434  70 
435  419 
435  218 
435  212 
435  163 
436  353 
436  426 
436  91 
436  170 
437  315 
437  112 
437  318 
437  225 
438  354 
438  390 
438  52 
438  426 
439  364 
439  200 
439  354 
439  401 
440  411 
440  90 
440  126 
440  419 
441  439 
441  320 
441  268 
441  55 
442  366 
442  41 
442  425 
442  270 
443  30 
443  39 
443  61 
443  428 
444  412 
444  266 
444  439 
444  60 
445  398 
445  390 
445  308 
445  402 
446  7 
446  399 
446  329 
446  437 
447  269 
447  3 
447  279 
447  204 
448  237 
448  140 
448  369 
448  415 
449  225 
449  367 
449  232 
449  323 
450  266 
450  293 
450  348 
450  89 
451  377 
451  414 
451  89 
451  63 
452  442 
452  109 
452  334 
452  260 
453  429 
453  366 
453  249 
453  127 
454  119 
454  51 
454  443 
454  411 
455  69 
455  426 
455  112 
455  372 
456  417 
456  329 
456  349 
456  237 
457  15 
457  434 
457  406 
457  428 
458  90 
458  346 
458  433 
458  14 
459  294 
459  421 
459  434 
459  285 
460  328 
460  8 
460  32 
460  60 
461  300 
461  272 
461  80 
461  303 
462  349 
462  11 
462  322 
462  21 
463  44 
463  300 
463  109 
463  126 
464  403 
464  446 
464  22 
464  301 
465  311 
465  107 
465  165 
465  283 
466  465 
466  152 
466  423 
466  459 
467  31 
467  208 
467  439 
467  97 
468  161 
468  142 
468  8 
468  112 
469  76 
469  254 
469  69 
469  462 
470  453 
470  403 
470  169 
470  148 
471  354 
471  239 
471  350 
471  152 
472  367 
472  390 
472  80 
472  282 
473  318 
473  380 
473  96 
473  325 
474  266 
474  466 
474  140 
474  305 
475  5 
475  238 
475  340 
475  461 
476  473 
476  44 
476  392 
476  276 
477  129 
477  434 
477  461 
477  147 
478  216 
478  423 
478  344 
478  233 
479  56 
479  443 
479  263 
479  464 
480  434 
480  154 
480  172 
480  420 
481  469 
481  175 
481  17 
481  110 
482  192 
482  465 
482  264 
482  301 
483  417 
483  22 
483  304 
483  479 
484  458 
484  461 
484  140 
484  85 
485  154 
485  94 
485  121 
485  482 
486  485 
486  367 
486  322 
486  187 
487  421 
487  314 
487  145 
487  287 
488  84 
488  475 
488  72 
488  467 
489  215 
489  71 
489  476 
489  319 
490  44 
490  467 
490  200 
490  458 
491  460 
491  471 
491  459 
491  185 
492  69 
492  458 
492  380 
492  473 
493  437 
493  371 
493  161 
493  352 
494  463 
494  470 
494  8 
494  69 
495  210 
495  458 
495  288 
495  352 
496  280 
496  94 
496  474 
496  85 
497  161 
497  105 
497  465 
497  80 
498  373 
498  393 
498  202 
498  110 
499  96 
499  103 
499  198 
499  362 
500  8 
500  347 
500  380 
500  477 
501  459 
501  145 
501  5 
501  442 
502  143 
502  54 
502  276 
502  373 
503  380 
503  460 
503  465 
503  177 
504  208 
504  44 
504  165 
504  360 
505  464 
505  253 
505  502 
505  202 
506  57 
506  414 
506  463 
506  290 
507  461 
507  154 
507  462 
507  440 
508  471 
508  470 
508  72 
508  290 
509  226 
509  488 
509  147 
509  350 
510  454 
510  286 
510  69 
510  370 
511  494 
511  56 
511  347 
511  437 
512  94 
512  494 
512  42 
512  199 
513  114 
513  187 
513  388 
513  396 
514  214 
514  83 
514  78 
514  327 
515  444 
515  457 
515  90 
515  285 
516  172 
516  297 
516  132 
516  168 
517  189 
517  210 
517  466 
517  271 
518  379 
518  307 
518  173 
518  139 
519  500 
519  176 
519  514 
519  131 
520  307 
520  495 
520  515 
520  439 
521  213 
521  70 
521  285 
521  199 
522  34 
522  225 
522  270 
522  367 
523  141 
523  519 
523  368 
523  314 
524  173 
524  371 
524  522 
524  273 
525  285 
525  179 
525  494 
525  344 
526  222 
526  258 
526  323 
526  488 
527  390 
527  511 
527  321 
527  447 
528  37 
528  154 
528  292 
528  133 
529  66 
529  518 
529  437 
529  280 
530  390 
530  146 
530  51 
530  352 
531  114 
531  390 
531  14 
531  262 
532  261 
532  362 
532  351 
532  42 
533  437 
533  78 
533  314 
533  51 
534  283 
534  370 
534  444 
534  170 
535  90 
535  522 
535  71 
535  510 
536  466 
536  378 
536  520 
536  218 
537  143 
537  173 
537  447 
537  94 
538  301 
538  285 
538  37 
538  269 
539  476 
539  114 
539  437 
539  31 
540  252 
540  514 
540  49 
540  523 
541  291 
541  533 
541  210 
541  160 
542  66 
542  515 
542  321 
542  385 
543  26 
543  56 
543  117 
543  119 
544  509 
544  314 
544  222 
544  293 
545  140 
545  331 
545  51 
545  324 
546  306 
546  420 
546  70 
546  32 
547  447 
547  467 
547  517 
547  397 
548  505 
548  103 
548  532 
548  510 
549  339 
549  375 
549  458 
549  276 
550  372 
550  367 
550  106 
550  509 
551  360 
551  531 
551  523 
551  457 
552  510 
552  200 
552  488 
552  53 
553  69 
553  421 
553  306 
553  538 
554  134 
554  307 
554  212 
554  285 
555  341 
555  526 
555  203 
555  349 
556  551 
556  265 
556  234 
556  552 
557  173 
557  94 
557  238 
557  437 
558  248 
558  270 
558  66 
558  299 
559  182 
559  418 
559  45 
559  183 
560  149 
560  391 
560  399 
560  445 
561  531 
561  175 
561  244 
561  184 
562  145 
562  467 
562  475 
562  143 
563  447 
563  367 
563  508 
563  374 
564  69 
564  437 
564  347 
564  514 
565  289 
565  290 
565  181 
565  467 
566  380 
566  481 
566  67 
566  249 
567  113 
567  7 
567  13 
567  351 
568  346 
568  507 
568  367 
568  150 
569  285 
569  122 
569  522 
569  449 
570  54 
570  2 
570  374 
570  459 
571  504 
571  507 
571  1 
571  551 
572  95 
572  532 
572  437 
572  55 
573  227 
573  222 
573  12 
573  459 
574  359 
574  291 
574  542 
574  533 
575  250 
575  408 
575  511 
575  284 
576  433 
576  81 
576  511 
576  416 
577  352 
577  336 
577  563 
577  97 
578  355 
578  441 
578  541 
578  131 
579  268 
579  525 
579  575 
579  241 
580  572 
580  566 
580  569 
580  575 
581  480 
581  8 
581  443 
581  162 
582  32 
582  569 
582  89 
582  303 
583  44 
583  458 
583  183 
583  336 
584  497 
584  305 
584  333 
584  366 
585  215 
585  564 
585  351 
585  375 
586  343 
586  511 
586  550 
586  471 
587  412 
587  422 
587  62 
587  242 
588  568 
588  302 
588  341 
588  280 
589  527 
589  83 
589  141 
589  249 
590  564 
590  15 
590  449 
590  284 
591  500 
591  245 
591  499 
591  565 
592  518 
592  567 
592  218 
592  554 
593  387 
593  316 
593  107 
593  544 
594  480 
594  560 
594  458 
594  15 
595  508 
595  480 
595  467 
595  253 
596  194 
596  25 
596  446 
596  551 
597  582 
597  44 
597  245 
597  139 
598  584 
598  465 
598  153 
598  592 
599  427 
599  373 
599  59 
599  421 
600  579 
600  297 
600  412 
600  160 
601  465 
601  577 
601  429 
601  279 
602  537 
602  109 
602  561 
602  407 
603  568 
603  290 
603  24 
603  569 
604  420 
604  336 
604  309 
604  584 
605  541 
605  263 
605  273 
605  569 
606  43 
606  198 
606  192 
606  597 
607  569 
607  28 
607  51 
607  583 
608  268 
608  59 
608  36 
608  599 
609  548 
609  418 
609  484 
609  189 
610  521 
610  599 
610  174 
610  326 
611  353 
611  251 
611  347 
611  502 
612  598 
612  412 
612  225 
612  386 
613  609 
613  224 
613  353 
613  316 
614  23 
614  557 
614  204 
614  567 
615  284 
615  188 
615  85 
615  190 
616  381 
616  183 
616  365 
616  394 
617  613 
617  604 
617  10 
617  396 
618  55 
618  521 
618  127 
618  67 
619  202 
619  95 
619  23 
619  246 
620  509 
620  412 
620  465 
620  558 
621  215 
621  536 
621  432 
621  617 
622  275 
622  137 
622  11 
622  39 
623  338 
623  314 
623  46 
623  247 
624  609 
624  85 
624  447 
624  29 
625  127 
625  23 
625  20 
625  43 
626  610 
626  553 
626  407 
626  210 
627  450 
627  529 
627  3 
627  192 
628  617 
628  50 
628  377 
628  360 
629  400 
629  503 
629  492 
629  35 
630  616 
630  614 
630  101 
630  624 
631  331 
631  408 
631  395 
631  35 
632  128 
632  45 
632  55 
632  352 
633  346 
633  275 
633  223 
633  6 
634  28 
634  58 
634  246 
634  97 
635  403 
635  317 
635  225 
635  559 
636  307 
636  523 
636  301 
636  468 
637  595 
637  81 
637  509 
637  602 
638  407 
638  4 
638  559 
638  198 
639  50 
639  491 
639  223 
639  590 
640  278 
640  377 
640  140 
640  502 
641  598 
641  215 
641  22 
641  193 
642  198 
642  65 
642  336 
642  597 
643  140 
643  319 
643  128 
643  607 
644  457 
644  579 
644  640 
644  377 
645  625 
645  284 
645  239 
645  611 
646  520 
646  235 
646  318 
646  239 
647  229 
647  633 
647  365 
647  412 
648  266 
648  22 
648  111 
648  100 
649  234 
649  485 
649  14 
649  593 
650  540 
650  513 
650  473 
650  465 
651  85 
651  354 
651  229 
651  261 
652  628 
652  285 
652  105 
652  624 
653  360 
653  23 
653  447 
653  107 
654  350 
654  102 
654  602 
654  456 
655  379 
655  21 
655  307 
655  87 
656  198 
656  650 
656  366 
656  526 
657  184 
657  509 
657  656 
657  633 
658  492 
658  581 
658  219 
658  624 
659  564 
659  569 
659  588 
659  140 
660  544 
660  65 
660  88 
660  312 
661  19 
661  161 
661  31 
661  11 
662  638 
662  418 
662  13 
662  151 
663  186 
663  572 
663  497 
663  248 
664  304 
664  330 
664  660 
664  84 
665  170 
665  14 
665  640 
665  384 
666  12 
666  2 
666  31 
666  174 
667  268 
667  166 
667  136 
667  274 
668  219 
668  480 
668  289 
668  448 
669  329 
669  395 
669  662 
669  31 
670  519 
670  268 
670  176 
670  29 
671  592 
671  377 
671  235 
671  510 
672  498 
672  437 
672  225 
672  497 
673  119 
673  543 
673  206 
673  521 
674  112 
674  535 
674  4 
674  336 
675  490 
675  61 
675  499 
675  109 
676  163 
676  90 
676  256 
676  316 
677  44 
677  226 
677  143 
677  306 
678  584 
678  647 
678  240 
678  369 
679  187 
679  261 
679  648 
679  305 
680  574 
680  200 
680  416 
680  371 
681  612 
681  480 
681  507 
681  85 
682  664 
682  440 
682  338 
682  252 
683  437 
683  377 
683  552 
683  269 
684  649 
684  261 
684  623 
684  452 
685  52 
685  179 
685  47 
685  305 
686  583 
686  174 
686  52 
686  590 
687  355 
687  662 
687  609 
687  530 
688  215 
688  123 
688  669 
688  306 
689  353 
689  662 
689  620 
689  547 
690  316 
690  244 
690  546 
690  400 
691  490 
691  205 
691  501 
691  666 
692  2 
692  330 
692  55 
692  652 
693  271 
693  450 
693  652 
693  360 
694  679 
694  245 
694  354 
694  119 
695  182 
695  391 
695  23 
695  261 
696  693 
696  621 
696  192 
696  309 
697  413 
697  229 
697  246 
697  31 
698  184 
698  250 
698  169 
698  345 
699  510 
699  163 
699  663 
699  668 
700  139 
700  261 
700  37 
700  689 
701  490 
701  660 
701  688 
701  693 
702  658 
702  72 
702  104 
702  541 
703  210 
703  100 
703  497 
703  343 
704  543 
704  522 
704  646 
704  216 
705  274 
705  79 
705  62 
705  456 
706  668 
706  693 
706  634 
706  589 
707  623 
707  688 
707  167 
707  35 
708  113 
708  605 
708  437 
708  671 
709  603 
709  188 
709  479 
709  362 
710  689 
710  390 
710  600 
710  191 
711  561 
711  469 
711  249 
711  614 
712  608 
712  375 
712  16 
712  183 
713  203 
713  580 
713  270 
713  480 
714  361 
714  85 
714  203 
714  573 
715  203 
715  457 
715  163 
715  118 
716  330 
716  436 
716  73 
716  274 
717  712 
717  66 
717  441 
717  574 
718  200 
718  173 
718  652 
718  671 
719  672 
719  403 
719  717 
719  448 
720  565 
720  199 
720  484 
720  288 
721  163 
721  395 
721  572 
721  345 
722  359 
722  28 
722  426 
722  451 
723  233 
723  154 
723  464 
723  181 
724  690 
724  503 
724  544 
724  661 
725  672 
725  99 
725  145 
725  712 
726  249 
726  633 
726  136 
726  173 
727  638 
727  501 
727  288 
727  405 
728  283 
728  270 
728  36 
728  230 
729  450 
729  715 
729  571 
729  5 
730  710 
730  379 
730  250 
730  716 
731  357 
731  715 
731  286 
731  479 
732  450 
732  322 
732  202 
732  73 
733  573 
733  406 
733  435 
733  370 
734  60 
734  290 
734  66 
734  729 
735  449 
735  238 
735  717 
735  354 
736  381 
736  78 
736  144 
736  616 
737  715 
737  379 
737  274 
737  291 
738  23 
738  351 
738  160 
738  360 
739  712 
739  45 
739  54 
739  333 
740  680 
740  333 
740  480 
740  309 
741  374 
741  360 
741  107 
741  175 
742  301 
742  52 
742  95 
742  120 
743  308 
743  358 
743  624 
743  73 
744  676 
744  516 
744  123 
744  421 
745  270 
745  359 
745  727 
745  436 
746  107 
746  712 
746  163 
746  286 
747  723 
747  683 
747  331 
747  663 
748  116 
748  623 
748  57 
748  7 
749  6 
749  375 
749  654 
749  661 
750  514 
750  191 
750  699 
750  488 
751  186 
751  182 
751  9 
751  715 
752  575 
752  44 
752  724 
752  39 
753  433 
753  230 
753  680 
753  504 
754  494 
754  122 
754  614 
754  722 
755  715 
755  286 
755  746 
755  592 
756  751 
756  82 
756  708 
756  586 
757  558 
757  278 
757  195 
757  423 
758  562 
758  511 
758  78 
758  87 
759  177 
759  587 
759  226 
759  384 
760  387 
760  544 
760  272 
760  574 
761  511 
761  577 
761  132 
761  276 
762  109 
762  582 
762  166 
762  231 
763  64 
763  478 
763  398 
763  297 
764  467 
764  58 
764  654 
764  478 
765  526 
765  639 
765  745 
765  72 
766  190 
766  761 
766  711 
766  642 
767  60 
767  308 
767  115 
767  190 
768  321 
768  180 
768  702 
768  252 
769  619 
769  759 
769  408 
769  413 
770  205 
770  718 
770  224 
770  285 
771  80 
771  596 
771  97 
771  226 
772  762 
772  57 
772  714 
772  166 
773  558 
773  490 
773  632 
773  526 
774  151 
774  471 
774  392 
774  441 
775  647 
775  406 
775  368 
775  298 
776  520 
776  740 
776  407 
776  203 
777  307 
777  255 
777  654 
777  760 
778  77 
778  619 
778  765 
778  191 
779  409 
779  297 
779  159 
779  771 
780  44 
780  559 
780  572 
780  398 
781  670 
781  151 
781  438 
781  597 
782  750 
782  215 
782  303 
782  400 
783  754 
783  521 
783  446 
783  761 
784  239 
784  718 
784  665 
784  765 
785  245 
785  764 
785  467 
785  555 
786  283 
786  478 
786  651 
786  763 
787  309 
787  510 
787  619 
787  784 
788  279 
788  778 
788  302 
788  57 
789  480 
789  408 
789  674 
789  654 
790  251 
790  302 
790  764 
790  714 
791  768 
791  360 
791  556 
791  739 
792  317 
792  747 
792  781 
792  252 
793  577 
793  722 
793  104 
793  538 
794  45 
794  67 
794  206 
794  642 
795  773 
795  352 
795  243 
795  309 
796  345 
796  393 
796  262 
796  230 
797  344 
797  587 
797  771 
797  624 
798  769 
798  794 
798  559 
798  787 
799  400 
799  612 
799  258 
799  297 
800  632 
800  766 
800  549 
800  638 
801  625 
801  800 
801  461 
801  63 
802  72 
802  247 
802  628 
802  132 
803  226 
803  755 
803  763 
803  658 
804  273 
804  229 
804  781 
804  647 
805  756 
805  446 
805  438 
805  393 
806  414 
806  468 
806  761 
806  599 
807  167 
807  654 
807  109 
807  481 
808  397 
808  630 
808  449 
808  724 
 

