1  2 
1  3 
1  4 
1  5 
1  6 
1  7 
1  8 
1  9 
1  10 
2  3 
2  4 
2  5 
2  6 
2  7 
2  8 
2  9 
2  10 
3  4 
3  5 
3  6 
3  7 
3  8 
3  9 
3  10 
4  5 
4  6 
4  7 
4  8 
4  9 
4  10 
5  6 
5  7 
5  8 
5  9 
5  10 
6  7 
6  8 
6  9 
6  10 
7  8 
7  9 
7  10 
8  9 
8  10 
9  10 
11  10 
11  4 
11  5 
11  1 
12  1 
12  5 
12  6 
12  11 
13  1 
13  11 
13  5 
13  10 
14  12 
14  3 
14  6 
14  8 
15  2 
15  7 
15  6 
15  9 
16  9 
16  7 
16  8 
16  6 
17  6 
17  1 
17  2 
17  8 
18  13 
18  5 
18  3 
18  11 
19  11 
19  7 
19  10 
19  3 
20  2 
20  9 
20  6 
20  7 
21  4 
21  14 
21  9 
21  3 
22  5 
22  11 
22  12 
22  14 
23  6 
23  5 
23  3 
23  12 
24  11 
24  1 
24  16 
24  17 
25  8 
25  22 
25  16 
25  12 
26  2 
26  25 
26  11 
26  8 
27  4 
27  2 
27  16 
27  1 
28  3 
28  1 
28  17 
28  19 
29  2 
29  10 
29  9 
29  28 
30  7 
30  6 
30  3 
30  9 
31  9 
31  30 
31  23 
31  20 
32  8 
32  6 
32  23 
32  10 
33  23 
33  7 
33  15 
33  5 
34  21 
34  25 
34  4 
34  1 
35  6 
35  31 
35  1 
35  10 
36  5 
36  11 
36  34 
36  20 
37  9 
37  4 
37  7 
37  6 
38  9 
38  5 
38  15 
38  36 
39  29 
39  38 
39  16 
39  6 
40  1 
40  2 
40  38 
40  37 
41  9 
41  13 
41  10 
41  19 
42  31 
42  25 
42  9 
42  8 
43  41 
43  19 
43  15 
43  5 
44  8 
44  19 
44  5 
44  7 
45  1 
45  22 
45  32 
45  11 
46  6 
46  4 
46  13 
46  2 
47  13 
47  2 
47  7 
47  31 
48  6 
48  24 
48  32 
48  22 
49  30 
49  15 
49  42 
49  11 
50  22 
50  7 
50  8 
50  11 
51  42 
51  44 
51  33 
51  8 
52  10 
52  6 
52  35 
52  17 
53  31 
53  47 
53  45 
53  33 
54  6 
54  51 
54  11 
54  46 
55  25 
55  7 
55  8 
55  23 
56  55 
56  6 
56  10 
56  7 
57  22 
57  10 
57  38 
57  20 
58  10 
58  9 
58  30 
58  39 
59  4 
59  8 
59  12 
59  6 
60  2 
60  15 
60  5 
60  36 
61  35 
61  10 
61  6 
61  31 
62  3 
62  8 
62  7 
62  9 
63  38 
63  1 
63  25 
63  30 
64  35 
64  3 
64  9 
64  51 
65  2 
65  31 
65  6 
65  44 
66  26 
66  6 
66  55 
66  54 
67  11 
67  14 
67  8 
67  15 
68  9 
68  8 
68  30 
68  49 
69  68 
69  7 
69  30 
69  24 
70  12 
70  10 
70  56 
70  8 
71  38 
71  3 
71  52 
71  1 
72  6 
72  60 
72  10 
72  9 
73  32 
73  39 
73  65 
73  9 
74  14 
74  25 
74  44 
74  16 
75  30 
75  38 
75  4 
75  3 
76  2 
76  71 
76  20 
76  6 
77  8 
77  15 
77  1 
77  10 
78  7 
78  29 
78  1 
78  9 
79  9 
79  44 
79  56 
79  51 
80  58 
80  31 
80  12 
80  5 
81  16 
81  31 
81  69 
81  47 
82  6 
82  28 
82  23 
82  48 
83  52 
83  9 
83  46 
83  6 
84  32 
84  2 
84  29 
84  69 
85  20 
85  4 
85  27 
85  82 
86  19 
86  35 
86  78 
86  11 
87  4 
87  32 
87  24 
87  6 
88  20 
88  31 
88  60 
88  4 
89  3 
89  35 
89  1 
89  23 
90  48 
90  35 
90  30 
90  1 
91  10 
91  57 
91  74 
91  47 
92  32 
92  1 
92  7 
92  79 
93  36 
93  9 
93  46 
93  52 
94  4 
94  5 
94  2 
94  6 
95  63 
95  21 
95  45 
95  47 
96  2 
96  18 
96  57 
96  69 
97  27 
97  69 
97  30 
97  18 
98  27 
98  7 
98  5 
98  84 
99  23 
99  6 
99  95 
99  24 
100  42 
100  85 
100  24 
100  29 
101  9 
101  10 
101  14 
101  38 
102  49 
102  12 
102  21 
102  15 
103  32 
103  38 
103  3 
103  47 
104  65 
104  88 
104  66 
104  58 
105  24 
105  51 
105  5 
105  18 
106  25 
106  88 
106  4 
106  37 
107  103 
107  101 
107  36 
107  46 
108  7 
108  91 
108  73 
108  25 
109  102 
109  99 
109  23 
109  5 
110  109 
110  11 
110  104 
110  58 
111  110 
111  2 
111  39 
111  109 
112  80 
112  11 
112  88 
112  58 
113  36 
113  1 
113  4 
113  22 
114  66 
114  13 
114  34 
114  19 
115  27 
115  20 
115  110 
115  25 
116  20 
116  9 
116  10 
116  60 
117  4 
117  12 
117  6 
117  19 
118  39 
118  46 
118  6 
118  35 
119  24 
119  7 
119  11 
119  69 
120  28 
120  35 
120  21 
120  112 
121  25 
121  8 
121  97 
121  78 
122  81 
122  47 
122  1 
122  4 
123  15 
123  73 
123  32 
123  19 
124  12 
124  54 
124  10 
124  6 
125  16 
125  9 
125  10 
125  91 
126  27 
126  6 
126  16 
126  30 
127  9 
127  1 
127  24 
127  77 
128  117 
128  11 
128  14 
128  122 
129  77 
129  89 
129  7 
129  107 
130  47 
130  54 
130  46 
130  63 
131  94 
131  65 
131  88 
131  26 
132  1 
132  13 
132  72 
132  27 
133  2 
133  10 
133  58 
133  29 
134  65 
134  46 
134  10 
134  3 
135  125 
135  6 
135  42 
135  48 
136  116 
136  19 
136  78 
136  25 
137  95 
137  42 
137  12 
137  24 
138  44 
138  17 
138  16 
138  4 
139  15 
139  79 
139  83 
139  4 
140  20 
140  24 
140  3 
140  27 
141  8 
141  31 
141  24 
141  60 
142  56 
142  31 
142  44 
142  21 
143  67 
143  5 
143  39 
143  75 
144  35 
144  115 
144  45 
144  80 
145  6 
145  100 
145  103 
145  27 
146  29 
146  108 
146  10 
146  119 
147  38 
147  1 
147  93 
147  80 
148  44 
148  91 
148  3 
148  127 
149  11 
149  65 
149  16 
149  20 
150  35 
150  108 
150  63 
150  7 
151  9 
151  140 
151  3 
151  26 
152  17 
152  6 
152  7 
152  50 
153  31 
153  5 
153  69 
153  114 
154  89 
154  51 
154  110 
154  7 
155  96 
155  7 
155  48 
155  39 
156  11 
156  85 
156  57 
156  98 
157  23 
157  18 
157  143 
157  1 
158  14 
158  34 
158  56 
158  3 
159  93 
159  125 
159  128 
159  7 
160  33 
160  12 
160  130 
160  7 
161  92 
161  28 
161  115 
161  11 
162  8 
162  32 
162  84 
162  161 
163  1 
163  133 
163  6 
163  31 
164  4 
164  11 
164  6 
164  9 
165  80 
165  77 
165  3 
165  6 
166  27 
166  122 
166  5 
166  110 
167  1 
167  31 
167  134 
167  4 
168  69 
168  31 
168  5 
168  131 
169  11 
169  116 
169  51 
169  27 
170  54 
170  31 
170  47 
170  96 
171  129 
171  78 
171  2 
171  7 
172  10 
172  7 
172  103 
172  28 
173  7 
173  77 
173  9 
173  48 
174  19 
174  27 
174  78 
174  136 
175  14 
175  41 
175  27 
175  105 
176  4 
176  5 
176  27 
176  7 
177  74 
177  123 
177  126 
177  23 
178  146 
178  6 
178  139 
178  12 
179  19 
179  78 
179  56 
179  133 
180  8 
180  16 
180  145 
180  60 
181  3 
181  22 
181  20 
181  21 
182  35 
182  64 
182  8 
182  70 
183  143 
183  17 
183  156 
183  151 
184  45 
184  101 
184  125 
184  136 
185  136 
185  145 
185  94 
185  141 
186  32 
186  60 
186  4 
186  170 
187  5 
187  6 
187  126 
187  163 
188  126 
188  77 
188  5 
188  128 
189  65 
189  99 
189  4 
189  28 
190  31 
190  75 
190  35 
190  168 
191  1 
191  74 
191  35 
191  57 
192  10 
192  12 
192  127 
192  6 
193  75 
193  66 
193  155 
193  169 
194  7 
194  55 
194  4 
194  185 
195  3 
195  17 
195  8 
195  57 
196  44 
196  7 
196  11 
196  12 
197  179 
197  9 
197  145 
197  103 
198  23 
198  185 
198  16 
198  105 
199  3 
199  23 
199  24 
199  80 
200  9 
200  24 
200  138 
200  176 
1  201 
1  202 
1  203 
2  204 
2  201 
2  203 
3  205 
3  202 
3  203 
4  202 
4  206 
5  204 
5  201 
5  202 
5  207 
5  208 
6  204 
6  201 
6  202 
6  206 
6  208 
7  204 
7  202 
7  207 
7  206 
8  201 
8  205 
8  207 
9  204 
9  201 
9  206 
10  204 
10  201 
10  203 
10  208 
11  204 
11  203 
11  208 
12  208 
13  201 
13  202 
13  207 
13  203 
14  202 
14  207 
15  205 
15  202 
15  206 
15  203 
16  201 
16  202 
16  206 
16  203 
16  208 
17  206 
17  208 
18  204 
18  202 
18  207 
18  203 
18  208 
19  201 
19  205 
19  202 
19  207 
19  208 
20  201 
20  205 
20  207 
20  206 
20  203 
21  201 
21  205 
21  202 
21  207 
22  201 
22  202 
22  207 
22  206 
22  203 
23  201 
23  207 
23  206 
23  208 
24  205 
24  207 
24  206 
24  208 
25  202 
25  206 
25  203 
25  208 
26  204 
26  201 
26  205 
26  202 
26  208 
27  201 
27  208 
28  204 
28  201 
28  205 
28  202 
28  207 
28  203 
28  208 
29  201 
29  205 
29  206 
29  208 
30  204 
30  205 
30  202 
30  207 
30  206 
30  203 
30  208 
31  205 
31  202 
31  206 
31  203 
31  208 
32  201 
32  205 
32  202 
32  208 
33  201 
33  205 
33  202 
33  207 
33  206 
34  204 
34  202 
34  208 
35  202 
35  207 
35  206 
36  201 
36  205 
36  208 
37  204 
37  207 
38  201 
38  205 
38  207 
38  206 
38  208 
39  202 
39  206 
39  203 
40  201 
40  205 
40  206 
40  203 
40  208 
41  204 
41  201 
41  205 
41  202 
41  207 
41  203 
42  205 
43  204 
43  201 
43  202 
43  206 
43  203 
44  201 
44  207 
44  206 
44  203 
45  204 
45  201 
45  205 
45  207 
45  206 
45  203 
46  204 
46  201 
46  202 
46  207 
46  206 
46  208 
47  201 
47  206 
47  208 
48  204 
48  201 
48  202 
48  207 
49  201 
49  202 
49  206 
50  201 
50  203 
50  208 
204  201 
201  205 
205  202 
202  207 
207  206 
206  203 
203  208 
204  205 
201  206 
202  204 
207  204 
206  204 
206  202 
208  204 
208  202 
208  207 
209  200 
209  78 
209  51 
209  92 
210  132 
210  75 
210  81 
210  202 
211  122 
211  108 
211  182 
211  42 
212  186 
212  91 
212  126 
212  154 
213  211 
213  90 
213  202 
213  200 
214  83 
214  73 
214  169 
214  81 
215  162 
215  214 
215  140 
215  211 
216  211 
216  180 
216  116 
216  195 
217  39 
217  38 
217  213 
217  166 
218  215 
218  180 
218  109 
218  189 
219  156 
219  117 
219  160 
219  109 
220  35 
220  107 
220  144 
220  149 
221  137 
221  122 
221  211 
221  81 
222  104 
222  219 
222  135 
222  151 
223  195 
223  144 
223  8 
223  221 
224  35 
224  222 
224  12 
224  84 
225  37 
225  219 
225  205 
225  25 
226  214 
226  1 
226  10 
226  162 
227  160 
227  223 
227  63 
227  120 
228  32 
228  55 
228  112 
228  173 
229  226 
229  228 
229  161 
229  27 
230  131 
230  63 
230  205 
230  79 
231  174 
231  204 
231  18 
231  190 
232  123 
232  107 
232  143 
232  162 
233  172 
233  81 
233  77 
233  200 
234  225 
234  176 
234  217 
234  186 
235  115 
235  120 
235  54 
235  219 
236  218 
236  73 
236  42 
236  214 
237  229 
237  205 
237  228 
237  4 
238  143 
238  171 
238  154 
238  205 
239  50 
239  215 
239  182 
239  22 
240  45 
240  215 
240  182 
240  121 
241  18 
241  91 
241  213 
241  137 
242  168 
242  226 
242  42 
242  185 
243  55 
243  41 
243  214 
243  161 
244  69 
244  116 
244  182 
244  212 
245  210 
245  239 
245  241 
245  27 
246  134 
246  231 
246  109 
246  115 
247  81 
247  234 
247  218 
247  217 
248  123 
248  218 
248  151 
248  21 
249  122 
249  241 
249  118 
249  126 
250  192 
250  25 
250  246 
250  226 
251  54 
251  129 
251  173 
251  246 
252  181 
252  207 
252  55 
252  144 
253  244 
253  214 
253  225 
253  180 
254  182 
254  144 
254  53 
254  232 
255  98 
255  240 
255  232 
255  122 
256  174 
256  231 
256  215 
256  186 
257  220 
257  206 
257  10 
257  241 
258  18 
258  138 
258  198 
258  10 
259  41 
259  244 
259  204 
259  13 
260  83 
260  2 
260  124 
260  23 
261  86 
261  213 
261  84 
261  254 
262  66 
262  110 
262  259 
262  50 
263  28 
263  36 
263  118 
263  114 
264  86 
264  9 
264  184 
264  241 
265  156 
265  245 
265  117 
265  149 
266  28 
266  240 
266  43 
266  86 
267  251 
267  162 
267  242 
267  192 
268  141 
268  149 
268  84 
268  251 
269  49 
269  96 
269  57 
269  129 
270  178 
270  43 
270  258 
270  239 
271  204 
271  261 
271  198 
271  36 
272  161 
272  34 
272  84 
272  220 
273  157 
273  138 
273  28 
273  89 
274  6 
274  272 
274  138 
274  43 
275  18 
275  7 
275  4 
275  62 
276  38 
276  162 
276  9 
276  79 
277  213 
277  186 
277  87 
277  275 
278  265 
278  6 
278  57 
278  277 
279  4 
279  57 
279  149 
279  126 
280  185 
280  279 
280  251 
280  240 
281  250 
281  84 
281  81 
281  242 
282  39 
282  259 
282  273 
282  93 
283  259 
283  270 
283  72 
283  73 
284  275 
284  86 
284  274 
284  71 
285  270 
285  12 
285  231 
285  60 
286  235 
286  272 
286  265 
286  47 
287  284 
287  245 
287  211 
287  172 
288  250 
288  47 
288  131 
288  158 
289  178 
289  28 
289  275 
289  149 
290  218 
290  99 
290  94 
290  139 
291  236 
291  18 
291  280 
291  242 
292  186 
292  277 
292  156 
292  126 
293  271 
293  38 
293  147 
293  204 
294  265 
294  72 
294  231 
294  156 
295  52 
295  206 
295  190 
295  289 
296  245 
296  259 
296  9 
296  25 
297  271 
297  294 
297  268 
297  275 
298  268 
298  140 
298  278 
298  30 
299  186 
299  38 
299  272 
299  227 
300  298 
300  1 
300  264 
300  274 
301  150 
301  266 
301  81 
301  192 
302  117 
302  142 
302  272 
302  122 
303  251 
303  57 
303  177 
303  267 
304  209 
304  227 
304  273 
304  139 
305  106 
305  263 
305  144 
305  156 
306  122 
306  93 
306  272 
306  15 
307  28 
307  301 
307  87 
307  142 
308  241 
308  271 
308  103 
308  277 
309  75 
309  125 
309  244 
309  152 
310  289 
310  129 
310  299 
310  34 
311  112 
311  161 
311  218 
311  68 
312  135 
312  102 
312  207 
312  43 
313  214 
313  43 
313  197 
313  25 
314  306 
314  311 
314  161 
314  237 
315  44 
315  91 
315  116 
315  59 
316  258 
316  315 
316  222 
316  135 
317  43 
317  189 
317  146 
317  170 
318  288 
318  204 
318  177 
318  306 
319  29 
319  188 
319  152 
319  20 
320  258 
320  227 
320  234 
320  175 
321  3 
321  80 
321  197 
321  98 
322  191 
322  239 
322  107 
322  314 
323  305 
323  22 
323  192 
323  310 
324  20 
324  99 
324  9 
324  164 
325  281 
325  248 
325  269 
325  236 
326  188 
326  197 
326  302 
326  294 
327  219 
327  235 
327  65 
327  321 
328  160 
328  239 
328  44 
328  315 
329  197 
329  207 
329  325 
329  225 
330  146 
330  237 
330  99 
330  295 
331  253 
331  226 
331  306 
331  239 
332  266 
332  325 
332  192 
332  109 
333  171 
333  181 
333  86 
333  227 
334  4 
334  217 
334  257 
334  56 
335  162 
335  21 
335  236 
335  170 
336  205 
336  85 
336  25 
336  53 
337  300 
337  144 
337  227 
337  32 
338  133 
338  337 
338  325 
338  184 
339  188 
339  195 
339  338 
339  320 
340  91 
340  109 
340  195 
340  110 
341  324 
341  335 
341  73 
341  199 
342  89 
342  294 
342  57 
342  22 
343  342 
343  323 
343  213 
343  25 
344  68 
344  177 
344  126 
344  335 
345  323 
345  328 
345  283 
345  25 
346  306 
346  204 
346  197 
346  199 
347  324 
347  182 
347  110 
347  26 
348  340 
348  325 
348  287 
348  291 
349  311 
349  180 
349  346 
349  347 
350  283 
350  85 
350  76 
350  73 
351  17 
351  212 
351  326 
351  202 
352  339 
352  51 
352  295 
352  230 
353  334 
353  51 
353  29 
353  312 
354  269 
354  230 
354  335 
354  328 
355  301 
355  295 
355  352 
355  230 
356  314 
356  253 
356  43 
356  38 
357  122 
357  297 
357  283 
357  258 
358  197 
358  320 
358  312 
358  100 
359  316 
359  48 
359  275 
359  58 
360  259 
360  311 
360  269 
360  75 
361  215 
361  295 
361  255 
361  27 
362  316 
362  109 
362  217 
362  329 
363  108 
363  338 
363  153 
363  320 
364  108 
364  148 
364  98 
364  330 
365  94 
365  359 
365  10 
365  180 
366  202 
366  100 
366  177 
366  163 
367  360 
367  75 
367  346 
367  208 
368  166 
368  148 
368  230 
368  262 
369  294 
369  300 
369  316 
369  128 
370  29 
370  240 
370  369 
370  91 
371  130 
371  14 
371  177 
371  29 
372  311 
372  94 
372  113 
372  79 
373  240 
373  372 
373  364 
373  177 
374  232 
374  364 
374  182 
374  78 
375  15 
375  65 
375  129 
375  297 
376  287 
376  172 
376  280 
376  282 
377  261 
377  370 
377  26 
377  21 
378  373 
378  150 
378  360 
378  89 
379  124 
379  94 
379  376 
379  107 
380  75 
380  375 
380  34 
380  175 
381  346 
381  291 
381  365 
381  371 
382  109 
382  314 
382  180 
382  230 
383  360 
383  139 
383  243 
383  355 
384  249 
384  187 
384  37 
384  279 
385  294 
385  322 
385  27 
385  34 
386  379 
386  227 
386  322 
386  130 
387  303 
387  275 
387  62 
387  146 
388  281 
388  80 
388  348 
388  91 
389  379 
389  359 
389  374 
389  306 
390  389 
390  328 
390  42 
390  157 
391  37 
391  212 
391  230 
391  86 
392  359 
392  127 
392  67 
392  353 
393  182 
393  91 
393  213 
393  39 
394  89 
394  313 
394  305 
394  67 
395  387 
395  391 
395  124 
395  388 
396  328 
396  24 
396  58 
396  373 
397  158 
397  295 
397  240 
397  346 
398  130 
398  371 
398  397 
398  237 
399  362 
399  286 
399  150 
399  255 
400  373 
400  213 
400  10 
400  230 
401  29 
401  361 
401  158 
401  267 
402  6 
402  395 
402  153 
402  272 
403  378 
403  388 
403  82 
403  83 
404  338 
404  125 
404  67 
404  42 
405  393 
405  215 
405  348 
405  337 
406  365 
406  360 
406  313 
406  177 
407  372 
407  281 
407  389 
407  405 
408  131 
408  373 
408  98 
408  318 
409  316 
409  342 
409  347 
409  364 
410  302 
410  208 
410  336 
410  56 
411  35 
411  331 
411  57 
411  125 
412  312 
412  395 
412  215 
412  174 
413  217 
413  367 
413  216 
413  1 
414  40 
414  327 
414  395 
414  249 
415  13 
415  185 
415  338 
415  86 
416  284 
416  283 
416  378 
416  35 
417  35 
417  367 
417  294 
417  396 
418  359 
418  294 
418  68 
418  90 
419  383 
419  82 
419  65 
419  125 
420  249 
420  133 
420  232 
420  207 
421  151 
421  319 
421  53 
421  409 
422  29 
422  232 
422  64 
422  115 
423  404 
423  412 
423  133 
423  2 
424  86 
424  66 
424  353 
424  177 
425  353 
425  20 
425  421 
425  120 
426  413 
426  264 
426  8 
426  170 
427  74 
427  367 
427  96 
427  237 
428  145 
428  412 
428  229 
428  150 
429  30 
429  319 
429  414 
429  53 
430  319 
430  413 
430  355 
430  101 
431  410 
431  65 
431  306 
431  132 
432  295 
432  164 
432  101 
432  195 
433  75 
433  194 
433  258 
433  58 
434  426 
434  153 
434  40 
434  412 
435  295 
435  412 
435  123 
435  35 
436  428 
436  93 
436  319 
436  374 
437  211 
437  81 
437  410 
437  286 
438  137 
438  63 
438  15 
438  387 
439  349 
439  271 
439  124 
439  318 
440  65 
440  132 
440  212 
440  216 
441  36 
441  207 
441  432 
441  152 
442  384 
442  333 
442  441 
442  299 
443  427 
443  429 
443  118 
443  229 
444  103 
444  259 
444  260 
444  417 
445  393 
445  284 
445  65 
445  141 
446  352 
446  439 
446  174 
446  49 
447  200 
447  444 
447  137 
447  234 
448  439 
448  133 
448  226 
448  443 
449  241 
449  446 
449  266 
449  276 
450  214 
450  1 
450  123 
450  212 
451  120 
451  380 
451  425 
451  411 
452  379 
452  124 
452  355 
452  201 
453  435 
453  14 
453  89 
453  423 
454  266 
454  124 
454  83 
454  74 
455  385 
455  120 
455  27 
455  439 
456  452 
456  454 
456  257 
456  226 
457  447 
457  74 
457  190 
457  100 
458  185 
458  73 
458  87 
458  65 
 

