1  2 
1  3 
1  4 
1  5 
1  6 
1  7 
1  8 
1  9 
1  10 
2  3 
2  4 
2  5 
2  6 
2  7 
2  8 
2  9 
2  10 
3  4 
3  5 
3  6 
3  7 
3  8 
3  9 
3  10 
4  5 
4  6 
4  7 
4  8 
4  9 
4  10 
5  6 
5  7 
5  8 
5  9 
5  10 
6  7 
6  8 
6  9 
6  10 
7  8 
7  9 
7  10 
8  9 
8  10 
9  10 
11  8 
11  7 
11  5 
11  6 
12  5 
12  8 
12  4 
12  10 
13  3 
13  6 
13  1 
13  10 
14  12 
14  5 
14  8 
14  10 
15  14 
15  8 
15  3 
15  10 
16  2 
16  4 
16  5 
16  12 
17  14 
17  1 
17  10 
17  13 
18  2 
18  11 
18  10 
18  13 
19  11 
19  10 
19  17 
19  6 
20  4 
20  8 
20  7 
20  16 
21  4 
21  7 
21  9 
21  10 
22  10 
22  17 
22  9 
22  18 
23  8 
23  5 
23  18 
23  3 
24  10 
24  8 
24  21 
24  2 
25  24 
25  10 
25  13 
25  18 
26  25 
26  13 
26  22 
26  3 
27  18 
27  4 
27  15 
27  9 
28  5 
28  10 
28  9 
28  18 
29  4 
29  8 
29  6 
29  5 
30  1 
30  14 
30  4 
30  8 
31  27 
31  2 
31  6 
31  1 
32  1 
32  8 
32  25 
32  10 
33  7 
33  14 
33  32 
33  28 
34  10 
34  2 
34  14 
34  17 
35  4 
35  5 
35  22 
35  8 
36  33 
36  1 
36  12 
36  34 
37  13 
37  1 
37  27 
37  29 
38  1 
38  4 
38  23 
38  25 
39  14 
39  37 
39  1 
39  11 
40  4 
40  18 
40  21 
40  16 
41  13 
41  12 
41  10 
41  15 
42  5 
42  9 
42  14 
42  35 
43  8 
43  5 
43  4 
43  25 
44  10 
44  43 
44  25 
44  35 
45  4 
45  8 
45  21 
45  37 
46  13 
46  7 
46  17 
46  8 
47  24 
47  27 
47  39 
47  15 
48  7 
48  4 
48  18 
48  8 
49  2 
49  4 
49  17 
49  1 
50  14 
50  39 
50  6 
50  7 
51  29 
51  9 
51  18 
51  22 
52  6 
52  27 
52  13 
52  17 
53  1 
53  24 
53  34 
53  4 
54  4 
54  9 
54  17 
54  5 
55  9 
55  1 
55  41 
55  5 
56  52 
56  30 
56  2 
56  45 
57  54 
57  13 
57  41 
57  36 
58  13 
58  15 
58  10 
58  34 
59  5 
59  1 
59  42 
59  6 
60  25 
60  4 
60  17 
60  1 
61  33 
61  9 
61  17 
61  8 
62  23 
62  14 
62  57 
62  7 
63  50 
63  7 
63  1 
63  3 
64  51 
64  58 
64  5 
64  2 
65  41 
65  32 
65  35 
65  7 
66  6 
66  37 
66  44 
66  62 
67  53 
67  19 
67  39 
67  1 
68  56 
68  25 
68  46 
68  67 
69  6 
69  10 
69  33 
69  16 
70  51 
70  6 
70  33 
70  35 
71  37 
71  8 
71  7 
71  18 
72  39 
72  25 
72  4 
72  24 
73  3 
73  67 
73  25 
73  13 
74  63 
74  31 
74  55 
74  16 
75  2 
75  22 
75  28 
75  53 
76  6 
76  35 
76  8 
76  18 
77  50 
77  4 
77  31 
77  7 
78  49 
78  60 
78  5 
78  53 
79  48 
79  29 
79  4 
79  7 
80  5 
80  40 
80  72 
80  27 
81  57 
81  44 
81  34 
81  2 
82  13 
82  30 
82  41 
82  5 
83  1 
83  71 
83  13 
83  58 
84  22 
84  60 
84  7 
84  4 
85  39 
85  18 
85  1 
85  4 
86  68 
86  4 
86  10 
86  64 
87  17 
87  27 
87  72 
87  23 
88  60 
88  4 
88  49 
88  42 
89  33 
89  56 
89  48 
89  2 
90  28 
90  20 
90  5 
90  3 
91  57 
91  31 
91  5 
91  33 
92  49 
92  53 
92  36 
92  42 
93  5 
93  75 
93  92 
93  7 
94  17 
94  32 
94  4 
94  40 
95  10 
95  1 
95  46 
95  25 
96  10 
96  79 
96  15 
96  23 
97  9 
97  52 
97  8 
97  4 
98  65 
98  38 
98  2 
98  13 
99  3 
99  60 
99  58 
99  24 
100  17 
100  9 
100  25 
100  73 
101  42 
101  28 
101  39 
101  85 
102  35 
102  93 
102  1 
102  64 
103  13 
103  37 
103  27 
103  95 
104  12 
104  13 
104  51 
104  2 
105  33 
105  24 
105  30 
105  2 
106  80 
106  60 
106  10 
106  62 
107  42 
107  17 
107  1 
107  5 
108  41 
108  91 
108  5 
108  69 
109  25 
109  94 
109  4 
109  56 
110  16 
110  8 
110  32 
110  1 
111  8 
111  13 
111  11 
111  14 
112  106 
112  77 
112  8 
112  28 
113  93 
113  110 
113  2 
113  109 
114  110 
114  63 
114  106 
114  25 
115  5 
115  4 
115  48 
115  63 
116  62 
116  48 
116  55 
116  92 
117  93 
117  20 
117  111 
117  6 
118  21 
118  27 
118  80 
118  14 
119  63 
119  66 
119  2 
119  3 
120  2 
120  5 
120  40 
120  28 
121  6 
121  10 
121  23 
121  5 
122  58 
122  1 
122  26 
122  3 
123  61 
123  1 
123  30 
123  3 
124  70 
124  10 
124  17 
124  43 
125  45 
125  4 
125  37 
125  13 
126  1 
126  13 
126  10 
126  113 
127  66 
127  8 
127  5 
127  9 
128  91 
128  78 
128  8 
128  109 
129  79 
129  17 
129  9 
129  106 
130  14 
130  28 
130  45 
130  84 
131  3 
131  112 
131  99 
131  22 
132  21 
132  14 
132  24 
132  17 
133  44 
133  6 
133  2 
133  1 
134  93 
134  1 
134  9 
134  29 
135  65 
135  25 
135  87 
135  10 
136  16 
136  122 
136  8 
136  12 
137  22 
137  7 
137  4 
137  10 
138  9 
138  44 
138  22 
138  112 
139  25 
139  3 
139  127 
139  100 
140  63 
140  17 
140  7 
140  12 
141  43 
141  71 
141  41 
141  2 
142  10 
142  122 
142  9 
142  60 
143  96 
143  124 
143  127 
143  121 
144  2 
144  13 
144  105 
144  9 
145  86 
145  17 
145  18 
145  132 
146  95 
146  2 
146  43 
146  59 
147  51 
147  101 
147  13 
147  63 
148  145 
148  97 
148  2 
148  84 
149  4 
149  6 
149  112 
149  129 
150  143 
150  145 
150  8 
150  44 
151  128 
151  6 
151  39 
151  139 
152  4 
152  1 
152  92 
152  46 
153  71 
153  1 
153  119 
153  79 
154  25 
154  5 
154  28 
154  60 
155  94 
155  2 
155  29 
155  75 
156  116 
156  34 
156  17 
156  147 
157  63 
157  14 
157  1 
157  127 
158  1 
158  14 
158  49 
158  10 
159  6 
159  8 
159  60 
159  146 
160  99 
160  30 
160  5 
160  71 
161  10 
161  44 
161  7 
161  38 
162  37 
162  59 
162  88 
162  35 
163  28 
163  155 
163  24 
163  48 
164  72 
164  30 
164  45 
164  1 
165  32 
165  8 
165  7 
165  113 
166  96 
166  13 
166  4 
166  119 
167  115 
167  88 
167  75 
167  102 
168  37 
168  19 
168  102 
168  25 
169  3 
169  133 
169  93 
169  1 
170  3 
170  39 
170  41 
170  26 
171  65 
171  124 
171  36 
171  57 
172  141 
172  145 
172  55 
172  111 
173  54 
173  8 
173  6 
173  21 
174  7 
174  8 
174  1 
174  105 
175  67 
175  158 
175  33 
175  100 
176  12 
176  68 
176  4 
176  93 
177  30 
177  61 
177  4 
177  55 
178  115 
178  33 
178  4 
178  105 
179  139 
179  160 
179  129 
179  15 
180  10 
180  102 
180  35 
180  15 
181  57 
181  33 
181  14 
181  32 
182  71 
182  179 
182  38 
182  25 
183  6 
183  17 
183  51 
183  109 
184  48 
184  6 
184  14 
184  42 
185  22 
185  121 
185  75 
185  170 
186  8 
186  168 
186  66 
186  91 
187  25 
187  142 
187  72 
187  13 
188  1 
188  2 
188  134 
188  99 
189  136 
189  1 
189  48 
189  13 
190  48 
190  22 
190  13 
190  173 
191  11 
191  25 
191  2 
191  24 
192  64 
192  73 
192  23 
192  40 
193  187 
193  42 
193  13 
193  2 
194  5 
194  173 
194  110 
194  102 
195  113 
195  21 
195  110 
195  12 
196  15 
196  13 
196  25 
196  95 
197  26 
197  88 
197  95 
197  3 
198  65 
198  174 
198  77 
198  6 
199  14 
199  6 
199  40 
199  53 
200  108 
200  1 
200  92 
200  5 
1  201 
1  202 
1  203 
1  204 
2  201 
2  205 
3  206 
3  202 
4  206 
4  201 
4  202 
4  205 
5  207 
5  203 
5  205 
6  207 
6  205 
7  201 
7  203 
7  205 
7  208 
8  206 
8  201 
8  202 
8  203 
8  204 
9  206 
9  201 
9  207 
9  205 
9  208 
10  206 
10  207 
10  202 
10  203 
10  205 
11  201 
12  206 
12  202 
12  208 
12  204 
13  206 
13  202 
13  205 
13  204 
14  201 
14  207 
14  203 
14  205 
15  202 
15  203 
15  204 
16  201 
16  207 
16  202 
16  203 
16  205 
17  207 
17  202 
17  203 
17  205 
17  208 
17  204 
18  202 
18  208 
18  204 
19  206 
19  207 
19  204 
20  201 
20  202 
20  208 
21  201 
21  207 
21  202 
21  208 
22  206 
22  201 
22  207 
22  205 
22  208 
22  204 
23  206 
23  201 
23  207 
23  202 
23  203 
23  205 
23  208 
23  204 
24  207 
24  202 
24  205 
24  208 
25  206 
25  201 
25  207 
25  202 
25  205 
25  208 
25  204 
26  207 
26  202 
26  203 
26  208 
27  206 
27  207 
27  203 
27  205 
27  208 
27  204 
28  206 
28  201 
28  207 
29  206 
29  201 
29  205 
29  208 
30  201 
30  207 
30  204 
31  206 
31  207 
31  203 
31  205 
31  208 
32  207 
32  204 
33  202 
33  203 
33  205 
33  208 
33  204 
34  201 
34  207 
34  205 
34  208 
35  206 
35  201 
35  205 
35  208 
35  204 
36  201 
36  208 
36  204 
37  207 
37  203 
37  204 
38  206 
38  207 
38  202 
38  203 
38  208 
39  202 
39  205 
39  208 
40  201 
40  202 
40  203 
40  205 
40  204 
41  206 
41  207 
41  203 
41  208 
41  204 
42  206 
42  205 
42  208 
43  201 
43  207 
43  203 
43  204 
44  207 
44  208 
45  201 
45  205 
45  204 
46  201 
46  202 
46  203 
46  205 
46  208 
46  204 
47  201 
47  202 
47  203 
47  205 
48  205 
48  204 
49  206 
49  201 
49  207 
49  202 
49  203 
49  208 
49  204 
50  206 
50  201 
50  207 
50  202 
50  203 
50  205 
206  201 
201  207 
207  202 
202  203 
203  205 
205  208 
208  204 
206  202 
206  203 
206  205 
201  208 
207  203 
207  205 
207  208 
202  201 
203  208 
205  201 
208  202 
204  206 
204  201 
204  207 
204  203 
204  205 
51  207 
51  203 
51  205 
51  204 
52  206 
52  207 
52  205 
52  208 
209  193 
209  105 
209  99 
209  123 
210  95 
210  136 
210  209 
210  62 
211  185 
211  62 
211  175 
211  121 
212  53 
212  50 
212  59 
212  96 
213  212 
213  180 
213  209 
213  18 
214  53 
214  175 
214  173 
214  185 
215  212 
215  183 
215  162 
215  75 
216  212 
216  110 
216  132 
216  12 
217  167 
217  28 
217  102 
217  41 
218  198 
218  36 
218  143 
218  129 
219  119 
219  210 
219  213 
219  175 
220  181 
220  157 
220  18 
220  119 
221  213 
221  104 
221  212 
221  218 
222  175 
222  213 
222  119 
222  153 
223  34 
223  138 
223  126 
223  217 
224  209 
224  60 
224  33 
224  59 
225  138 
225  54 
225  58 
225  211 
226  221 
226  115 
226  143 
226  212 
227  223 
227  175 
227  198 
227  81 
228  83 
228  14 
228  8 
228  216 
53  206 
53  201 
53  207 
53  203 
53  205 
229  207 
229  92 
229  222 
229  109 
230  189 
230  116 
230  126 
230  13 
231  122 
231  218 
231  90 
231  67 
232  26 
232  89 
232  213 
232  219 
233  60 
233  232 
233  220 
233  62 
234  221 
234  75 
234  99 
234  218 
235  131 
235  133 
235  120 
235  207 
236  211 
236  73 
236  119 
236  118 
237  120 
237  226 
237  131 
237  95 
238  230 
238  50 
238  81 
238  102 
239  83 
239  196 
239  163 
239  18 
240  160 
240  95 
240  188 
240  162 
241  85 
241  168 
241  86 
241  33 
242  7 
242  95 
242  239 
242  161 
243  29 
243  236 
243  162 
243  40 
244  240 
244  7 
244  230 
244  159 
245  90 
245  184 
245  12 
245  202 
246  157 
246  184 
246  122 
246  245 
247  55 
247  95 
247  139 
247  12 
248  139 
248  239 
248  203 
248  138 
54  207 
54  202 
54  204 
55  202 
55  204 
56  201 
56  207 
56  202 
56  203 
249  93 
249  105 
249  54 
249  18 
250  70 
250  47 
250  150 
250  6 
251  120 
251  12 
251  18 
251  1 
252  89 
252  238 
252  175 
252  131 
253  207 
253  184 
253  88 
253  34 
254  73 
254  53 
254  112 
254  21 
255  36 
255  214 
255  250 
255  120 
256  214 
256  227 
256  49 
256  75 
257  28 
257  102 
257  253 
257  5 
258  257 
258  201 
258  43 
258  245 
259  80 
259  211 
259  255 
259  20 
260  206 
260  48 
260  136 
260  55 
261  254 
261  235 
261  259 
261  80 
262  180 
262  217 
262  196 
262  19 
263  103 
263  12 
263  33 
263  38 
264  180 
264  258 
264  200 
264  50 
265  70 
265  87 
265  1 
265  55 
266  157 
266  176 
266  253 
266  115 
267  154 
267  250 
267  145 
267  3 
268  14 
268  20 
268  267 
268  10 
57  206 
57  207 
57  208 
58  206 
58  201 
58  207 
58  202 
58  205 
59  206 
59  201 
59  203 
59  205 
59  204 
60  206 
60  201 
60  204 
1  269 
2  269 
3  269 
4  269 
9  269 
12  269 
15  269 
16  269 
17  269 
19  269 
21  269 
23  269 
26  269 
28  269 
32  269 
34  269 
37  269 
39  269 
40  269 
41  269 
42  269 
44  269 
47  269 
48  269 
49  269 
51  269 
54  269 
56  269 
58  269 
60  269 
206  207 
201  203 
204  202 
269  206 
269  203 
269  205 
269  204 
270  95 
270  14 
270  34 
270  103 
271  141 
271  35 
271  29 
271  150 
272  189 
272  270 
272  202 
272  134 
273  243 
273  177 
273  19 
273  141 
274  184 
274  189 
274  70 
274  73 
275  41 
275  114 
275  182 
275  156 
276  260 
276  113 
276  221 
276  130 
277  192 
277  205 
277  71 
277  10 
278  60 
278  51 
278  83 
278  239 
279  178 
279  62 
279  128 
279  272 
280  207 
280  245 
280  29 
280  118 
281  273 
281  111 
281  132 
281  1 
282  172 
282  261 
282  171 
282  160 
283  141 
283  183 
283  83 
283  271 
284  270 
284  207 
284  273 
284  150 
285  139 
285  124 
285  161 
285  106 
286  169 
286  277 
286  89 
286  282 
287  282 
287  260 
287  147 
287  286 
288  204 
288  212 
288  199 
288  100 
289  130 
289  55 
289  142 
289  270 
61  206 
61  201 
61  207 
61  203 
61  208 
61  269 
62  201 
62  207 
62  202 
63  207 
63  203 
63  205 
63  269 
64  206 
64  202 
64  203 
64  208 
64  204 
290  9 
290  18 
290  95 
290  275 
291  35 
291  146 
291  101 
291  208 
292  26 
292  291 
292  270 
292  258 
293  110 
293  243 
293  75 
293  258 
294  113 
294  291 
294  209 
294  247 
295  110 
295  216 
295  253 
295  195 
296  158 
296  295 
296  67 
296  224 
297  17 
297  82 
297  149 
297  284 
298  265 
298  159 
298  294 
298  128 
299  146 
299  222 
299  63 
299  153 
300  114 
300  233 
300  211 
300  253 
301  72 
301  103 
301  26 
301  247 
302  158 
302  295 
302  49 
302  66 
303  160 
303  216 
303  155 
303  295 
304  243 
304  268 
304  202 
304  152 
305  291 
305  272 
305  292 
305  65 
306  291 
306  302 
306  26 
306  45 
307  71 
307  211 
307  192 
307  198 
308  307 
308  298 
308  303 
308  191 
309  278 
309  128 
309  292 
309  195 
65  206 
65  201 
65  202 
65  203 
65  208 
65  204 
65  269 
66  201 
66  202 
66  205 
66  269 
67  206 
67  203 
67  205 
68  201 
68  207 
68  203 
68  205 
68  208 
68  269 
310  122 
310  44 
310  118 
310  80 
311  61 
311  108 
311  296 
311  272 
312  276 
312  215 
312  116 
312  244 
313  143 
313  172 
313  294 
313  11 
314  124 
314  46 
314  150 
314  139 
315  39 
315  167 
315  205 
315  137 
316  297 
316  56 
316  224 
316  188 
317  235 
317  254 
317  133 
317  44 
318  245 
318  263 
318  216 
318  186 
319  210 
319  170 
319  309 
319  310 
320  268 
320  311 
320  98 
320  119 
321  122 
321  313 
321  312 
321  8 
322  213 
322  9 
322  277 
322  312 
323  45 
323  60 
323  242 
323  93 
324  191 
324  18 
324  118 
324  100 
325  159 
325  134 
325  274 
325  203 
326  51 
326  298 
326  132 
326  106 
327  322 
327  153 
327  247 
327  309 
328  321 
328  322 
328  291 
328  20 
329  293 
329  150 
329  29 
329  312 
69  202 
69  203 
69  208 
69  204 
70  207 
70  204 
71  206 
71  207 
72  203 
72  208 
72  204 
72  269 
330  312 
330  134 
330  2 
330  79 
331  272 
331  326 
331  1 
331  306 
332  34 
332  27 
332  224 
332  327 
333  53 
333  299 
333  137 
333  143 
334  76 
334  107 
334  181 
334  44 
335  219 
335  179 
335  103 
335  123 
336  184 
336  191 
336  244 
336  299 
337  170 
337  293 
337  88 
337  189 
338  113 
338  269 
338  16 
338  118 
339  278 
339  264 
339  265 
339  113 
340  98 
340  200 
340  126 
340  270 
341  329 
341  281 
341  43 
341  273 
342  282 
342  2 
342  72 
342  99 
343  223 
343  37 
343  270 
343  214 
344  312 
344  160 
344  59 
344  330 
345  259 
345  98 
345  179 
345  89 
346  213 
346  340 
346  271 
346  9 
347  270 
347  268 
347  168 
347  96 
348  220 
348  159 
348  269 
348  346 
349  294 
349  347 
349  223 
349  42 
73  201 
73  202 
73  203 
73  205 
73  208 
73  269 
74  206 
74  207 
74  202 
350  59 
350  342 
350  23 
350  61 
351  8 
351  304 
351  173 
351  213 
352  96 
352  69 
352  185 
352  71 
353  250 
353  114 
353  51 
353  31 
354  200 
354  158 
354  125 
354  269 
355  76 
355  328 
355  268 
355  10 
356  112 
356  160 
356  51 
356  287 
357  340 
357  305 
357  83 
357  281 
358  51 
358  142 
358  346 
358  275 
359  281 
359  356 
359  29 
359  23 
360  287 
360  283 
360  148 
360  211 
361  297 
361  354 
361  182 
361  4 
362  249 
362  264 
362  169 
362  227 
363  59 
363  268 
363  150 
363  278 
364  116 
364  141 
364  207 
364  140 
365  355 
365  129 
365  39 
365  219 
366  262 
366  263 
366  1 
366  161 
367  155 
367  120 
367  352 
367  87 
368  357 
368  43 
368  340 
368  351 
369  120 
369  235 
369  358 
369  280 
75  206 
75  201 
75  207 
75  202 
75  269 
76  201 
76  208 
76  204 
76  269 
77  207 
78  201 
78  202 
78  204 
78  269 
79  203 
79  204 
79  269 
370  61 
370  50 
370  195 
370  192 
371  293 
371  289 
371  354 
371  353 
372  182 
372  174 
372  105 
372  163 
373  151 
373  343 
373  179 
373  52 
374  269 
374  145 
374  169 
374  364 
375  56 
375  146 
375  151 
375  334 
376  136 
376  114 
376  332 
376  149 
377  338 
377  227 
377  363 
377  249 
378  286 
378  268 
378  349 
378  243 
379  339 
379  107 
379  334 
379  296 
380  53 
380  349 
380  308 
380  243 
381  106 
381  193 
381  243 
381  173 
382  349 
382  7 
382  171 
382  112 
383  92 
383  207 
383  93 
383  66 
384  43 
384  70 
384  383 
384  107 
385  73 
385  92 
385  91 
385  210 
386  195 
386  332 
386  312 
386  38 
387  209 
387  345 
387  261 
387  374 
388  296 
388  371 
388  228 
388  92 
389  353 
389  381 
389  244 
389  332 
80  207 
80  205 
80  204 
81  206 
81  207 
81  205 
81  204 
390  42 
390  116 
390  223 
390  287 
391  71 
391  26 
391  150 
391  384 
392  78 
392  72 
392  372 
392  288 
393  309 
393  207 
393  313 
393  320 
394  273 
394  155 
394  249 
394  294 
395  243 
395  278 
395  313 
395  109 
396  27 
396  344 
396  294 
396  373 
397  23 
397  285 
397  139 
397  15 
398  166 
398  192 
398  382 
398  394 
399  243 
399  397 
399  221 
399  181 
400  395 
400  204 
400  10 
400  149 
401  135 
401  87 
401  288 
401  55 
402  346 
402  48 
402  147 
402  117 
403  296 
403  173 
403  171 
403  347 
404  188 
404  44 
404  308 
404  221 
405  352 
405  343 
405  265 
405  290 
406  319 
406  131 
406  120 
406  114 
407  320 
407  243 
407  298 
407  383 
408  49 
408  397 
408  365 
408  351 
409  259 
409  379 
409  56 
409  245 
82  206 
82  201 
82  207 
82  202 
82  203 
82  205 
82  204 
82  269 
83  201 
83  207 
83  205 
83  204 
83  269 
410  375 
410  105 
410  139 
410  285 
411  266 
411  261 
411  254 
411  211 
412  371 
412  118 
412  266 
412  243 
413  146 
413  346 
413  321 
413  233 
414  217 
414  358 
414  158 
414  64 
415  210 
415  279 
415  9 
415  113 
416  2 
416  42 
416  413 
416  109 
417  273 
417  272 
417  286 
417  136 
418  249 
418  413 
418  178 
418  21 
419  62 
419  6 
419  364 
419  42 
420  300 
420  327 
420  75 
420  10 
421  113 
421  262 
421  65 
421  6 
422  286 
422  201 
422  211 
422  263 
423  344 
423  88 
423  279 
423  208 
424  339 
424  248 
424  80 
424  57 
425  414 
425  78 
425  371 
425  214 
426  192 
426  330 
426  201 
426  140 
427  17 
427  61 
427  173 
427  411 
428  203 
428  420 
428  214 
428  2 
429  298 
429  235 
429  2 
429  27 
84  206 
84  201 
84  202 
84  203 
85  206 
85  208 
85  204 
85  269 
430  117 
430  271 
430  48 
430  305 
431  58 
431  334 
431  36 
431  102 
432  391 
432  390 
432  52 
432  355 
433  196 
433  417 
433  69 
433  342 
434  351 
434  426 
434  285 
434  10 
435  102 
435  276 
435  118 
435  342 
436  339 
436  54 
436  193 
436  328 
437  46 
437  266 
437  214 
437  118 
438  40 
438  435 
438  371 
438  398 
439  318 
439  150 
439  122 
439  301 
440  360 
440  437 
440  322 
440  15 
441  251 
441  176 
441  163 
441  216 
442  422 
442  5 
442  259 
442  40 
443  172 
443  217 
443  427 
443  223 
444  149 
444  105 
444  132 
444  443 
445  47 
445  108 
445  333 
445  180 
446  285 
446  339 
446  324 
446  430 
447  171 
447  129 
447  294 
447  257 
448  436 
448  378 
448  81 
448  6 
449  434 
449  22 
449  363 
449  137 
86  201 
86  207 
86  205 
86  204 
87  206 
87  201 
87  203 
87  204 
88  206 
88  203 
88  205 
88  208 
88  204 
89  201 
89  207 
89  205 
89  208 
89  204 
89  269 
450  83 
450  418 
450  152 
450  150 
451  347 
451  74 
451  133 
451  177 
452  196 
452  157 
452  87 
452  280 
453  25 
453  363 
453  394 
453  416 
454  85 
454  292 
454  348 
454  358 
455  367 
455  110 
455  454 
455  26 
456  113 
456  390 
456  450 
456  401 
457  439 
457  414 
457  425 
457  44 
458  314 
458  20 
458  192 
458  335 
459  91 
459  175 
459  433 
459  152 
460  29 
460  394 
460  144 
460  173 
461  329 
461  102 
461  405 
461  457 
462  349 
462  298 
462  160 
462  258 
463  256 
463  15 
463  182 
463  70 
464  13 
464  131 
464  335 
464  262 
465  271 
465  95 
465  451 
465  429 
466  222 
466  452 
466  254 
466  278 
467  213 
467  202 
467  57 
467  435 
468  405 
468  134 
468  453 
468  28 
469  305 
469  442 
469  375 
469  293 
90  207 
90  202 
90  203 
90  208 
90  204 
91  201 
91  207 
91  202 
91  205 
91  208 
91  269 
92  206 
92  207 
92  202 
92  203 
92  208 
92  204 
93  206 
93  201 
93  207 
93  205 
94  206 
94  202 
94  203 
94  208 
470  378 
470  404 
470  341 
470  213 
471  449 
471  130 
471  54 
471  364 
472  217 
472  410 
472  352 
472  389 
473  232 
473  130 
473  42 
473  471 
474  394 
474  150 
474  97 
474  181 
475  245 
475  377 
475  261 
475  255 
476  364 
476  401 
476  257 
476  251 
477  474 
477  172 
477  441 
477  8 
478  247 
478  221 
478  256 
478  28 
479  377 
479  253 
479  370 
479  43 
480  373 
480  473 
480  97 
480  155 
481  441 
481  367 
481  58 
481  97 
482  7 
482  256 
482  164 
482  241 
483  23 
483  188 
483  424 
483  35 
484  105 
484  474 
484  72 
484  394 
485  74 
485  150 
485  174 
485  392 
486  474 
486  325 
486  289 
486  71 
487  69 
487  458 
487  486 
487  484 
488  379 
488  19 
488  444 
488  139 
489  277 
489  315 
489  426 
489  477 
95  206 
95  202 
95  203 
95  204 
95  269 
96  206 
96  201 
96  207 
96  202 
96  205 
96  204 
490  284 
490  464 
490  83 
490  180 
491  48 
491  23 
491  156 
491  223 
492  245 
492  85 
492  79 
492  434 
493  480 
493  28 
493  162 
493  141 
494  454 
494  353 
494  64 
494  368 
495  295 
495  424 
495  411 
495  467 
496  344 
496  171 
496  493 
496  449 
497  466 
497  56 
497  295 
497  495 
498  446 
498  135 
498  490 
498  399 
499  319 
499  335 
499  64 
499  487 
500  263 
500  29 
500  295 
500  340 
501  72 
501  377 
501  59 
501  223 
502  88 
502  274 
502  225 
502  310 
503  117 
503  342 
503  274 
503  164 
504  130 
504  258 
504  278 
504  7 
505  399 
505  492 
505  221 
505  427 
506  119 
506  266 
506  427 
506  368 
507  167 
507  275 
507  427 
507  125 
508  251 
508  163 
508  443 
508  184 
509  330 
509  461 
509  56 
509  180 
97  206 
97  208 
97  269 
98  202 
98  203 
98  205 
98  208 
98  269 
99  206 
99  201 
99  207 
99  203 
99  205 
99  269 
510  180 
510  289 
510  383 
510  421 
511  43 
511  495 
511  317 
511  279 
512  225 
512  405 
512  266 
512  403 
513  328 
513  24 
513  314 
513  467 
514  443 
514  163 
514  320 
514  452 
515  399 
515  42 
515  72 
515  445 
516  339 
516  350 
516  505 
516  340 
517  219 
517  6 
517  512 
517  267 
518  19 
518  14 
518  2 
518  480 
519  177 
519  192 
519  357 
519  449 
520  333 
520  381 
520  417 
520  174 
521  403 
521  14 
521  478 
521  7 
522  423 
522  149 
522  22 
522  420 
523  516 
523  293 
523  180 
523  417 
524  157 
524  186 
524  523 
524  90 
525  357 
525  484 
525  402 
525  522 
526  193 
526  523 
526  158 
526  39 
527  210 
527  512 
527  327 
527  230 
528  405 
528  83 
528  42 
528  467 
529  317 
529  282 
529  63 
529  391 
100  206 
100  201 
100  207 
100  205 
100  204 
101  206 
101  202 
101  203 
101  204 
102  206 
102  201 
102  207 
102  203 
102  205 
102  208 
102  269 
103  201 
103  269 
104  201 
104  202 
104  205 
104  208 
104  269 
1  530 
5  530 
6  530 
7  530 
8  530 
10  530 
11  530 
12  530 
14  530 
15  530 
17  530 
18  530 
19  530 
21  530 
23  530 
25  530 
27  530 
28  530 
29  530 
30  530 
32  530 
33  530 
34  530 
38  530 
39  530 
41  530 
45  530 
50  530 
51  530 
52  530 
54  530 
55  530 
56  530 
57  530 
58  530 
64  530 
70  530 
72  530 
73  530 
75  530 
76  530 
80  530 
82  530 
85  530 
88  530 
89  530 
90  530 
93  530 
96  530 
99  530 
100  530 
102  530 
104  530 
206  208 
201  269 
202  205 
269  207 
269  202 
530  207 
530  202 
530  208 
530  269 
531  304 
531  515 
531  285 
531  311 
532  182 
532  215 
532  230 
532  104 
533  41 
533  194 
533  472 
533  292 
534  80 
534  143 
534  442 
534  503 
535  403 
535  177 
535  169 
535  343 
536  131 
536  491 
536  514 
536  300 
537  350 
537  369 
537  536 
537  535 
538  444 
538  424 
538  31 
538  407 
539  147 
539  313 
539  364 
539  71 
540  271 
540  354 
540  436 
540  191 
541  287 
541  506 
541  292 
541  422 
542  514 
542  329 
542  367 
542  464 
543  247 
543  504 
543  459 
543  535 
544  107 
544  230 
544  170 
544  213 
545  522 
545  539 
545  117 
545  372 
546  298 
546  515 
546  225 
546  57 
547  488 
547  54 
547  34 
547  539 
548  183 
548  420 
548  536 
548  541 
549  360 
549  89 
549  132 
549  255 
550  67 
550  360 
550  313 
550  460 
 

