1  2 
1  3 
1  4 
1  5 
1  6 
1  7 
8  9 
8  10 
8  11 
8  12 
8  13 
8  14 
8  15 
8  16 
8  17 
8  18 
8  19 
8  20 
8  21 
8  22 
8  23 
8  24 
9  25 
10  26 
10  27 
11  28 
11  29 
12  30 
12  31 
12  32 
12  33 
12  34 
12  35 
12  36 
12  37 
12  38 
12  39 
30  40 
13  41 
13  42 
13  43 
13  44 
2  45 
2  46 
26  47 
26  48 
26  49 
26  50 
26  51 
26  52 
26  53 
41  54 
41  55 
41  56 
41  57 
27  58 
58  59 
54  60 
54  61 
54  62 
54  63 
54  64 
28  65 
28  66 
28  67 
28  68 
42  69 
15  70 
15  71 
32  72 
32  73 
32  74 
72  75 
48  76 
48  77 
29  78 
73  79 
73  80 
73  81 
16  82 
16  83 
16  84 
82  85 
82  86 
82  87 
82  88 
85  89 
4  90 
86  91 
86  92 
70  93 
83  94 
83  95 
83  96 
40  97 
5  98 
78  99 
78  100 
33  101 
94  102 
94  103 
19  104 
19  105 
49  106 
49  107 
71  108 
34  109 
101  110 
36  111 
57  112 
24  113 
59  114 
64  115 
 

