1  2 
1  3 
1  4 
1  5 
1  6 
1  7 
1  8 
1  9 
1  10 
2  3 
2  4 
2  5 
2  6 
2  7 
2  8 
2  9 
2  10 
3  4 
3  5 
3  6 
3  7 
3  8 
3  9 
3  10 
4  5 
4  6 
4  7 
4  8 
4  9 
4  10 
5  6 
5  7 
5  8 
5  9 
5  10 
6  7 
6  8 
6  9 
6  10 
7  8 
7  9 
7  10 
8  9 
8  10 
9  10 
11  8 
11  5 
11  2 
11  6 
12  8 
12  7 
12  9 
12  6 
13  12 
13  2 
13  6 
13  9 
14  10 
14  9 
14  12 
14  3 
15  11 
15  8 
15  7 
15  5 
16  6 
16  8 
16  10 
16  5 
17  2 
17  7 
17  4 
17  9 
18  10 
18  14 
18  16 
18  9 
19  3 
19  5 
19  17 
19  2 
20  15 
20  7 
20  4 
20  9 
21  9 
21  12 
21  4 
21  16 
22  3 
22  6 
22  7 
22  8 
23  22 
23  4 
23  9 
23  1 
24  9 
24  3 
24  14 
24  12 
25  21 
25  7 
25  1 
25  3 
26  8 
26  2 
26  22 
26  4 
27  7 
27  6 
27  4 
27  12 
28  1 
28  4 
28  9 
28  2 
29  10 
29  20 
29  8 
29  14 
30  3 
30  18 
30  20 
30  9 
31  3 
31  6 
31  28 
31  19 
32  27 
32  2 
32  4 
32  1 
33  3 
33  13 
33  20 
33  7 
34  9 
34  21 
34  17 
34  8 
35  20 
35  7 
35  5 
35  6 
36  1 
36  12 
36  9 
36  2 
37  3 
37  9 
37  12 
37  17 
38  5 
38  4 
38  2 
38  20 
39  7 
39  6 
39  8 
39  1 
40  39 
40  36 
40  23 
40  2 
41  10 
41  8 
41  4 
41  5 
42  22 
42  28 
42  7 
42  8 
43  11 
43  42 
43  36 
43  24 
44  6 
44  9 
44  18 
44  2 
45  9 
45  5 
45  44 
45  25 
46  5 
46  11 
46  7 
46  45 
47  4 
47  5 
47  2 
47  41 
48  8 
48  11 
48  25 
48  46 
49  23 
49  42 
49  25 
49  1 
50  3 
50  1 
50  5 
50  25 
51  36 
51  4 
51  6 
51  22 
52  9 
52  28 
52  2 
52  23 
53  33 
53  37 
53  9 
53  8 
54  26 
54  50 
54  4 
54  5 
55  49 
55  38 
55  1 
55  41 
56  9 
56  2 
56  4 
56  6 
57  7 
57  6 
57  12 
57  9 
58  5 
58  16 
58  3 
58  20 
59  16 
59  32 
59  10 
59  3 
60  36 
60  20 
60  18 
60  17 
61  38 
61  8 
61  5 
61  52 
62  14 
62  7 
62  20 
62  59 
63  3 
63  49 
63  21 
63  45 
64  8 
64  7 
64  16 
64  41 
65  8 
65  12 
65  1 
65  6 
66  9 
66  13 
66  58 
66  8 
67  5 
67  7 
67  66 
67  29 
68  49 
68  28 
68  7 
68  21 
69  24 
69  63 
69  43 
69  6 
70  46 
70  20 
70  40 
70  8 
71  35 
71  18 
71  21 
71  1 
72  57 
72  61 
72  9 
72  29 
73  42 
73  8 
73  22 
73  68 
74  54 
74  35 
74  36 
74  8 
75  69 
75  10 
75  1 
75  33 
76  10 
76  4 
76  57 
76  44 
77  20 
77  42 
77  19 
77  18 
78  4 
78  47 
78  74 
78  77 
79  63 
79  3 
79  10 
79  9 
80  40 
80  7 
80  8 
80  41 
81  67 
81  44 
81  9 
81  42 
82  5 
82  1 
82  32 
82  38 
83  10 
83  82 
83  38 
83  25 
84  3 
84  45 
84  7 
84  50 
85  47 
85  74 
85  7 
85  58 
86  48 
86  1 
86  63 
86  67 
87  13 
87  9 
87  5 
87  76 
88  1 
88  16 
88  35 
88  74 
89  10 
89  6 
89  23 
89  69 
90  9 
90  14 
90  27 
90  62 
91  76 
91  3 
91  47 
91  20 
92  9 
92  1 
92  86 
92  35 
93  9 
93  17 
93  60 
93  57 
94  9 
94  1 
94  41 
94  17 
95  59 
95  18 
95  17 
95  75 
96  26 
96  74 
96  7 
96  8 
97  31 
97  40 
97  17 
97  52 
98  5 
98  38 
98  18 
98  25 
99  19 
99  1 
99  66 
99  8 
100  1 
100  85 
100  5 
100  40 
101  18 
101  9 
101  59 
101  88 
102  75 
102  1 
102  55 
102  94 
103  40 
103  8 
103  2 
103  6 
104  61 
104  12 
104  76 
104  71 
105  2 
105  18 
105  14 
105  104 
106  63 
106  9 
106  25 
106  61 
107  33 
107  10 
107  22 
107  6 
108  5 
108  9 
108  24 
108  92 
109  58 
109  18 
109  43 
109  98 
110  21 
110  98 
110  93 
110  36 
111  41 
111  18 
111  99 
111  4 
112  77 
112  9 
112  79 
112  8 
113  2 
113  97 
113  4 
113  36 
114  14 
114  10 
114  3 
114  105 
115  35 
115  43 
115  18 
115  78 
116  9 
116  74 
116  13 
116  67 
117  1 
117  20 
117  41 
117  10 
118  1 
118  61 
118  47 
118  25 
119  7 
119  37 
119  48 
119  1 
120  100 
120  22 
120  9 
120  24 
121  8 
121  15 
121  93 
121  19 
122  43 
122  6 
122  63 
122  54 
123  18 
123  13 
123  20 
123  12 
124  24 
124  45 
124  8 
124  3 
125  17 
125  28 
125  72 
125  34 
126  36 
126  61 
126  102 
126  25 
127  25 
127  35 
127  72 
127  102 
128  114 
128  21 
128  54 
128  4 
129  4 
129  22 
129  87 
129  17 
130  49 
130  16 
130  118 
130  44 
131  86 
131  111 
131  29 
131  126 
132  125 
132  50 
132  4 
132  8 
133  32 
133  60 
133  106 
133  69 
134  1 
134  63 
134  43 
134  4 
135  87 
135  99 
135  74 
135  129 
136  10 
136  134 
136  81 
136  124 
137  25 
137  7 
137  24 
137  130 
138  41 
138  24 
138  123 
138  4 
139  134 
139  135 
139  19 
139  10 
140  37 
140  21 
140  86 
140  5 
141  126 
141  9 
141  26 
141  63 
142  70 
142  14 
142  33 
142  5 
143  91 
143  123 
143  38 
143  44 
144  24 
144  20 
144  19 
144  100 
145  74 
145  8 
145  21 
145  105 
146  41 
146  101 
146  29 
146  17 
147  17 
147  4 
147  134 
147  112 
148  11 
148  106 
148  10 
148  20 
149  142 
149  112 
149  80 
149  30 
150  33 
150  37 
150  80 
150  20 
151  101 
151  114 
151  88 
151  104 
152  125 
152  14 
152  150 
152  55 
153  95 
153  8 
153  6 
153  48 
154  35 
154  9 
154  7 
154  20 
155  7 
155  8 
155  33 
155  54 
156  3 
156  21 
156  60 
156  35 
157  55 
157  84 
157  59 
157  17 
158  1 
158  61 
158  62 
158  60 
159  14 
159  8 
159  54 
159  74 
160  119 
160  52 
160  11 
160  16 
161  64 
161  40 
161  114 
161  32 
162  114 
162  97 
162  73 
162  1 
163  61 
163  8 
163  106 
163  75 
164  4 
164  18 
164  8 
164  75 
165  5 
165  14 
165  9 
165  22 
166  142 
166  60 
166  1 
166  11 
167  74 
167  40 
167  18 
167  65 
168  98 
168  157 
168  10 
168  16 
169  9 
169  112 
169  23 
169  17 
170  25 
170  93 
170  22 
170  37 
171  67 
171  16 
171  57 
171  8 
172  74 
172  38 
172  67 
172  41 
173  5 
173  11 
173  8 
173  26 
174  4 
174  75 
174  74 
174  125 
175  147 
175  47 
175  135 
175  60 
176  66 
176  20 
176  112 
176  28 
177  35 
177  162 
177  119 
177  63 
178  172 
178  1 
178  85 
178  63 
179  95 
179  93 
179  28 
179  140 
180  53 
180  7 
180  109 
180  173 
181  83 
181  9 
181  1 
181  29 
182  157 
182  73 
182  6 
182  99 
183  140 
183  29 
183  2 
183  48 
184  57 
184  9 
184  97 
184  22 
185  3 
185  8 
185  150 
185  128 
186  3 
186  57 
186  22 
186  41 
187  127 
187  114 
187  41 
187  146 
188  18 
188  112 
188  57 
188  44 
189  4 
189  1 
189  62 
189  3 
190  2 
190  127 
190  12 
190  25 
191  10 
191  6 
191  7 
191  63 
192  126 
192  180 
192  1 
192  176 
193  71 
193  122 
193  57 
193  6 
194  58 
194  3 
194  33 
194  158 
195  48 
195  131 
195  156 
195  8 
196  10 
196  114 
196  184 
196  3 
197  67 
197  140 
197  129 
197  35 
198  9 
198  72 
198  5 
198  20 
199  123 
199  22 
199  57 
199  114 
200  128 
200  164 
200  114 
200  7 
1  201 
1  202 
1  203 
1  204 
1  205 
1  206 
1  207 
2  202 
2  203 
2  205 
2  206 
3  208 
3  202 
3  203 
3  204 
3  205 
3  206 
4  201 
4  202 
4  204 
4  205 
5  201 
5  205 
6  201 
6  202 
6  204 
7  201 
7  203 
7  204 
7  207 
8  208 
8  201 
8  202 
8  203 
8  206 
8  207 
9  208 
9  202 
9  203 
9  204 
9  205 
9  207 
10  202 
10  204 
10  205 
11  208 
11  201 
11  202 
11  203 
11  204 
11  205 
12  208 
12  202 
12  205 
12  206 
12  207 
13  208 
13  201 
13  205 
13  206 
14  201 
14  203 
14  206 
14  207 
15  208 
15  206 
16  201 
16  202 
16  205 
17  201 
17  202 
17  203 
18  208 
18  201 
18  202 
18  206 
19  202 
19  203 
19  204 
19  205 
19  207 
20  202 
20  203 
20  204 
20  206 
20  207 
21  203 
21  204 
21  206 
22  201 
22  204 
22  205 
22  206 
22  207 
23  208 
23  202 
23  204 
23  206 
24  208 
24  201 
24  205 
25  208 
25  201 
25  205 
25  207 
26  208 
26  203 
26  205 
26  206 
26  207 
27  208 
27  201 
27  203 
27  205 
27  206 
27  207 
28  208 
28  201 
28  204 
28  205 
28  206 
28  207 
29  201 
29  203 
29  204 
30  208 
30  201 
30  204 
30  205 
31  203 
31  206 
31  207 
32  201 
32  202 
32  204 
32  205 
32  207 
33  202 
33  203 
34  201 
34  203 
34  207 
35  201 
35  203 
35  204 
35  205 
35  206 
35  207 
36  201 
36  204 
36  207 
37  208 
37  202 
37  206 
38  201 
38  202 
38  204 
38  206 
38  207 
39  202 
39  203 
39  204 
39  207 
40  208 
40  201 
40  203 
40  206 
40  207 
41  208 
41  202 
41  204 
41  205 
41  206 
41  207 
42  208 
42  201 
42  202 
42  204 
42  205 
42  206 
42  207 
43  202 
43  205 
43  207 
44  201 
44  203 
44  204 
44  205 
44  206 
45  208 
45  207 
46  208 
46  201 
46  202 
46  205 
46  206 
46  207 
47  201 
47  202 
47  203 
47  207 
48  208 
48  201 
48  203 
48  205 
49  204 
49  205 
49  206 
49  207 
50  201 
50  202 
50  203 
50  205 
50  206 
208  201 
201  202 
202  203 
203  204 
204  205 
205  206 
206  207 
208  203 
208  204 
208  205 
201  203 
201  206 
202  208 
203  205 
203  206 
204  201 
204  206 
207  201 
207  202 
207  203 
207  205 
51  208 
51  202 
51  204 
51  207 
52  208 
52  201 
52  202 
52  203 
52  205 
52  206 
53  208 
53  201 
53  202 
53  203 
53  206 
209  88 
209  86 
209  127 
209  70 
210  153 
210  148 
210  58 
210  7 
211  21 
211  129 
211  91 
211  89 
212  59 
212  200 
212  70 
212  173 
213  16 
213  133 
213  204 
213  152 
214  162 
214  211 
214  163 
214  201 
215  76 
215  162 
215  115 
215  175 
216  106 
216  119 
216  32 
216  138 
217  162 
217  202 
217  200 
217  215 
218  191 
218  203 
218  140 
218  106 
219  16 
219  138 
219  140 
219  17 
220  183 
220  181 
220  182 
220  111 
221  23 
221  85 
221  61 
221  47 
222  68 
222  26 
222  55 
222  184 
223  31 
223  210 
223  48 
223  66 
224  210 
224  23 
224  200 
224  133 
225  17 
225  203 
225  135 
225  208 
226  16 
226  183 
226  218 
226  68 
227  26 
227  203 
227  31 
227  225 
228  209 
228  31 
228  188 
228  215 
54  201 
54  203 
54  204 
54  206 
54  207 
55  202 
55  205 
55  206 
56  202 
56  204 
229  13 
229  44 
229  171 
229  29 
230  192 
230  107 
230  170 
230  130 
231  97 
231  4 
231  22 
231  76 
232  132 
232  9 
232  51 
232  35 
233  14 
233  149 
233  174 
233  137 
234  16 
234  76 
234  187 
234  233 
235  162 
235  51 
235  102 
235  215 
236  229 
236  146 
236  161 
236  198 
237  64 
237  213 
237  200 
237  35 
238  235 
238  205 
238  145 
238  186 
239  238 
239  235 
239  60 
239  54 
240  147 
240  88 
240  46 
240  141 
241  12 
241  102 
241  23 
241  5 
242  95 
242  212 
242  238 
242  102 
243  154 
243  172 
243  198 
243  84 
244  235 
244  18 
244  35 
244  215 
245  30 
245  100 
245  117 
245  237 
246  75 
246  207 
246  192 
246  187 
247  44 
247  23 
247  82 
247  83 
248  241 
248  239 
248  154 
248  145 
57  208 
57  203 
57  206 
58  208 
58  201 
58  203 
59  208 
59  201 
59  204 
60  202 
60  203 
60  205 
249  210 
249  24 
249  207 
249  182 
250  107 
250  98 
250  17 
250  211 
251  190 
251  216 
251  100 
251  97 
252  107 
252  125 
252  189 
252  204 
253  48 
253  221 
253  32 
253  235 
254  48 
254  108 
254  58 
254  168 
255  189 
255  25 
255  64 
255  183 
256  198 
256  216 
256  42 
256  255 
257  103 
257  113 
257  195 
257  20 
258  70 
258  192 
258  230 
258  32 
259  155 
259  20 
259  183 
259  209 
260  183 
260  92 
260  251 
260  86 
261  252 
261  44 
261  115 
261  122 
262  215 
262  112 
262  139 
262  100 
263  211 
263  84 
263  166 
263  243 
264  198 
264  232 
264  91 
264  146 
265  84 
265  253 
265  166 
265  249 
266  214 
266  219 
266  251 
266  44 
267  209 
267  253 
267  249 
267  199 
268  237 
268  256 
268  128 
268  261 
61  208 
61  201 
61  203 
61  206 
62  208 
62  201 
62  202 
62  203 
62  204 
62  207 
63  208 
63  202 
63  204 
63  205 
63  206 
64  208 
64  201 
64  203 
64  205 
64  207 
65  208 
65  201 
65  203 
65  204 
65  206 
65  207 
1  269 
2  269 
3  269 
4  269 
5  269 
6  269 
10  269 
14  269 
15  269 
16  269 
18  269 
20  269 
23  269 
24  269 
25  269 
26  269 
27  269 
29  269 
30  269 
31  269 
32  269 
33  269 
37  269 
39  269 
40  269 
41  269 
42  269 
45  269 
46  269 
47  269 
48  269 
50  269 
52  269 
54  269 
55  269 
59  269 
60  269 
63  269 
208  207 
202  205 
202  206 
204  202 
204  207 
205  201 
269  208 
269  201 
269  202 
269  204 
270  62 
270  66 
270  215 
270  97 
271  98 
271  2 
271  53 
271  3 
272  260 
272  54 
272  67 
272  51 
273  42 
273  227 
273  51 
273  179 
274  248 
274  131 
274  1 
274  192 
275  243 
275  1 
275  187 
275  54 
276  273 
276  197 
276  79 
276  37 
277  20 
277  163 
277  192 
277  158 
278  199 
278  195 
278  161 
278  179 
279  202 
279  209 
279  63 
279  125 
280  267 
280  98 
280  133 
280  238 
281  168 
281  36 
281  27 
281  134 
282  186 
282  24 
282  161 
282  70 
283  80 
283  282 
283  277 
283  236 
284  103 
284  191 
284  270 
284  74 
285  128 
285  271 
285  273 
285  169 
286  113 
286  131 
286  281 
286  51 
287  54 
287  175 
287  179 
287  145 
288  203 
288  77 
288  256 
288  270 
289  260 
289  271 
289  274 
289  141 
66  208 
66  202 
66  203 
66  205 
66  206 
66  207 
66  269 
290  267 
290  40 
290  127 
290  89 
291  73 
291  191 
291  97 
291  13 
292  109 
292  136 
292  285 
292  51 
293  136 
293  290 
293  132 
293  272 
294  160 
294  60 
294  236 
294  98 
295  268 
295  142 
295  9 
295  140 
296  16 
296  210 
296  70 
296  167 
297  291 
297  61 
297  222 
297  69 
298  297 
298  136 
298  98 
298  228 
299  229 
299  233 
299  284 
299  281 
300  178 
300  192 
300  146 
300  17 
301  258 
301  76 
301  110 
301  32 
302  178 
302  269 
302  24 
302  198 
303  273 
303  239 
303  137 
303  286 
304  54 
304  52 
304  4 
304  299 
305  290 
305  222 
305  182 
305  238 
306  290 
306  229 
306  216 
306  302 
307  55 
307  95 
307  44 
307  248 
308  79 
308  151 
308  232 
308  157 
309  137 
309  95 
309  297 
309  70 
67  208 
67  201 
67  203 
67  204 
67  205 
67  207 
67  269 
68  208 
68  201 
68  203 
68  204 
68  205 
69  204 
70  204 
70  206 
70  269 
310  146 
310  83 
310  118 
310  29 
311  192 
311  67 
311  266 
311  276 
312  37 
312  289 
312  176 
312  297 
313  25 
313  269 
313  297 
313  125 
314  86 
314  12 
314  228 
314  260 
315  128 
315  113 
315  287 
315  123 
316  207 
316  214 
316  175 
316  178 
317  228 
317  311 
317  143 
317  149 
318  61 
318  74 
318  149 
318  222 
319  228 
319  283 
319  134 
319  101 
320  64 
320  281 
320  315 
320  143 
321  291 
321  154 
321  106 
321  311 
322  149 
322  194 
322  251 
322  138 
323  72 
323  133 
323  18 
323  154 
324  111 
324  70 
324  1 
324  315 
325  209 
325  161 
325  312 
325  241 
326  311 
326  211 
326  123 
326  133 
327  181 
327  120 
327  159 
327  24 
328  147 
328  97 
328  82 
328  1 
329  66 
329  286 
329  181 
329  233 
 

