1  2 
1  3 
1  4 
1  5 
1  6 
1  7 
1  8 
1  9 
1  10 
2  3 
2  4 
2  5 
2  6 
2  7 
2  8 
2  9 
2  10 
3  4 
3  5 
3  6 
3  7 
3  8 
3  9 
3  10 
4  5 
4  6 
4  7 
4  8 
4  9 
4  10 
5  6 
5  7 
5  8 
5  9 
5  10 
6  7 
6  8 
6  9 
6  10 
7  8 
7  9 
7  10 
8  9 
8  10 
9  10 
11  3 
11  8 
11  10 
11  1 
12  5 
12  10 
12  4 
12  3 
13  10 
13  3 
13  5 
13  6 
14  5 
14  4 
14  8 
14  1 
15  10 
15  2 
15  6 
15  4 
16  5 
16  10 
16  6 
16  3 
17  5 
17  15 
17  3 
17  11 
18  8 
18  10 
18  11 
18  5 
19  9 
19  7 
19  5 
19  3 
20  10 
20  9 
20  16 
20  8 
21  7 
21  10 
21  15 
21  1 
22  11 
22  4 
22  5 
22  8 
23  7 
23  4 
23  21 
23  19 
24  4 
24  18 
24  7 
24  9 
25  5 
25  10 
25  7 
25  15 
26  10 
26  15 
26  9 
26  2 
27  8 
27  4 
27  3 
27  15 
28  13 
28  9 
28  2 
28  4 
29  14 
29  2 
29  15 
29  4 
30  5 
30  8 
30  3 
30  10 
31  7 
31  1 
31  15 
31  5 
32  2 
32  6 
32  9 
32  13 
33  16 
33  8 
33  27 
33  17 
34  11 
34  8 
34  17 
34  9 
35  20 
35  8 
35  7 
35  3 
36  4 
36  35 
36  2 
36  7 
37  32 
37  8 
37  26 
37  36 
38  29 
38  30 
38  32 
38  8 
39  8 
39  17 
39  1 
39  5 
40  21 
40  31 
40  39 
40  4 
41  5 
41  26 
41  18 
41  3 
42  4 
42  27 
42  1 
42  30 
43  16 
43  8 
43  11 
43  35 
44  5 
44  4 
44  39 
44  29 
45  8 
45  39 
45  3 
45  12 
46  31 
46  44 
46  8 
46  5 
47  21 
47  36 
47  4 
47  22 
48  6 
48  44 
48  10 
48  3 
49  15 
49  5 
49  8 
49  3 
50  4 
50  27 
50  46 
50  13 
51  9 
51  49 
51  39 
51  47 
52  4 
52  2 
52  1 
52  5 
53  9 
53  16 
53  7 
53  28 
54  6 
54  8 
54  47 
54  32 
55  8 
55  36 
55  23 
55  3 
56  53 
56  1 
56  27 
56  7 
57  24 
57  33 
57  2 
57  10 
58  5 
58  8 
58  27 
58  4 
59  17 
59  19 
59  16 
59  9 
60  6 
60  3 
60  26 
60  25 
61  8 
61  26 
61  22 
61  1 
62  29 
62  23 
62  5 
62  27 
63  17 
63  60 
63  10 
63  21 
64  3 
64  26 
64  5 
64  55 
65  16 
65  7 
65  12 
65  47 
66  3 
66  10 
66  35 
66  5 
67  21 
67  61 
67  43 
67  7 
68  41 
68  10 
68  17 
68  37 
69  4 
69  42 
69  31 
69  67 
70  33 
70  58 
70  9 
70  65 
71  1 
71  49 
71  20 
71  57 
72  5 
72  3 
72  69 
72  6 
73  1 
73  5 
73  20 
73  22 
74  12 
74  65 
74  62 
74  4 
75  2 
75  63 
75  71 
75  47 
76  60 
76  50 
76  18 
76  7 
77  46 
77  8 
77  39 
77  49 
78  6 
78  60 
78  62 
78  4 
79  41 
79  62 
79  5 
79  67 
80  39 
80  24 
80  5 
80  43 
81  1 
81  13 
81  7 
81  4 
82  7 
82  27 
82  20 
82  6 
83  8 
83  80 
83  20 
83  12 
84  5 
84  57 
84  45 
84  2 
85  9 
85  20 
85  63 
85  27 
86  35 
86  12 
86  57 
86  77 
87  58 
87  74 
87  3 
87  33 
88  24 
88  5 
88  57 
88  77 
89  1 
89  6 
89  18 
89  16 
90  3 
90  15 
90  2 
90  6 
91  60 
91  70 
91  10 
91  26 
92  9 
92  20 
92  13 
92  4 
93  19 
93  47 
93  81 
93  4 
94  15 
94  58 
94  67 
94  5 
95  57 
95  22 
95  69 
95  59 
96  4 
96  9 
96  84 
96  16 
97  3 
97  9 
97  88 
97  69 
98  6 
98  91 
98  2 
98  4 
99  5 
99  79 
99  8 
99  37 
100  94 
100  2 
100  8 
100  3 
101  21 
101  56 
101  1 
101  5 
102  14 
102  29 
102  57 
102  28 
103  4 
103  32 
103  5 
103  1 
104  1 
104  7 
104  96 
104  2 
105  26 
105  47 
105  43 
105  81 
106  56 
106  50 
106  2 
106  21 
107  43 
107  79 
107  15 
107  105 
108  7 
108  56 
108  89 
108  70 
109  9 
109  56 
109  35 
109  16 
110  17 
110  6 
110  41 
110  12 
111  6 
111  109 
111  24 
111  63 
112  3 
112  13 
112  2 
112  60 
113  29 
113  6 
113  1 
113  10 
114  70 
114  21 
114  64 
114  75 
115  9 
115  47 
115  27 
115  59 
116  57 
116  105 
116  10 
116  114 
117  61 
117  59 
117  15 
117  114 
118  20 
118  75 
118  54 
118  8 
119  7 
119  10 
119  60 
119  16 
120  50 
120  70 
120  41 
120  1 
121  28 
121  6 
121  77 
121  61 
122  1 
122  8 
122  80 
122  75 
123  35 
123  27 
123  5 
123  85 
124  41 
124  26 
124  107 
124  34 
125  3 
125  98 
125  39 
125  53 
126  2 
126  111 
126  11 
126  51 
127  45 
127  12 
127  53 
127  77 
128  99 
128  3 
128  29 
128  1 
129  71 
129  31 
129  8 
129  56 
130  121 
130  37 
130  17 
130  36 
131  17 
131  57 
131  37 
131  22 
132  123 
132  8 
132  113 
132  32 
133  34 
133  53 
133  39 
133  28 
134  31 
134  10 
134  89 
134  56 
135  127 
135  92 
135  36 
135  22 
136  4 
136  13 
136  10 
136  26 
137  4 
137  5 
137  1 
137  10 
138  60 
138  20 
138  7 
138  75 
139  111 
139  7 
139  6 
139  8 
140  51 
140  39 
140  3 
140  43 
141  126 
141  102 
141  100 
141  26 
142  18 
142  2 
142  113 
142  32 
143  4 
143  2 
143  10 
143  31 
144  8 
144  30 
144  44 
144  4 
145  6 
145  58 
145  10 
145  1 
146  2 
146  6 
146  8 
146  68 
147  18 
147  93 
147  5 
147  40 
148  64 
148  10 
148  1 
148  4 
149  1 
149  117 
149  89 
149  7 
150  145 
150  121 
150  1 
150  10 
151  33 
151  60 
151  3 
151  132 
152  98 
152  43 
152  5 
152  30 
153  16 
153  7 
153  9 
153  112 
154  7 
154  5 
154  79 
154  12 
155  21 
155  65 
155  92 
155  3 
156  141 
156  24 
156  8 
156  57 
157  31 
157  104 
157  36 
157  132 
158  15 
158  31 
158  4 
158  22 
159  3 
159  43 
159  17 
159  141 
160  57 
160  126 
160  35 
160  15 
161  35 
161  6 
161  60 
161  12 
162  82 
162  6 
162  118 
162  33 
163  143 
163  67 
163  118 
163  84 
164  41 
164  104 
164  70 
164  34 
165  20 
165  8 
165  15 
165  9 
166  19 
166  67 
166  7 
166  39 
167  121 
167  136 
167  131 
167  4 
168  161 
168  6 
168  25 
168  15 
169  15 
169  94 
169  109 
169  106 
170  127 
170  65 
170  97 
170  152 
171  8 
171  18 
171  140 
171  11 
172  149 
172  55 
172  21 
172  10 
173  47 
173  3 
173  71 
173  108 
174  67 
174  164 
174  6 
174  57 
175  31 
175  5 
175  2 
175  11 
176  101 
176  60 
176  116 
176  80 
177  57 
177  1 
177  160 
177  145 
178  15 
178  5 
178  92 
178  105 
179  97 
179  60 
179  2 
179  3 
180  4 
180  60 
180  1 
180  116 
181  2 
181  129 
181  112 
181  171 
182  5 
182  8 
182  147 
182  105 
183  35 
183  178 
183  117 
183  41 
184  10 
184  8 
184  5 
184  33 
185  32 
185  57 
185  84 
185  92 
186  8 
186  142 
186  174 
186  10 
187  17 
187  38 
187  149 
187  8 
188  10 
188  180 
188  47 
188  18 
189  94 
189  27 
189  58 
189  165 
190  171 
190  81 
190  141 
190  49 
191  70 
191  37 
191  181 
191  9 
192  152 
192  5 
192  116 
192  4 
193  37 
193  7 
193  97 
193  67 
194  55 
194  16 
194  10 
194  182 
195  5 
195  6 
195  177 
195  186 
196  177 
196  151 
196  57 
196  12 
197  64 
197  44 
197  74 
197  35 
198  53 
198  141 
198  65 
198  14 
199  136 
199  37 
199  94 
199  120 
200  50 
200  145 
200  5 
200  3 
1  201 
1  202 
2  203 
2  204 
2  202 
3  201 
3  204 
3  202 
4  205 
4  204 
4  202 
4  206 
5  205 
5  204 
5  202 
6  201 
6  207 
6  206 
7  201 
7  208 
7  203 
7  202 
8  205 
8  207 
8  208 
8  203 
8  206 
9  205 
9  203 
9  202 
9  206 
10  207 
10  208 
10  204 
10  202 
10  206 
11  205 
11  204 
12  208 
12  204 
12  206 
13  205 
13  201 
13  207 
13  204 
14  205 
14  201 
14  207 
14  202 
15  205 
15  202 
15  206 
16  201 
16  208 
16  204 
16  206 
17  205 
17  207 
17  203 
17  204 
17  202 
17  206 
18  201 
18  207 
18  208 
18  203 
18  206 
19  205 
19  201 
19  207 
19  208 
19  204 
19  202 
19  206 
20  207 
20  208 
20  203 
20  204 
20  206 
205  201 
201  207 
207  208 
208  203 
203  204 
204  202 
202  206 
205  208 
205  203 
205  204 
201  208 
201  203 
207  205 
207  204 
207  202 
208  204 
203  202 
204  201 
202  208 
206  207 
209  43 
209  13 
209  131 
209  176 
210  61 
210  147 
210  136 
210  150 
211  92 
211  141 
211  112 
211  95 
212  186 
212  137 
212  38 
212  53 
213  212 
213  34 
213  157 
213  67 
214  44 
214  118 
214  153 
214  105 
215  182 
215  105 
215  20 
215  11 
216  60 
216  74 
216  153 
216  171 
217  92 
217  41 
217  160 
217  53 
218  96 
218  195 
218  98 
218  20 
219  15 
219  130 
219  39 
219  37 
220  84 
220  4 
220  49 
220  150 
221  216 
221  159 
221  175 
221  78 
222  64 
222  106 
222  48 
222  216 
223  22 
223  76 
223  34 
223  165 
224  150 
224  108 
224  124 
224  171 
225  209 
225  202 
225  140 
225  78 
226  65 
226  16 
226  203 
226  34 
227  26 
227  138 
227  9 
227  130 
228  216 
228  220 
228  23 
228  224 
229  33 
229  228 
229  216 
229  85 
230  123 
230  154 
230  69 
230  85 
231  2 
231  102 
231  209 
231  22 
232  227 
232  62 
232  229 
232  230 
233  228 
233  114 
233  217 
233  163 
234  172 
234  123 
234  186 
234  64 
235  49 
235  159 
235  218 
235  187 
236  49 
236  213 
236  6 
236  29 
237  229 
237  25 
237  170 
237  177 
238  201 
238  204 
238  210 
238  192 
239  129 
239  137 
239  144 
239  215 
240  190 
240  57 
240  95 
240  104 
241  37 
241  210 
241  195 
241  130 
242  154 
242  137 
242  20 
242  190 
243  121 
243  228 
243  183 
243  31 
244  22 
244  194 
244  94 
244  242 
245  15 
245  41 
245  65 
245  118 
246  218 
246  221 
246  225 
246  231 
247  69 
247  165 
247  229 
247  65 
248  124 
248  70 
248  114 
248  130 
249  121 
249  177 
249  38 
249  231 
250  61 
250  216 
250  123 
250  223 
251  17 
251  200 
251  159 
251  49 
252  242 
252  217 
252  16 
252  249 
253  133 
253  227 
253  216 
253  135 
254  219 
254  239 
254  78 
254  165 
255  234 
255  248 
255  121 
255  216 
256  240 
256  105 
256  239 
256  48 
257  140 
257  49 
257  252 
257  48 
258  215 
258  250 
258  242 
258  237 
 

