1  2 
1  3 
1  4 
1  5 
1  6 
1  7 
1  8 
1  9 
1  10 
2  3 
2  4 
2  5 
2  6 
2  7 
2  8 
2  9 
2  10 
3  4 
3  5 
3  6 
3  7 
3  8 
3  9 
3  10 
4  5 
4  6 
4  7 
4  8 
4  9 
4  10 
5  6 
5  7 
5  8 
5  9 
5  10 
6  7 
6  8 
6  9 
6  10 
7  8 
7  9 
7  10 
8  9 
8  10 
9  10 
11  9 
11  4 
11  6 
11  7 
12  11 
12  2 
12  3 
12  6 
13  9 
13  7 
13  1 
13  5 
14  5 
14  4 
14  6 
14  8 
15  10 
15  6 
15  4 
15  8 
16  5 
16  7 
16  9 
16  13 
17  4 
17  1 
17  8 
17  5 
18  13 
18  8 
18  12 
18  17 
19  7 
19  10 
19  2 
19  12 
20  17 
20  6 
20  3 
20  7 
21  5 
21  4 
21  7 
21  3 
22  4 
22  1 
22  5 
22  18 
23  9 
23  8 
23  18 
23  2 
24  23 
24  14 
24  4 
24  11 
25  1 
25  5 
25  18 
25  3 
26  16 
26  3 
26  21 
26  13 
27  12 
27  4 
27  7 
27  15 
28  11 
28  2 
28  7 
28  5 
29  4 
29  8 
29  6 
29  26 
30  17 
30  3 
30  12 
30  7 
31  10 
31  4 
31  14 
31  6 
32  28 
32  31 
32  27 
32  26 
33  19 
33  5 
33  17 
33  3 
34  3 
34  4 
34  20 
34  1 
35  3 
35  6 
35  4 
35  2 
36  1 
36  4 
36  28 
36  5 
37  6 
37  23 
37  1 
37  28 
38  23 
38  3 
38  28 
38  29 
39  6 
39  12 
39  23 
39  7 
40  11 
40  23 
40  1 
40  35 
41  10 
41  35 
41  2 
41  26 
42  26 
42  4 
42  1 
42  5 
43  26 
43  7 
43  25 
43  17 
44  39 
44  11 
44  35 
44  5 
45  24 
45  23 
45  1 
45  44 
46  4 
46  41 
46  33 
46  34 
47  7 
47  25 
47  2 
47  29 
48  27 
48  16 
48  33 
48  44 
49  5 
49  37 
49  17 
49  43 
50  1 
50  4 
50  42 
50  21 
51  17 
51  22 
51  1 
51  5 
52  5 
52  9 
52  7 
52  30 
53  7 
53  32 
53  28 
53  22 
54  51 
54  50 
54  4 
54  49 
55  54 
55  8 
55  27 
55  6 
56  5 
56  1 
56  7 
56  29 
57  10 
57  28 
57  8 
57  26 
58  39 
58  47 
58  57 
58  55 
59  8 
59  7 
59  21 
59  2 
60  57 
60  10 
60  18 
60  38 
61  53 
61  23 
61  8 
61  12 
62  11 
62  7 
62  54 
62  15 
63  6 
63  10 
63  43 
63  1 
64  4 
64  1 
64  2 
64  17 
65  5 
65  44 
65  32 
65  30 
66  50 
66  23 
66  5 
66  17 
67  41 
67  26 
67  7 
67  4 
68  54 
68  18 
68  6 
68  64 
69  16 
69  19 
69  43 
69  2 
70  34 
70  17 
70  55 
70  1 
71  64 
71  40 
71  38 
71  13 
72  42 
72  7 
72  4 
72  38 
73  3 
73  17 
73  7 
73  5 
74  28 
74  26 
74  8 
74  14 
75  11 
75  20 
75  16 
75  9 
76  66 
76  26 
76  11 
76  9 
77  37 
77  50 
77  54 
77  2 
78  14 
78  7 
78  4 
78  34 
79  34 
79  1 
79  4 
79  31 
80  16 
80  49 
80  26 
80  1 
81  59 
81  50 
81  28 
81  39 
82  18 
82  29 
82  27 
82  17 
83  3 
83  5 
83  64 
83  35 
84  15 
84  51 
84  29 
84  32 
85  7 
85  3 
85  19 
85  17 
86  7 
86  54 
86  67 
86  43 
87  80 
87  7 
87  1 
87  8 
88  1 
88  57 
88  4 
88  37 
89  26 
89  22 
89  6 
89  9 
90  14 
90  26 
90  4 
90  18 
91  4 
91  53 
91  57 
91  88 
92  54 
92  73 
92  17 
92  14 
93  9 
93  49 
93  27 
93  4 
94  41 
94  11 
94  9 
94  4 
95  37 
95  2 
95  23 
95  7 
96  66 
96  75 
96  34 
96  5 
97  12 
97  35 
97  22 
97  46 
98  7 
98  16 
98  56 
98  3 
99  38 
99  6 
99  64 
99  3 
100  71 
100  4 
100  33 
100  67 
101  38 
101  40 
101  20 
101  15 
102  6 
102  33 
102  40 
102  54 
103  24 
103  7 
103  43 
103  22 
104  69 
104  1 
104  23 
104  47 
105  26 
105  27 
105  17 
105  10 
106  27 
106  89 
106  30 
106  34 
107  9 
107  7 
107  84 
107  39 
108  57 
108  5 
108  12 
108  23 
109  77 
109  103 
109  44 
109  51 
110  64 
110  18 
110  13 
110  5 
111  67 
111  51 
111  19 
111  32 
112  42 
112  9 
112  14 
112  7 
113  7 
113  60 
113  5 
113  28 
114  108 
114  1 
114  92 
114  76 
115  11 
115  26 
115  82 
115  1 
116  1 
116  99 
116  16 
116  84 
117  11 
117  9 
117  50 
117  18 
118  70 
118  15 
118  18 
118  12 
119  39 
119  101 
119  7 
119  61 
120  66 
120  87 
120  2 
120  5 
121  6 
121  30 
121  113 
121  43 
122  6 
122  10 
122  52 
122  99 
123  87 
123  6 
123  40 
123  111 
124  83 
124  7 
124  12 
124  40 
125  2 
125  4 
125  59 
125  47 
126  7 
126  2 
126  23 
126  5 
127  30 
127  7 
127  19 
127  22 
128  40 
128  2 
128  58 
128  4 
129  52 
129  42 
129  123 
129  53 
130  115 
130  7 
130  38 
130  22 
131  8 
131  23 
131  43 
131  84 
132  104 
132  5 
132  9 
132  15 
133  66 
133  49 
133  3 
133  74 
134  26 
134  27 
134  25 
134  100 
135  28 
135  2 
135  13 
135  17 
136  71 
136  64 
136  33 
136  84 
137  1 
137  12 
137  80 
137  9 
138  82 
138  2 
138  7 
138  22 
139  3 
139  15 
139  87 
139  54 
140  10 
140  66 
140  26 
140  111 
141  9 
141  108 
141  33 
141  7 
142  14 
142  7 
142  110 
142  75 
143  47 
143  40 
143  5 
143  13 
144  19 
144  28 
144  86 
144  7 
145  7 
145  20 
145  107 
145  19 
146  14 
146  1 
146  64 
146  39 
147  15 
147  45 
147  26 
147  4 
148  51 
148  100 
148  57 
148  64 
149  113 
149  38 
149  2 
149  110 
150  66 
150  2 
150  9 
150  3 
151  6 
151  4 
151  1 
151  62 
152  44 
152  79 
152  55 
152  40 
153  135 
153  47 
153  4 
153  74 
154  6 
154  49 
154  64 
154  33 
155  2 
155  57 
155  87 
155  36 
156  1 
156  71 
156  8 
156  69 
157  14 
157  2 
157  129 
157  1 
158  10 
158  27 
158  4 
158  72 
159  7 
159  155 
159  39 
159  2 
160  69 
160  1 
160  100 
160  119 
161  57 
161  64 
161  72 
161  3 
162  10 
162  98 
162  74 
162  148 
163  2 
163  51 
163  138 
163  117 
164  101 
164  16 
164  41 
164  156 
165  13 
165  52 
165  90 
165  72 
166  125 
166  147 
166  106 
166  17 
167  122 
167  123 
167  17 
167  132 
168  46 
168  71 
168  143 
168  22 
169  89 
169  19 
169  5 
169  134 
170  90 
170  101 
170  106 
170  140 
171  2 
171  6 
171  4 
171  76 
172  124 
172  40 
172  133 
172  13 
173  106 
173  112 
173  40 
173  5 
174  116 
174  40 
174  115 
174  82 
175  4 
175  12 
175  131 
175  45 
176  80 
176  7 
176  44 
176  101 
177  108 
177  110 
177  114 
177  9 
178  10 
178  55 
178  124 
178  8 
179  98 
179  145 
179  99 
179  22 
180  116 
180  7 
180  67 
180  138 
181  7 
181  61 
181  104 
181  4 
182  37 
182  6 
182  173 
182  9 
183  134 
183  9 
183  16 
183  10 
184  72 
184  133 
184  148 
184  12 
185  9 
185  111 
185  72 
185  43 
186  35 
186  124 
186  63 
186  6 
187  148 
187  2 
187  34 
187  26 
188  105 
188  5 
188  19 
188  150 
189  106 
189  9 
189  6 
189  60 
190  77 
190  5 
190  95 
190  135 
191  39 
191  41 
191  50 
191  144 
192  29 
192  41 
192  154 
192  149 
193  133 
193  8 
193  29 
193  32 
194  16 
194  31 
194  130 
194  114 
195  72 
195  14 
195  18 
195  90 
196  66 
196  133 
196  9 
196  7 
197  151 
197  9 
197  19 
197  14 
198  2 
198  13 
198  54 
198  110 
199  25 
199  9 
199  147 
199  51 
200  181 
200  11 
200  105 
200  151 
1  201 
1  202 
1  203 
1  204 
1  205 
1  206 
2  203 
2  207 
3  201 
3  205 
3  206 
3  208 
4  201 
4  204 
4  206 
5  201 
5  207 
5  208 
6  202 
6  203 
6  204 
6  207 
6  206 
7  201 
7  202 
7  206 
7  208 
8  201 
8  206 
9  201 
9  204 
9  205 
9  207 
9  208 
10  202 
10  207 
10  208 
11  201 
11  202 
11  207 
11  208 
12  201 
12  204 
12  205 
12  207 
12  206 
12  208 
13  202 
13  204 
13  206 
14  201 
14  204 
14  207 
14  208 
15  201 
15  203 
15  207 
15  206 
16  201 
16  202 
16  203 
16  205 
16  206 
16  208 
17  202 
17  203 
17  208 
18  202 
18  203 
18  204 
18  208 
19  202 
19  204 
19  205 
19  208 
20  201 
20  202 
20  203 
20  205 
20  208 
21  202 
21  206 
22  206 
23  202 
23  203 
23  205 
23  206 
24  202 
24  203 
24  205 
24  208 
25  204 
25  206 
25  208 
26  201 
26  204 
26  207 
26  206 
27  202 
27  203 
27  205 
27  206 
27  208 
28  202 
28  208 
29  202 
29  207 
30  202 
30  203 
30  204 
30  205 
30  206 
30  208 
31  203 
31  204 
32  202 
32  203 
32  204 
32  205 
32  208 
33  201 
33  202 
33  204 
34  201 
34  202 
34  203 
34  204 
34  207 
34  208 
35  201 
35  202 
35  204 
35  205 
35  207 
35  206 
36  201 
36  202 
36  203 
36  204 
36  205 
36  207 
36  208 
37  201 
37  203 
37  205 
37  206 
38  202 
38  203 
38  205 
38  207 
38  206 
38  208 
39  201 
39  203 
39  204 
39  207 
40  204 
40  205 
40  207 
40  206 
40  208 
41  201 
41  202 
41  203 
41  207 
41  206 
42  202 
42  204 
43  201 
43  203 
43  207 
43  206 
43  208 
44  202 
44  205 
45  201 
45  204 
45  208 
46  201 
46  206 
46  208 
47  201 
47  205 
47  206 
48  201 
48  202 
48  203 
48  204 
48  205 
48  208 
49  201 
49  202 
49  204 
49  205 
50  201 
50  202 
50  203 
50  204 
50  207 
50  206 
50  208 
201  202 
202  203 
203  204 
204  205 
205  207 
207  206 
206  208 
201  205 
201  207 
202  206 
203  201 
203  207 
203  206 
204  202 
204  207 
204  206 
205  206 
207  202 
206  201 
208  202 
209  28 
209  18 
209  6 
209  181 
210  19 
210  188 
210  25 
210  7 
211  87 
211  61 
211  20 
211  177 
212  7 
212  9 
212  94 
212  79 
213  18 
213  184 
213  177 
213  182 
214  192 
214  128 
214  154 
214  174 
215  8 
215  167 
215  123 
215  51 
216  34 
216  5 
216  59 
216  157 
217  152 
217  97 
217  157 
217  18 
218  59 
218  2 
218  175 
218  88 
219  117 
219  94 
219  21 
219  16 
220  146 
220  11 
220  63 
220  97 
221  215 
221  137 
221  77 
221  33 
222  207 
222  79 
222  84 
222  150 
223  61 
223  221 
223  94 
223  59 
224  41 
224  143 
224  220 
224  223 
225  222 
225  43 
225  147 
225  211 
226  146 
226  180 
226  223 
226  125 
227  102 
227  142 
227  213 
227  149 
228  85 
228  121 
228  93 
228  161 
229  135 
229  18 
229  154 
229  113 
230  166 
230  85 
230  54 
230  154 
231  221 
231  230 
231  212 
231  177 
232  114 
232  176 
232  217 
232  202 
233  121 
233  166 
233  85 
233  45 
234  228 
234  9 
234  126 
234  212 
235  91 
235  1 
235  98 
235  69 
236  186 
236  211 
236  212 
236  214 
237  166 
237  103 
237  86 
237  126 
238  37 
238  235 
238  59 
238  114 
239  148 
239  231 
239  230 
239  214 
240  157 
240  9 
240  218 
240  231 
241  96 
241  141 
241  151 
241  105 
242  101 
242  205 
242  34 
242  154 
243  103 
243  85 
243  227 
243  235 
244  54 
244  123 
244  166 
244  64 
245  162 
245  26 
245  40 
245  217 
246  237 
246  223 
246  97 
246  143 
247  202 
247  117 
247  233 
247  238 
248  197 
248  146 
248  175 
248  167 
249  142 
249  232 
249  206 
249  31 
250  29 
250  116 
250  147 
250  65 
251  56 
251  125 
251  213 
251  191 
252  61 
252  210 
252  18 
252  135 
253  190 
253  192 
253  139 
253  240 
254  169 
254  200 
254  240 
254  192 
255  166 
255  230 
255  180 
255  26 
256  237 
256  238 
256  192 
256  123 
257  158 
257  103 
257  136 
257  43 
258  123 
258  167 
258  69 
258  18 
259  215 
259  18 
259  172 
259  134 
260  48 
260  233 
260  115 
260  77 
261  232 
261  156 
261  192 
261  30 
262  240 
262  26 
262  261 
262  190 
263  82 
263  36 
263  89 
263  13 
264  64 
264  167 
264  138 
264  263 
265  152 
265  89 
265  175 
265  94 
266  116 
266  196 
266  58 
266  133 
267  61 
267  68 
267  156 
267  67 
268  97 
268  101 
268  104 
268  262 
269  95 
269  252 
269  228 
269  223 
270  265 
270  14 
270  94 
270  190 
271  114 
271  268 
271  53 
271  92 
272  58 
272  85 
272  19 
272  53 
273  257 
273  144 
273  130 
273  67 
274  268 
274  177 
274  272 
274  213 
275  6 
275  234 
275  136 
275  78 
276  266 
276  36 
276  108 
276  178 
277  116 
277  182 
277  213 
277  68 
278  275 
278  71 
278  2 
278  35 
279  261 
279  78 
279  121 
279  270 
280  240 
280  101 
280  262 
280  169 
281  24 
281  276 
281  41 
281  9 
282  81 
282  266 
282  270 
282  108 
283  8 
283  174 
283  121 
283  277 
284  104 
284  58 
284  94 
284  270 
285  282 
285  211 
285  2 
285  111 
286  94 
286  263 
286  112 
286  265 
287  30 
287  16 
287  64 
287  182 
288  216 
288  148 
288  276 
288  31 
289  10 
289  285 
289  283 
289  205 
290  265 
290  64 
290  73 
290  135 
291  9 
291  88 
291  116 
291  148 
292  190 
292  11 
292  260 
292  116 
293  9 
293  266 
293  148 
293  68 
294  59 
294  96 
294  41 
294  5 
295  217 
295  64 
295  3 
295  291 
296  285 
296  272 
296  85 
296  53 
297  94 
297  288 
297  291 
297  265 
298  138 
298  268 
298  185 
298  67 
299  121 
299  191 
299  9 
299  251 
300  13 
300  278 
300  274 
300  68 
301  2 
301  183 
301  270 
301  286 
302  9 
302  275 
302  8 
302  175 
303  274 
303  56 
303  259 
303  54 
304  30 
304  58 
304  275 
304  198 
305  191 
305  11 
305  140 
305  188 
306  281 
306  116 
306  283 
306  95 
307  34 
307  262 
307  289 
307  102 
308  104 
308  54 
308  304 
308  289 
309  129 
309  31 
309  169 
309  222 
310  13 
310  285 
310  251 
310  240 
311  102 
311  54 
311  125 
311  309 
312  228 
312  41 
312  104 
312  213 
313  49 
313  61 
313  97 
313  118 
314  52 
314  69 
314  88 
314  208 
315  88 
315  54 
315  312 
315  87 
316  11 
316  53 
316  204 
316  104 
317  89 
317  19 
317  305 
317  313 
318  97 
318  49 
318  314 
318  2 
319  248 
319  197 
319  110 
319  291 
320  66 
320  69 
320  135 
320  317 
321  85 
321  232 
321  259 
321  295 
322  108 
322  118 
322  49 
322  273 
323  174 
323  243 
323  262 
323  233 
324  99 
324  254 
324  210 
324  307 
325  11 
325  42 
325  243 
325  128 
326  89 
326  243 
326  314 
326  308 
327  316 
327  1 
327  317 
327  323 
328  256 
328  81 
328  152 
328  312 
329  128 
329  116 
329  320 
329  209 
330  194 
330  128 
330  17 
330  319 
331  259 
331  199 
331  319 
331  109 
332  326 
332  150 
332  291 
332  245 
333  76 
333  35 
333  205 
333  319 
334  210 
334  11 
334  201 
334  170 
335  16 
335  192 
335  205 
335  125 
336  334 
336  177 
336  317 
336  80 
337  325 
337  61 
337  326 
337  312 
338  241 
338  108 
338  273 
338  16 
339  157 
339  317 
339  16 
339  101 
340  241 
340  192 
340  321 
340  205 
341  203 
341  240 
341  328 
341  122 
342  289 
342  49 
342  325 
342  15 
343  243 
343  174 
343  14 
343  49 
344  106 
344  323 
344  279 
344  210 
345  9 
345  317 
345  329 
345  27 
346  264 
346  118 
346  342 
346  166 
347  177 
347  176 
347  168 
347  309 
348  322 
348  60 
348  26 
348  334 
349  65 
349  339 
349  212 
349  312 
350  348 
350  9 
350  128 
350  323 
351  172 
351  53 
351  320 
351  347 
352  325 
352  52 
352  241 
352  166 
353  310 
353  340 
353  318 
353  9 
354  232 
354  19 
354  28 
354  128 
355  179 
355  134 
355  266 
355  267 
356  101 
356  128 
356  336 
356  137 
357  319 
357  140 
357  325 
357  316 
358  6 
358  324 
358  255 
358  320 
359  318 
359  298 
359  82 
359  294 
360  23 
360  72 
360  350 
360  321 
361  34 
361  186 
361  181 
361  139 
362  106 
362  298 
362  38 
362  118 
363  141 
363  304 
363  124 
363  203 
364  335 
364  220 
364  181 
364  152 
365  101 
365  361 
365  37 
365  337 
366  139 
366  286 
366  298 
366  141 
367  152 
367  360 
367  109 
367  285 
368  322 
368  365 
368  270 
368  151 
369  22 
369  361 
369  366 
369  206 
370  169 
370  320 
370  115 
370  361 
371  298 
371  350 
371  150 
371  314 
372  48 
372  276 
372  91 
372  304 
373  286 
373  256 
373  264 
373  77 
374  142 
374  45 
374  171 
374  117 
375  273 
375  265 
375  362 
375  241 
376  72 
376  228 
376  218 
376  255 
377  114 
377  373 
377  243 
377  173 
378  189 
378  370 
378  272 
378  300 
379  90 
379  351 
379  320 
379  292 
380  136 
380  367 
380  86 
380  42 
381  263 
381  348 
381  279 
381  90 
382  292 
382  73 
382  305 
382  205 
383  335 
383  17 
383  371 
383  265 
384  354 
384  295 
384  335 
384  311 
385  210 
385  263 
385  384 
385  317 
386  43 
386  379 
386  167 
386  285 
387  120 
387  29 
387  243 
387  381 
388  385 
388  118 
388  20 
388  384 
389  344 
389  301 
389  308 
389  371 
390  373 
390  113 
390  45 
390  335 
391  74 
391  352 
391  292 
391  237 
392  120 
392  163 
392  389 
392  359 
393  21 
393  251 
393  120 
393  375 
394  362 
394  227 
394  77 
394  263 
395  350 
395  189 
395  23 
395  379 
396  372 
396  379 
396  105 
396  37 
397  117 
397  205 
397  111 
397  256 
398  241 
398  218 
398  134 
398  365 
399  236 
399  305 
399  204 
399  373 
400  320 
400  305 
400  249 
400  271 
401  29 
401  188 
401  46 
401  340 
402  342 
402  398 
402  21 
402  189 
403  120 
403  106 
403  331 
403  145 
404  396 
404  384 
404  352 
404  394 
405  104 
405  124 
405  398 
405  120 
406  73 
406  389 
406  379 
406  285 
407  17 
407  382 
407  173 
407  98 
408  352 
408  54 
408  111 
408  358 
 

