1  2 
1  3 
1  4 
1  5 
1  6 
1  7 
1  8 
1  9 
1  10 
2  3 
2  4 
2  5 
2  6 
2  7 
2  8 
2  9 
2  10 
3  4 
3  5 
3  6 
3  7 
3  8 
3  9 
3  10 
4  5 
4  6 
4  7 
4  8 
4  9 
4  10 
5  6 
5  7 
5  8 
5  9 
5  10 
6  7 
6  8 
6  9 
6  10 
7  8 
7  9 
7  10 
8  9 
8  10 
9  10 
11  7 
11  6 
11  1 
11  8 
12  8 
12  3 
12  1 
12  6 
13  8 
13  3 
13  6 
13  7 
14  1 
14  8 
14  6 
14  4 
15  5 
15  4 
15  7 
15  14 
16  6 
16  5 
16  1 
16  7 
17  9 
17  5 
17  6 
17  3 
18  7 
18  1 
18  14 
18  5 
19  6 
19  9 
19  12 
19  14 
20  5 
20  7 
20  6 
20  17 
21  16 
21  3 
21  8 
21  9 
22  3 
22  10 
22  7 
22  21 
23  6 
23  8 
23  5 
23  13 
24  3 
24  6 
24  12 
24  19 
25  21 
25  12 
25  24 
25  3 
26  15 
26  10 
26  1 
26  8 
27  10 
27  21 
27  2 
27  6 
28  11 
28  8 
28  3 
28  20 
29  4 
29  9 
29  21 
29  7 
30  22 
30  21 
30  8 
30  6 
31  21 
31  10 
31  9 
31  3 
32  9 
32  12 
32  29 
32  8 
33  31 
33  4 
33  7 
33  11 
34  6 
34  9 
34  4 
34  26 
35  2 
35  12 
35  9 
35  23 
36  16 
36  3 
36  17 
36  1 
37  27 
37  8 
37  9 
37  17 
38  14 
38  23 
38  12 
38  3 
39  33 
39  27 
39  28 
39  21 
40  2 
40  15 
40  8 
40  3 
41  6 
41  7 
41  18 
41  36 
42  35 
42  14 
42  6 
42  4 
43  7 
43  10 
43  39 
43  5 
44  39 
44  3 
44  6 
44  41 
45  18 
45  33 
45  6 
45  15 
46  7 
46  45 
46  44 
46  8 
47  21 
47  14 
47  1 
47  22 
48  6 
48  10 
48  9 
48  21 
49  16 
49  13 
49  4 
49  8 
50  37 
50  8 
50  31 
50  6 
51  33 
51  21 
51  44 
51  48 
52  4 
52  32 
52  36 
52  29 
53  10 
53  48 
53  9 
53  24 
54  44 
54  3 
54  37 
54  21 
55  54 
55  52 
55  9 
55  31 
56  27 
56  21 
56  12 
56  49 
57  37 
57  21 
57  33 
57  35 
58  17 
58  3 
58  7 
58  36 
59  29 
59  16 
59  21 
59  54 
60  21 
60  13 
60  14 
60  16 
61  6 
61  35 
61  3 
61  38 
62  37 
62  6 
62  9 
62  11 
63  6 
63  10 
63  59 
63  45 
64  47 
64  27 
64  33 
64  52 
65  10 
65  7 
65  47 
65  1 
66  9 
66  8 
66  21 
66  4 
67  3 
67  18 
67  11 
67  9 
68  26 
68  6 
68  56 
68  3 
69  26 
69  57 
69  27 
69  3 
70  55 
70  69 
70  64 
70  26 
71  22 
71  2 
71  13 
71  7 
72  36 
72  62 
72  7 
72  67 
73  6 
73  42 
73  4 
73  39 
74  68 
74  11 
74  50 
74  2 
75  69 
75  6 
75  18 
75  27 
76  15 
76  26 
76  25 
76  19 
77  32 
77  43 
77  3 
77  51 
78  77 
78  8 
78  60 
78  9 
79  27 
79  41 
79  10 
79  1 
80  70 
80  17 
80  3 
80  7 
81  44 
81  10 
81  35 
81  68 
82  6 
82  55 
82  33 
82  75 
83  35 
83  1 
83  18 
83  5 
84  62 
84  54 
84  3 
84  49 
85  3 
85  10 
85  38 
85  14 
86  21 
86  14 
86  82 
86  79 
87  21 
87  7 
87  4 
87  16 
88  35 
88  37 
88  4 
88  2 
89  22 
89  13 
89  47 
89  64 
90  21 
90  73 
90  7 
90  3 
91  5 
91  12 
91  44 
91  88 
92  27 
92  2 
92  20 
92  6 
93  69 
93  76 
93  37 
93  7 
94  77 
94  8 
94  47 
94  6 
95  23 
95  45 
95  3 
95  4 
96  60 
96  21 
96  1 
96  62 
97  22 
97  26 
97  90 
97  76 
98  16 
98  35 
98  21 
98  97 
99  63 
99  9 
99  60 
99  3 
100  22 
100  99 
100  21 
100  16 
101  33 
101  4 
101  7 
101  22 
102  51 
102  47 
102  76 
102  10 
103  11 
103  2 
103  76 
103  6 
104  52 
104  4 
104  51 
104  8 
105  59 
105  96 
105  81 
105  49 
106  15 
106  1 
106  7 
106  58 
107  81 
107  25 
107  51 
107  34 
108  5 
108  15 
108  11 
108  3 
109  4 
109  39 
109  73 
109  18 
110  37 
110  9 
110  21 
110  90 
111  2 
111  56 
111  3 
111  110 
112  17 
112  2 
112  4 
112  79 
113  84 
113  23 
113  8 
113  83 
114  29 
114  36 
114  81 
114  2 
115  17 
115  27 
115  34 
115  44 
116  1 
116  9 
116  24 
116  88 
117  3 
117  6 
117  8 
117  30 
118  94 
118  23 
118  9 
118  112 
119  1 
119  14 
119  7 
119  9 
120  21 
120  18 
120  10 
120  9 
121  56 
121  5 
121  54 
121  13 
122  70 
122  54 
122  111 
122  21 
123  2 
123  122 
123  6 
123  7 
124  7 
124  103 
124  21 
124  25 
125  114 
125  33 
125  93 
125  82 
126  30 
126  77 
126  4 
126  123 
127  105 
127  1 
127  8 
127  48 
128  23 
128  3 
128  58 
128  33 
129  6 
129  112 
129  4 
129  109 
130  26 
130  90 
130  83 
130  68 
131  69 
131  25 
131  37 
131  94 
132  10 
132  54 
132  44 
132  25 
133  80 
133  23 
133  90 
133  110 
134  7 
134  59 
134  69 
134  10 
135  34 
135  44 
135  23 
135  49 
136  7 
136  5 
136  100 
136  6 
137  40 
137  54 
137  15 
137  94 
138  31 
138  82 
138  8 
138  103 
139  109 
139  4 
139  3 
139  9 
140  12 
140  64 
140  17 
140  18 
141  1 
141  12 
141  5 
141  6 
142  7 
142  10 
142  37 
142  56 
143  9 
143  46 
143  11 
143  106 
144  32 
144  49 
144  23 
144  109 
145  112 
145  138 
145  125 
145  19 
146  122 
146  120 
146  1 
146  31 
147  6 
147  26 
147  13 
147  73 
148  82 
148  83 
148  146 
148  141 
149  79 
149  94 
149  68 
149  22 
150  31 
150  3 
150  50 
150  130 
151  111 
151  9 
151  37 
151  2 
152  44 
152  115 
152  126 
152  15 
153  69 
153  12 
153  116 
153  14 
154  59 
154  47 
154  6 
154  84 
155  52 
155  12 
155  3 
155  40 
156  130 
156  1 
156  37 
156  150 
157  148 
157  130 
157  16 
157  131 
158  155 
158  25 
158  10 
158  18 
159  125 
159  132 
159  7 
159  10 
160  3 
160  55 
160  149 
160  6 
161  120 
161  82 
161  49 
161  121 
162  13 
162  9 
162  36 
162  44 
163  81 
163  150 
163  124 
163  6 
164  49 
164  8 
164  137 
164  104 
165  16 
165  94 
165  29 
165  7 
166  59 
166  35 
166  128 
166  39 
167  138 
167  12 
167  1 
167  47 
168  107 
168  3 
168  34 
168  27 
169  116 
169  8 
169  4 
169  119 
170  127 
170  130 
170  10 
170  35 
171  3 
171  55 
171  66 
171  40 
172  14 
172  112 
172  40 
172  1 
173  54 
173  170 
173  63 
173  150 
174  161 
174  106 
174  14 
174  8 
175  85 
175  82 
175  49 
175  87 
176  117 
176  8 
176  112 
176  119 
177  165 
177  64 
177  81 
177  82 
178  33 
178  54 
178  35 
178  25 
179  39 
179  10 
179  1 
179  57 
180  21 
180  14 
180  148 
180  18 
181  8 
181  1 
181  149 
181  11 
182  18 
182  9 
182  5 
182  65 
183  110 
183  143 
183  46 
183  27 
184  7 
184  37 
184  44 
184  2 
185  55 
185  8 
185  35 
185  21 
186  6 
186  3 
186  62 
186  1 
187  30 
187  21 
187  6 
187  77 
188  16 
188  9 
188  60 
188  59 
189  68 
189  14 
189  20 
189  97 
190  9 
190  138 
190  135 
190  3 
191  119 
191  28 
191  53 
191  132 
192  14 
192  3 
192  148 
192  16 
193  7 
193  50 
193  12 
193  100 
194  31 
194  187 
194  68 
194  3 
195  22 
195  98 
195  12 
195  7 
196  20 
196  112 
196  39 
196  6 
197  23 
197  1 
197  47 
197  125 
198  81 
198  6 
198  129 
198  7 
199  71 
199  41 
199  4 
199  198 
200  45 
200  125 
200  61 
200  31 
1  201 
1  202 
2  203 
2  204 
2  205 
2  206 
3  201 
3  207 
3  204 
3  205 
3  208 
4  201 
4  207 
4  208 
5  201 
5  204 
5  205 
5  206 
5  202 
5  208 
6  201 
6  203 
6  205 
7  207 
7  205 
7  206 
8  201 
8  203 
8  207 
8  205 
8  206 
8  202 
9  207 
9  204 
9  205 
9  206 
9  208 
10  203 
10  207 
10  205 
10  206 
10  202 
10  208 
11  207 
11  206 
11  202 
12  201 
12  203 
12  207 
12  204 
12  206 
12  202 
12  208 
13  201 
13  203 
13  207 
13  204 
14  207 
14  204 
14  205 
14  206 
14  202 
15  203 
15  207 
15  206 
15  202 
15  208 
16  201 
16  203 
16  204 
17  201 
17  205 
17  206 
17  202 
18  201 
18  203 
18  207 
18  204 
18  205 
19  201 
19  203 
19  206 
19  202 
20  207 
20  205 
20  206 
20  208 
201  203 
203  207 
207  204 
204  205 
205  206 
206  202 
202  208 
201  204 
201  206 
201  202 
203  204 
203  206 
207  205 
207  206 
207  202 
204  206 
205  201 
205  203 
205  202 
208  207 
208  204 
209  55 
209  192 
209  173 
209  208 
210  159 
210  18 
210  133 
210  64 
211  42 
211  202 
211  34 
211  125 
212  122 
212  16 
212  25 
212  171 
213  33 
213  204 
213  61 
213  21 
214  195 
214  84 
214  130 
214  149 
215  111 
215  98 
215  164 
215  26 
216  69 
216  141 
216  154 
216  3 
217  212 
217  33 
217  81 
217  3 
218  46 
218  186 
218  12 
218  157 
219  48 
219  56 
219  213 
219  218 
220  124 
220  215 
220  155 
220  8 
221  3 
221  120 
221  7 
221  215 
222  26 
222  93 
222  37 
222  41 
223  25 
223  159 
223  52 
223  222 
224  219 
224  169 
224  213 
224  59 
225  71 
225  170 
225  213 
225  134 
226  59 
226  206 
226  218 
226  60 
227  187 
227  17 
227  95 
227  8 
228  154 
228  81 
228  218 
228  75 
229  30 
229  12 
229  77 
229  80 
230  162 
230  170 
230  61 
230  223 
231  209 
231  81 
231  149 
231  222 
232  226 
232  149 
232  169 
232  164 
233  114 
233  158 
233  34 
233  100 
234  50 
234  217 
234  186 
234  107 
235  62 
235  12 
235  217 
235  153 
236  38 
236  200 
236  189 
236  121 
237  6 
237  211 
237  83 
237  108 
238  93 
238  69 
238  21 
238  81 
239  188 
239  106 
239  146 
239  199 
240  17 
240  158 
240  166 
240  190 
241  4 
241  57 
241  154 
241  22 
242  130 
242  220 
242  150 
242  125 
243  228 
243  204 
243  191 
243  80 
244  118 
244  221 
244  101 
244  20 
245  159 
245  45 
245  132 
245  206 
246  160 
246  76 
246  154 
246  61 
247  246 
247  212 
247  60 
247  195 
248  221 
248  153 
248  230 
248  53 
249  42 
249  55 
249  49 
249  217 
250  93 
250  75 
250  33 
250  247 
251  222 
251  125 
251  235 
251  209 
252  125 
252  240 
252  236 
252  65 
253  199 
253  103 
253  98 
253  213 
254  211 
254  218 
254  21 
254  252 
255  81 
255  71 
255  147 
255  251 
256  142 
256  206 
256  78 
256  69 
257  246 
257  77 
257  21 
257  211 
258  74 
258  3 
258  228 
258  20 
259  233 
259  148 
259  117 
259  167 
260  33 
260  85 
260  100 
260  259 
261  97 
261  114 
261  35 
261  206 
262  34 
262  43 
262  162 
262  149 
263  180 
263  231 
263  108 
263  168 
264  252 
264  169 
264  114 
264  88 
265  203 
265  118 
265  183 
265  195 
266  43 
266  265 
266  78 
266  201 
267  265 
267  224 
267  184 
267  263 
268  49 
268  229 
268  197 
268  108 
269  41 
269  4 
269  129 
269  138 
270  97 
270  35 
270  88 
270  39 
271  264 
271  151 
271  114 
271  80 
272  109 
272  12 
272  34 
272  35 
273  198 
273  84 
273  135 
273  39 
274  203 
274  180 
274  40 
274  27 
275  263 
275  78 
275  84 
275  266 
276  56 
276  80 
276  106 
276  270 
277  110 
277  104 
277  172 
277  93 
278  12 
278  245 
278  273 
278  270 
279  97 
279  267 
279  181 
279  28 
280  127 
280  231 
280  173 
280  34 
281  73 
281  203 
281  259 
281  72 
282  68 
282  170 
282  97 
282  6 
283  135 
283  157 
283  124 
283  202 
284  278 
284  279 
284  266 
284  36 
285  44 
285  235 
285  272 
285  134 
286  118 
286  91 
286  269 
286  40 
287  108 
287  126 
287  214 
287  120 
288  142 
288  195 
288  266 
288  162 
289  198 
289  260 
289  89 
289  134 
290  269 
290  4 
290  270 
290  271 
291  260 
291  162 
291  221 
291  4 
292  191 
292  267 
292  126 
292  269 
293  237 
293  269 
293  136 
293  98 
294  250 
294  122 
294  199 
294  238 
295  173 
295  266 
295  64 
295  150 
296  254 
296  225 
296  272 
296  66 
297  150 
297  51 
297  134 
297  39 
298  252 
298  250 
298  243 
298  73 
299  173 
299  295 
299  263 
299  73 
300  295 
300  173 
300  211 
300  207 
301  134 
301  49 
301  292 
301  214 
302  278 
302  224 
302  148 
302  274 
303  167 
303  114 
303  106 
303  273 
304  261 
304  194 
304  203 
304  108 
305  253 
305  296 
305  149 
305  173 
306  81 
306  274 
306  120 
306  292 
307  159 
307  51 
307  59 
307  267 
308  35 
308  286 
308  192 
308  232 
309  155 
309  174 
309  130 
309  145 
310  254 
310  76 
310  190 
310  264 
311  113 
311  292 
311  199 
311  263 
312  251 
312  215 
312  165 
312  180 
313  156 
313  127 
313  285 
313  165 
314  83 
314  246 
314  38 
314  96 
315  83 
315  151 
315  272 
315  32 
316  186 
316  177 
316  37 
316  238 
317  32 
317  125 
317  45 
317  201 
318  282 
318  163 
318  273 
318  304 
319  12 
319  263 
319  315 
319  104 
320  319 
320  220 
320  213 
320  225 
321  188 
321  320 
321  126 
321  199 
322  54 
322  309 
322  318 
322  277 
323  148 
323  95 
323  171 
323  149 
324  294 
324  25 
324  138 
324  99 
325  318 
325  227 
325  109 
325  152 
326  153 
326  177 
326  19 
326  181 
327  243 
327  19 
327  286 
327  244 
328  313 
328  240 
328  309 
328  140 
329  104 
329  149 
329  107 
329  19 
330  273 
330  69 
330  40 
330  26 
331  60 
331  162 
331  311 
331  54 
332  175 
332  190 
332  316 
332  5 
333  137 
333  13 
333  16 
333  117 
334  263 
334  236 
334  140 
334  122 
335  327 
335  149 
335  324 
335  272 
336  99 
336  314 
336  126 
336  26 
337  29 
337  140 
337  148 
337  331 
338  107 
338  82 
338  129 
338  312 
339  230 
339  81 
339  316 
339  328 
340  219 
340  320 
340  34 
340  150 
341  333 
341  24 
341  204 
341  19 
342  150 
342  114 
342  292 
342  327 
343  199 
343  329 
343  312 
343  56 
344  273 
344  200 
344  322 
344  230 
345  319 
345  96 
345  315 
345  201 
346  82 
346  32 
346  39 
346  165 
347  188 
347  320 
347  220 
347  289 
348  322 
348  323 
348  86 
348  1 
349  153 
349  109 
349  326 
349  276 
350  238 
350  333 
350  3 
350  26 
351  334 
351  190 
351  324 
351  96 
352  256 
352  321 
352  59 
352  236 
353  69 
353  227 
353  340 
353  329 
354  96 
354  313 
354  183 
354  60 
355  327 
355  242 
355  297 
355  97 
356  66 
356  327 
356  126 
356  348 
357  316 
357  13 
357  149 
357  119 
358  209 
358  298 
358  199 
358  356 
359  52 
359  348 
359  6 
359  130 
360  121 
360  236 
360  172 
360  122 
361  222 
361  139 
361  227 
361  159 
362  251 
362  347 
362  160 
362  252 
363  27 
363  208 
363  169 
363  257 
364  363 
364  235 
364  102 
364  335 
365  115 
365  149 
365  212 
365  49 
366  360 
366  284 
366  268 
366  312 
367  292 
367  176 
367  330 
367  237 
368  176 
368  363 
368  131 
368  233 
369  176 
369  308 
369  1 
369  10 
370  89 
370  279 
370  318 
370  215 
371  271 
371  100 
371  362 
371  357 
372  221 
372  92 
372  140 
372  365 
373  153 
373  354 
373  257 
373  336 
374  54 
374  298 
374  79 
374  68 
375  319 
375  227 
375  33 
375  361 
376  347 
376  12 
376  230 
376  165 
377  158 
377  199 
377  6 
377  369 
378  18 
378  209 
378  261 
378  235 
379  312 
379  374 
379  29 
379  284 
380  318 
380  183 
380  21 
380  170 
381  33 
381  217 
381  324 
381  21 
382  154 
382  334 
382  231 
382  235 
383  33 
383  240 
383  100 
383  50 
384  40 
384  143 
384  228 
384  102 
385  376 
385  281 
385  179 
385  28 
386  298 
386  347 
386  371 
386  271 
387  383 
387  187 
387  9 
387  193 
388  366 
388  40 
388  286 
388  226 
389  140 
389  339 
389  53 
389  54 
390  266 
390  363 
390  89 
390  364 
391  35 
391  131 
391  294 
391  325 
392  100 
392  161 
392  371 
392  249 
393  133 
393  54 
393  243 
393  366 
394  77 
394  55 
394  316 
394  100 
395  135 
395  99 
395  379 
395  133 
396  252 
396  266 
396  189 
396  374 
397  336 
397  52 
397  21 
397  385 
398  21 
398  131 
398  53 
398  17 
399  183 
399  347 
399  15 
399  84 
400  357 
400  383 
400  16 
400  292 
401  150 
401  396 
401  309 
401  223 
402  124 
402  10 
402  366 
402  241 
403  335 
403  343 
403  382 
403  400 
404  28 
404  105 
404  362 
404  284 
405  381 
405  159 
405  88 
405  257 
406  39 
406  12 
406  75 
406  375 
407  341 
407  2 
407  241 
407  126 
408  89 
408  100 
408  60 
408  16 
 

