1  2 
1  3 
1  4 
1  5 
1  6 
1  7 
1  8 
1  9 
1  10 
2  3 
2  4 
2  5 
2  6 
2  7 
2  8 
2  9 
2  10 
3  4 
3  5 
3  6 
3  7 
3  8 
3  9 
3  10 
4  5 
4  6 
4  7 
4  8 
4  9 
4  10 
5  6 
5  7 
5  8 
5  9 
5  10 
6  7 
6  8 
6  9 
6  10 
7  8 
7  9 
7  10 
8  9 
8  10 
9  10 
11  10 
11  4 
11  2 
11  1 
12  6 
12  2 
12  5 
12  8 
13  3 
13  9 
13  10 
13  4 
14  1 
14  5 
14  4 
14  9 
15  10 
15  6 
15  1 
15  4 
16  10 
16  1 
16  14 
16  5 
17  10 
17  6 
17  1 
17  2 
18  15 
18  5 
18  7 
18  3 
19  4 
19  9 
19  6 
19  2 
20  12 
20  3 
20  4 
20  5 
21  6 
21  9 
21  11 
21  5 
22  7 
22  20 
22  2 
22  9 
23  14 
23  6 
23  13 
23  20 
24  5 
24  14 
24  2 
24  9 
25  7 
25  1 
25  9 
25  18 
26  22 
26  16 
26  3 
26  11 
27  2 
27  13 
27  7 
27  6 
28  7 
28  10 
28  2 
28  6 
29  22 
29  9 
29  2 
29  4 
30  1 
30  8 
30  26 
30  10 
31  10 
31  22 
31  11 
31  28 
32  15 
32  10 
32  14 
32  8 
33  15 
33  1 
33  31 
33  2 
34  29 
34  15 
34  14 
34  5 
35  2 
35  3 
35  10 
35  20 
36  9 
36  2 
36  15 
36  6 
37  5 
37  14 
37  7 
37  11 
38  5 
38  6 
38  34 
38  23 
39  5 
39  23 
39  15 
39  7 
40  34 
40  1 
40  3 
40  22 
41  27 
41  8 
41  15 
41  1 
42  16 
42  26 
42  9 
42  13 
43  9 
43  32 
43  1 
43  17 
44  2 
44  6 
44  3 
44  28 
45  10 
45  1 
45  33 
45  3 
46  30 
46  28 
46  4 
46  34 
47  35 
47  9 
47  11 
47  19 
48  20 
48  9 
48  11 
48  17 
49  8 
49  5 
49  21 
49  20 
50  24 
50  3 
50  8 
50  10 
51  3 
51  9 
51  29 
51  41 
52  17 
52  35 
52  8 
52  10 
53  6 
53  48 
53  27 
53  7 
54  1 
54  43 
54  51 
54  41 
55  16 
55  22 
55  45 
55  19 
56  43 
56  42 
56  14 
56  5 
57  2 
57  7 
57  10 
57  35 
58  6 
58  5 
58  11 
58  3 
59  32 
59  2 
59  53 
59  30 
60  14 
60  8 
60  2 
60  10 
61  17 
61  36 
61  1 
61  14 
62  7 
62  43 
62  34 
62  6 
63  5 
63  6 
63  35 
63  53 
64  2 
64  32 
64  46 
64  6 
65  5 
65  14 
65  4 
65  20 
66  10 
66  43 
66  6 
66  22 
67  21 
67  33 
67  38 
67  1 
68  3 
68  17 
68  32 
68  67 
69  1 
69  35 
69  38 
69  57 
70  2 
70  14 
70  38 
70  29 
71  9 
71  19 
71  5 
71  10 
72  58 
72  2 
72  7 
72  25 
73  12 
73  9 
73  47 
73  6 
74  1 
74  33 
74  27 
74  21 
75  70 
75  6 
75  9 
75  25 
76  32 
76  9 
76  3 
76  16 
77  5 
77  2 
77  68 
77  42 
78  51 
78  3 
78  23 
78  11 
79  63 
79  3 
79  59 
79  7 
80  29 
80  28 
80  13 
80  5 
81  35 
81  6 
81  23 
81  26 
82  7 
82  48 
82  17 
82  53 
83  2 
83  4 
83  73 
83  7 
84  3 
84  36 
84  13 
84  9 
85  40 
85  9 
85  38 
85  4 
86  1 
86  5 
86  11 
86  2 
87  8 
87  5 
87  9 
87  26 
88  6 
88  10 
88  27 
88  8 
89  16 
89  43 
89  35 
89  36 
90  8 
90  9 
90  64 
90  22 
91  87 
91  13 
91  6 
91  64 
92  23 
92  6 
92  9 
92  29 
93  9 
93  1 
93  3 
93  51 
94  74 
94  41 
94  53 
94  62 
95  32 
95  87 
95  6 
95  2 
96  10 
96  2 
96  82 
96  95 
97  53 
97  17 
97  82 
97  46 
98  19 
98  5 
98  1 
98  17 
99  64 
99  20 
99  83 
99  92 
100  2 
100  24 
100  28 
100  5 
101  30 
101  92 
101  6 
101  5 
102  52 
102  7 
102  9 
102  73 
103  41 
103  35 
103  6 
103  70 
104  15 
104  2 
104  101 
104  9 
105  72 
105  5 
105  85 
105  2 
106  20 
106  28 
106  12 
106  5 
107  9 
107  1 
107  5 
107  21 
108  38 
108  22 
108  49 
108  70 
109  14 
109  19 
109  17 
109  13 
110  73 
110  8 
110  49 
110  35 
111  108 
111  82 
111  5 
111  8 
112  11 
112  8 
112  86 
112  53 
113  93 
113  95 
113  106 
113  30 
114  53 
114  35 
114  56 
114  41 
115  7 
115  112 
115  95 
115  44 
116  15 
116  43 
116  4 
116  14 
117  38 
117  49 
117  82 
117  1 
118  68 
118  10 
118  3 
118  109 
119  32 
119  114 
119  64 
119  26 
120  4 
120  100 
120  26 
120  53 
121  32 
121  96 
121  7 
121  12 
122  65 
122  14 
122  12 
122  73 
123  8 
123  61 
123  32 
123  67 
124  49 
124  11 
124  7 
124  3 
125  3 
125  32 
125  29 
125  16 
126  20 
126  19 
126  105 
126  117 
127  15 
127  4 
127  30 
127  98 
128  21 
128  25 
128  7 
128  70 
129  53 
129  90 
129  43 
129  9 
130  109 
130  121 
130  14 
130  7 
131  71 
131  6 
131  53 
131  44 
132  10 
132  35 
132  4 
132  99 
133  2 
133  64 
133  5 
133  10 
134  8 
134  14 
134  70 
134  4 
135  49 
135  14 
135  16 
135  102 
136  104 
136  83 
136  27 
136  8 
137  84 
137  85 
137  30 
137  23 
138  102 
138  135 
138  4 
138  1 
139  11 
139  95 
139  105 
139  3 
140  62 
140  28 
140  43 
140  84 
141  28 
141  70 
141  5 
141  8 
142  88 
142  9 
142  6 
142  26 
143  9 
143  30 
143  5 
143  16 
144  97 
144  41 
144  18 
144  43 
145  17 
145  9 
145  26 
145  36 
146  53 
146  26 
146  133 
146  49 
147  9 
147  17 
147  1 
147  38 
148  127 
148  140 
148  63 
148  14 
149  67 
149  9 
149  51 
149  7 
150  108 
150  9 
150  65 
150  1 
151  38 
151  86 
151  2 
151  24 
152  116 
152  67 
152  59 
152  10 
153  117 
153  72 
153  5 
153  74 
154  20 
154  73 
154  6 
154  27 
155  114 
155  49 
155  143 
155  1 
156  13 
156  15 
156  108 
156  94 
157  5 
157  150 
157  60 
157  3 
158  1 
158  10 
158  6 
158  70 
159  143 
159  14 
159  25 
159  72 
160  86 
160  14 
160  7 
160  27 
161  1 
161  51 
161  19 
161  125 
162  17 
162  41 
162  30 
162  157 
163  18 
163  5 
163  6 
163  16 
164  48 
164  28 
164  12 
164  7 
165  150 
165  146 
165  129 
165  85 
166  6 
166  92 
166  51 
166  12 
167  97 
167  13 
167  65 
167  36 
168  19 
168  21 
168  74 
168  166 
169  3 
169  126 
169  10 
169  130 
170  19 
170  67 
170  25 
170  14 
171  105 
171  88 
171  112 
171  104 
172  60 
172  2 
172  49 
172  77 
173  38 
173  13 
173  49 
173  27 
174  7 
174  6 
174  1 
174  111 
175  21 
175  103 
175  174 
175  121 
176  2 
176  77 
176  147 
176  6 
177  7 
177  164 
177  130 
177  53 
178  6 
178  168 
178  36 
178  93 
179  1 
179  7 
179  102 
179  168 
180  14 
180  152 
180  109 
180  5 
181  7 
181  2 
181  108 
181  25 
182  11 
182  36 
182  21 
182  6 
183  9 
183  74 
183  3 
183  117 
184  62 
184  124 
184  32 
184  117 
185  172 
185  105 
185  14 
185  20 
186  6 
186  23 
186  149 
186  7 
187  14 
187  145 
187  152 
187  35 
188  170 
188  3 
188  9 
188  1 
189  127 
189  185 
189  187 
189  102 
190  34 
190  146 
190  54 
190  136 
191  109 
191  57 
191  160 
191  67 
192  115 
192  37 
192  157 
192  3 
193  12 
193  22 
193  2 
193  36 
194  5 
194  11 
194  53 
194  43 
195  13 
195  11 
195  16 
195  8 
196  5 
196  108 
196  49 
196  2 
197  25 
197  10 
197  38 
197  55 
198  125 
198  2 
198  65 
198  17 
199  16 
199  2 
199  12 
199  10 
200  16 
200  2 
200  15 
200  3 
1  201 
1  202 
1  203 
2  204 
2  201 
2  202 
2  205 
2  206 
3  204 
3  207 
3  205 
3  208 
3  206 
4  204 
4  207 
4  202 
4  203 
5  207 
5  201 
5  202 
5  205 
5  208 
5  203 
6  204 
6  201 
6  205 
6  203 
7  207 
7  202 
7  208 
8  202 
8  205 
8  208 
8  203 
8  206 
9  202 
9  203 
10  201 
10  202 
10  203 
10  206 
11  207 
11  208 
11  203 
11  206 
12  204 
12  207 
12  203 
12  206 
13  204 
13  207 
13  201 
13  202 
13  205 
13  208 
14  203 
15  204 
15  207 
15  201 
15  205 
15  206 
16  204 
16  207 
16  201 
16  208 
16  203 
17  207 
17  202 
17  205 
17  203 
18  204 
18  207 
18  205 
18  208 
18  203 
19  201 
19  202 
19  206 
20  202 
20  205 
20  206 
21  204 
21  202 
21  205 
21  208 
21  206 
22  204 
22  205 
22  203 
22  206 
23  207 
23  201 
23  203 
24  204 
24  207 
24  201 
24  202 
24  205 
24  208 
24  203 
25  204 
25  202 
25  208 
25  203 
26  207 
26  205 
26  208 
27  204 
27  201 
27  202 
27  205 
27  208 
27  206 
28  207 
28  202 
28  208 
28  203 
29  204 
29  207 
29  201 
29  202 
29  208 
29  206 
30  204 
30  201 
30  202 
30  208 
31  207 
31  202 
31  208 
31  203 
31  206 
32  208 
32  203 
33  207 
33  205 
33  203 
33  206 
34  204 
34  202 
34  208 
34  206 
35  204 
35  202 
35  205 
35  203 
36  201 
36  205 
36  208 
36  203 
37  207 
37  202 
37  205 
37  208 
37  206 
38  204 
38  207 
38  201 
38  202 
39  207 
39  201 
39  202 
39  205 
40  207 
40  201 
40  202 
41  207 
41  201 
41  205 
41  208 
41  206 
42  207 
42  202 
42  205 
43  207 
43  201 
43  205 
43  203 
44  207 
44  201 
44  208 
44  203 
44  206 
45  207 
45  201 
46  204 
46  207 
46  202 
46  208 
46  203 
46  206 
47  204 
47  207 
47  201 
47  202 
47  203 
47  206 
48  207 
48  201 
48  202 
48  203 
48  206 
49  204 
49  207 
49  201 
49  205 
49  203 
50  207 
50  201 
50  202 
50  205 
50  203 
50  206 
204  207 
207  201 
201  202 
202  205 
205  208 
208  203 
203  206 
204  205 
204  208 
204  203 
207  202 
207  205 
207  208 
207  203 
201  208 
201  203 
202  204 
208  202 
206  204 
206  202 
206  208 
51  202 
51  206 
52  204 
52  205 
52  206 
53  207 
53  205 
53  203 
54  207 
54  206 
55  207 
55  205 
55  208 
55  203 
55  206 
209  146 
209  153 
209  39 
209  102 
210  149 
210  18 
210  20 
210  185 
211  148 
211  16 
211  143 
211  147 
212  123 
212  108 
212  211 
212  79 
213  71 
213  6 
213  160 
213  100 
214  212 
214  18 
214  13 
214  84 
215  77 
215  198 
215  84 
215  137 
216  71 
216  16 
216  210 
216  128 
217  124 
217  179 
217  189 
217  194 
218  23 
218  56 
218  133 
218  59 
219  160 
219  212 
219  189 
219  214 
220  210 
220  3 
220  111 
220  82 
221  40 
221  20 
221  26 
221  47 
222  138 
222  28 
222  131 
222  116 
223  220 
223  138 
223  102 
223  109 
224  158 
224  155 
224  22 
224  16 
225  222 
225  72 
225  138 
225  181 
226  111 
226  211 
226  51 
226  65 
227  137 
227  132 
227  47 
227  224 
228  38 
228  214 
228  158 
228  113 
56  204 
56  201 
56  208 
56  206 
57  201 
57  205 
57  203 
58  204 
58  202 
58  203 
58  206 
229  27 
229  221 
229  202 
229  66 
230  3 
230  21 
230  1 
230  70 
231  13 
231  226 
231  97 
231  122 
232  231 
232  43 
232  191 
232  30 
233  88 
233  110 
233  194 
233  101 
234  142 
234  86 
234  163 
234  191 
235  10 
235  127 
235  194 
235  98 
236  106 
236  48 
236  77 
236  181 
237  57 
237  231 
237  177 
237  105 
238  105 
238  223 
238  128 
238  57 
239  33 
239  163 
239  66 
239  231 
240  220 
240  239 
240  96 
240  102 
241  97 
241  204 
241  63 
241  236 
242  101 
242  202 
242  88 
242  220 
243  231 
243  37 
243  178 
243  102 
244  218 
244  227 
244  236 
244  134 
245  172 
245  23 
245  97 
245  3 
246  115 
246  52 
246  95 
246  4 
247  162 
247  127 
247  185 
247  241 
248  119 
248  212 
248  77 
248  232 
59  207 
59  205 
59  208 
59  203 
60  207 
60  202 
60  203 
61  201 
61  202 
61  205 
61  206 
62  207 
62  202 
62  205 
62  208 
62  203 
249  157 
249  110 
249  94 
249  123 
250  162 
250  91 
250  124 
250  226 
251  57 
251  210 
251  15 
251  145 
252  192 
252  240 
252  197 
252  190 
253  235 
253  160 
253  216 
253  90 
254  136 
254  192 
254  214 
254  250 
255  170 
255  73 
255  252 
255  162 
256  83 
256  137 
256  155 
256  97 
257  79 
257  163 
257  15 
257  95 
258  96 
258  249 
258  169 
258  232 
259  246 
259  111 
259  66 
259  164 
260  3 
260  34 
260  24 
260  241 
261  40 
261  82 
261  164 
261  152 
262  160 
262  161 
262  176 
262  106 
263  261 
263  48 
263  138 
263  163 
264  15 
264  143 
264  100 
264  254 
265  30 
265  40 
265  137 
265  128 
266  133 
266  164 
266  107 
266  196 
267  66 
267  161 
267  189 
267  185 
268  130 
268  208 
268  92 
268  15 
63  207 
63  201 
63  205 
63  208 
64  207 
64  201 
64  208 
64  206 
65  202 
65  208 
66  207 
66  205 
66  206 
67  204 
67  203 
1  269 
5  269 
11  269 
12  269 
16  269 
17  269 
18  269 
20  269 
22  269 
24  269 
26  269 
30  269 
31  269 
36  269 
41  269 
42  269 
47  269 
52  269 
53  269 
55  269 
57  269 
58  269 
61  269 
62  269 
67  269 
204  201 
207  206 
201  205 
201  206 
203  202 
269  204 
269  201 
269  202 
269  205 
269  208 
269  206 
270  40 
270  237 
270  93 
270  206 
271  93 
271  7 
271  62 
271  257 
272  129 
272  152 
272  120 
272  175 
273  72 
273  20 
273  126 
273  70 
274  20 
274  26 
274  185 
274  21 
275  104 
275  134 
275  273 
275  238 
276  9 
276  165 
276  70 
276  82 
277  13 
277  164 
277  10 
277  213 
278  151 
278  258 
278  137 
278  7 
279  83 
279  154 
279  45 
279  159 
280  258 
280  153 
280  46 
280  61 
281  195 
281  280 
281  162 
281  245 
282  154 
282  83 
282  214 
282  23 
283  62 
283  104 
283  282 
283  63 
284  121 
284  48 
284  56 
284  23 
285  150 
285  80 
285  192 
285  190 
286  276 
286  40 
286  215 
286  225 
287  269 
287  104 
287  169 
287  185 
288  189 
288  276 
288  20 
288  279 
289  183 
289  65 
289  6 
289  164 
68  207 
68  201 
68  202 
68  208 
68  269 
69  204 
69  207 
69  202 
69  205 
69  206 
69  269 
70  204 
70  201 
70  205 
70  208 
70  269 
71  202 
71  208 
71  203 
72  207 
72  208 
290  257 
290  195 
290  78 
290  279 
291  110 
291  188 
291  208 
291  169 
292  191 
292  270 
292  60 
292  97 
293  73 
293  134 
293  98 
293  102 
294  164 
294  29 
294  106 
294  147 
295  236 
295  199 
295  38 
295  176 
296  123 
296  120 
296  42 
296  186 
297  84 
297  138 
297  102 
297  50 
298  72 
298  141 
298  268 
298  124 
299  112 
299  18 
299  109 
299  219 
300  291 
300  220 
300  225 
300  70 
301  102 
301  85 
301  211 
301  290 
302  98 
302  248 
302  232 
302  225 
303  209 
303  44 
303  291 
303  62 
304  79 
304  153 
304  8 
304  298 
305  98 
305  122 
305  159 
305  95 
306  252 
306  92 
306  156 
306  169 
307  269 
307  19 
307  200 
307  293 
308  117 
308  265 
308  252 
308  307 
309  248 
309  217 
309  39 
309  304 
73  204 
73  202 
74  204 
74  207 
74  202 
74  269 
75  204 
75  207 
75  201 
75  202 
75  205 
75  206 
75  269 
76  204 
76  207 
76  201 
76  202 
76  205 
76  208 
76  269 
77  207 
77  201 
77  208 
310  247 
310  286 
310  137 
310  10 
311  143 
311  95 
311  262 
311  107 
312  116 
312  75 
312  198 
312  124 
313  149 
313  147 
313  153 
313  63 
314  63 
314  16 
314  83 
314  189 
315  24 
315  75 
315  76 
315  86 
316  78 
316  46 
316  187 
316  17 
317  78 
317  166 
317  168 
317  147 
318  37 
318  156 
318  108 
318  157 
319  267 
319  310 
319  102 
319  98 
320  108 
320  316 
320  58 
320  267 
321  298 
321  181 
321  254 
321  22 
322  97 
322  222 
322  231 
322  272 
323  131 
323  153 
323  310 
323  279 
324  23 
324  34 
324  38 
324  131 
325  150 
325  196 
325  22 
325  238 
326  81 
326  37 
326  58 
326  22 
327  319 
327  63 
327  18 
327  152 
328  131 
328  286 
328  227 
328  185 
329  313 
329  304 
329  129 
329  277 
78  207 
78  201 
78  202 
78  205 
78  208 
78  203 
78  206 
79  269 
80  208 
80  203 
80  269 
81  208 
81  206 
81  269 
330  29 
330  82 
330  264 
330  323 
331  278 
331  103 
331  297 
331  159 
332  28 
332  162 
332  107 
332  99 
333  302 
333  22 
333  79 
333  328 
334  296 
334  140 
334  41 
334  144 
335  249 
335  257 
335  250 
335  221 
336  144 
336  290 
336  323 
336  53 
337  241 
337  50 
337  41 
337  29 
338  304 
338  290 
338  327 
338  297 
339  41 
339  20 
339  159 
339  102 
340  83 
340  221 
340  286 
340  48 
341  260 
341  241 
341  199 
341  267 
342  167 
342  49 
342  109 
342  15 
343  308 
343  296 
343  29 
343  336 
344  22 
344  34 
344  314 
344  155 
345  55 
345  135 
345  84 
345  338 
346  250 
346  337 
346  124 
346  334 
347  211 
347  55 
347  54 
347  145 
348  337 
348  302 
348  234 
348  138 
349  189 
349  252 
349  328 
349  70 
82  201 
82  205 
82  203 
82  206 
83  207 
83  201 
83  202 
83  203 
84  201 
84  205 
84  208 
84  269 
85  204 
85  202 
85  205 
85  203 
85  269 
86  204 
86  201 
86  202 
86  205 
86  203 
86  206 
350  173 
350  42 
350  209 
350  228 
351  170 
351  160 
351  292 
351  88 
352  79 
352  345 
352  158 
352  315 
353  42 
353  110 
353  67 
353  225 
354  114 
354  145 
354  335 
354  131 
355  308 
355  353 
355  228 
355  339 
356  80 
356  194 
356  354 
356  63 
357  124 
357  57 
357  128 
357  226 
358  67 
358  264 
358  134 
358  159 
359  296 
359  336 
359  99 
359  86 
360  356 
360  39 
360  173 
360  214 
361  192 
361  115 
361  226 
361  51 
362  283 
362  260 
362  54 
362  199 
363  329 
363  268 
363  88 
363  358 
364  359 
364  271 
364  340 
364  78 
365  204 
365  234 
365  252 
365  228 
366  339 
366  22 
366  163 
366  131 
367  129 
367  317 
367  342 
367  134 
368  133 
368  350 
368  88 
368  20 
369  106 
369  146 
369  352 
369  42 
87  204 
87  207 
87  201 
87  202 
87  208 
87  203 
87  206 
88  207 
88  205 
88  203 
370  323 
370  348 
370  156 
370  100 
371  230 
371  31 
371  250 
371  88 
372  26 
372  24 
372  11 
372  305 
373  114 
373  108 
373  365 
373  246 
374  326 
374  251 
374  322 
374  1 
375  111 
375  40 
375  117 
375  295 
376  81 
376  79 
376  324 
376  231 
377  333 
377  373 
377  16 
377  164 
378  68 
378  131 
378  58 
378  338 
379  378 
379  346 
379  144 
379  117 
380  309 
380  108 
380  130 
380  199 
381  370 
381  29 
381  380 
381  25 
382  235 
382  293 
382  306 
382  69 
383  379 
383  226 
383  349 
383  67 
384  26 
384  251 
384  370 
384  82 
385  87 
385  376 
385  350 
385  276 
386  230 
386  310 
386  378 
386  182 
387  372 
387  334 
387  275 
387  227 
388  117 
388  387 
388  271 
388  87 
389  123 
389  108 
389  225 
389  144 
89  207 
89  201 
89  205 
89  208 
89  203 
89  206 
89  269 
90  204 
90  206 
390  156 
390  35 
390  257 
390  150 
391  294 
391  115 
391  158 
391  388 
392  284 
392  287 
392  92 
392  358 
393  138 
393  56 
393  32 
393  299 
394  20 
394  339 
394  271 
394  323 
395  215 
395  40 
395  103 
395  129 
396  213 
396  244 
396  90 
396  85 
397  179 
397  353 
397  57 
397  215 
398  160 
398  169 
398  396 
398  358 
399  99 
399  291 
399  394 
399  28 
400  398 
400  183 
400  87 
400  284 
401  130 
401  19 
401  191 
401  216 
402  380 
402  127 
402  300 
402  144 
403  109 
403  7 
403  345 
403  369 
404  56 
404  99 
404  382 
404  47 
405  231 
405  402 
405  60 
405  79 
406  400 
406  288 
406  95 
406  59 
407  25 
407  388 
407  402 
407  366 
408  99 
408  397 
408  251 
408  161 
409  287 
409  216 
409  255 
409  281 
91  204 
91  208 
91  269 
92  204 
92  202 
92  208 
92  269 
93  201 
93  208 
93  206 
93  269 
94  202 
94  205 
94  203 
410  120 
410  106 
410  32 
410  94 
411  337 
411  87 
411  178 
411  383 
412  238 
412  225 
412  163 
412  212 
413  171 
413  106 
413  336 
413  297 
414  226 
414  91 
414  110 
414  336 
415  68 
415  135 
415  354 
415  262 
416  50 
416  255 
416  151 
416  42 
417  193 
417  30 
417  145 
417  364 
418  412 
418  187 
418  361 
418  391 
419  409 
419  224 
419  166 
419  223 
420  163 
420  204 
420  7 
420  139 
421  316 
421  357 
421  246 
421  70 
422  325 
422  373 
422  24 
422  18 
423  2 
423  187 
423  47 
423  267 
424  423 
424  94 
424  422 
424  420 
425  413 
425  418 
425  272 
425  315 
426  325 
426  336 
426  283 
426  13 
427  163 
427  73 
427  412 
427  416 
428  164 
428  411 
428  8 
428  402 
429  187 
429  316 
429  153 
429  151 
95  201 
95  206 
96  207 
96  205 
430  159 
430  105 
430  371 
430  31 
431  405 
431  15 
431  157 
431  276 
432  290 
432  144 
432  227 
432  181 
433  340 
433  156 
433  28 
433  45 
434  352 
434  50 
434  227 
434  304 
435  70 
435  361 
435  37 
435  217 
436  297 
436  392 
436  14 
436  431 
437  123 
437  282 
437  76 
437  273 
438  286 
438  380 
438  409 
438  281 
439  260 
439  428 
439  286 
439  304 
440  350 
440  236 
440  162 
440  199 
441  177 
441  435 
441  316 
441  221 
442  229 
442  282 
442  409 
442  351 
443  367 
443  21 
443  441 
443  140 
444  315 
444  432 
444  355 
444  139 
445  130 
445  33 
445  136 
445  359 
446  238 
446  49 
446  250 
446  164 
447  281 
447  125 
447  172 
447  260 
448  49 
448  273 
448  89 
448  373 
449  336 
449  53 
449  286 
449  299 
97  204 
97  207 
97  201 
97  202 
97  208 
98  201 
98  202 
98  205 
98  203 
98  206 
98  269 
450  104 
450  360 
450  144 
450  247 
451  290 
451  299 
451  136 
451  273 
452  92 
452  279 
452  166 
452  283 
453  64 
453  187 
453  329 
453  174 
454  238 
454  56 
454  451 
454  97 
455  329 
455  85 
455  53 
455  296 
456  412 
456  150 
456  396 
456  56 
457  119 
457  186 
457  421 
457  372 
458  413 
458  288 
458  135 
458  260 
459  390 
459  326 
459  59 
459  218 
460  175 
460  305 
460  201 
460  5 
461  352 
461  77 
461  220 
461  166 
462  31 
462  4 
462  229 
462  443 
463  118 
463  74 
463  66 
463  461 
464  439 
464  56 
464  304 
464  357 
465  144 
465  412 
465  324 
465  314 
466  390 
466  118 
466  451 
466  402 
467  408 
467  232 
467  459 
467  413 
468  148 
468  361 
468  454 
468  63 
469  281 
469  413 
469  463 
469  104 
99  204 
99  207 
99  203 
99  206 
470  146 
470  55 
470  159 
470  115 
471  224 
471  8 
471  240 
471  290 
472  157 
472  169 
472  450 
472  114 
473  235 
473  214 
473  145 
473  354 
474  31 
474  468 
474  379 
474  173 
475  315 
475  124 
475  123 
475  125 
476  291 
476  236 
476  137 
476  269 
477  422 
477  219 
477  26 
477  304 
478  465 
478  255 
478  323 
478  75 
479  392 
479  475 
479  317 
479  294 
480  54 
480  477 
480  289 
480  472 
481  477 
481  118 
481  23 
481  440 
482  479 
482  240 
482  480 
482  333 
483  199 
483  472 
483  452 
483  482 
484  52 
484  269 
484  232 
484  89 
485  478 
485  74 
485  471 
485  386 
486  479 
486  178 
486  175 
486  150 
487  387 
487  32 
487  102 
487  300 
488  256 
488  34 
488  453 
488  379 
489  307 
489  354 
489  263 
489  132 
100  207 
100  201 
100  202 
100  208 
100  203 
100  269 
490  70 
490  366 
490  354 
490  476 
491  194 
491  207 
491  265 
491  447 
492  169 
492  25 
492  69 
492  460 
493  271 
493  274 
493  413 
493  50 
494  209 
494  464 
494  128 
494  245 
495  277 
495  440 
495  130 
495  449 
496  341 
496  452 
496  212 
496  363 
497  450 
497  370 
497  249 
497  89 
498  54 
498  494 
498  115 
498  188 
499  484 
499  495 
499  432 
499  142 
500  278 
500  481 
500  252 
500  159 
501  269 
501  359 
501  471 
501  430 
502  498 
502  297 
502  400 
502  238 
503  155 
503  220 
503  191 
503  449 
504  491 
504  327 
504  490 
504  229 
505  107 
505  445 
505  221 
505  174 
506  229 
506  226 
506  290 
506  169 
507  364 
507  495 
507  175 
507  422 
508  334 
508  493 
508  13 
508  467 
509  433 
509  492 
509  379 
509  306 
101  207 
101  201 
101  208 
101  206 
101  269 
102  204 
102  202 
102  208 
102  203 
102  206 
102  269 
103  204 
103  207 
103  201 
103  202 
103  208 
103  269 
104  204 
104  207 
104  202 
104  208 
104  203 
104  206 
104  269 
510  380 
510  19 
510  454 
510  379 
511  205 
511  11 
511  235 
511  411 
512  210 
512  42 
512  473 
512  408 
513  453 
513  130 
513  316 
513  155 
514  120 
514  98 
514  233 
514  162 
515  337 
515  8 
515  5 
515  362 
516  200 
516  499 
516  272 
516  178 
517  452 
517  207 
517  246 
517  176 
518  290 
518  31 
518  59 
518  295 
519  272 
519  515 
519  111 
519  54 
520  379 
520  94 
520  278 
520  131 
521  510 
521  447 
521  94 
521  266 
522  32 
522  515 
522  15 
522  209 
523  497 
523  280 
523  88 
523  343 
524  86 
524  208 
524  46 
524  360 
525  424 
525  96 
525  495 
525  88 
526  357 
526  291 
526  142 
526  191 
527  511 
527  334 
527  399 
527  3 
528  326 
528  522 
528  176 
528  425 
529  62 
529  246 
529  500 
529  101 
 

