1  2 
1  3 
1  4 
1  5 
1  6 
1  7 
1  8 
1  9 
1  10 
2  3 
2  4 
2  5 
2  6 
2  7 
2  8 
2  9 
2  10 
3  4 
3  5 
3  6 
3  7 
3  8 
3  9 
3  10 
4  5 
4  6 
4  7 
4  8 
4  9 
4  10 
5  6 
5  7 
5  8 
5  9 
5  10 
6  7 
6  8 
6  9 
6  10 
7  8 
7  9 
7  10 
8  9 
8  10 
9  10 
11  10 
11  9 
11  3 
11  4 
12  7 
12  1 
12  11 
12  2 
13  10 
13  2 
13  9 
13  6 
14  3 
14  8 
14  5 
14  1 
15  10 
15  3 
15  5 
15  8 
16  8 
16  2 
16  6 
16  4 
17  7 
17  11 
17  5 
17  6 
18  5 
18  7 
18  11 
18  2 
19  14 
19  2 
19  9 
19  11 
20  18 
20  11 
20  13 
20  9 
21  7 
21  5 
21  8 
21  12 
22  1 
22  8 
22  19 
22  20 
23  19 
23  5 
23  10 
23  4 
24  15 
24  7 
24  9 
24  6 
25  2 
25  16 
25  6 
25  4 
26  14 
26  10 
26  5 
26  18 
27  7 
27  9 
27  15 
27  18 
28  26 
28  14 
28  3 
28  11 
29  9 
29  19 
29  5 
29  14 
30  2 
30  20 
30  8 
30  9 
31  6 
31  10 
31  24 
31  2 
32  5 
32  14 
32  7 
32  6 
33  19 
33  3 
33  8 
33  5 
34  8 
34  11 
34  7 
34  10 
35  11 
35  8 
35  10 
35  4 
36  7 
36  17 
36  19 
36  33 
37  9 
37  20 
37  12 
37  6 
38  5 
38  36 
38  24 
38  8 
39  35 
39  38 
39  19 
39  25 
40  11 
40  18 
40  2 
40  19 
41  26 
41  2 
41  4 
41  6 
42  11 
42  4 
42  9 
42  8 
43  11 
43  8 
43  7 
43  31 
44  6 
44  7 
44  16 
44  5 
45  5 
45  26 
45  37 
45  12 
46  42 
46  8 
46  24 
46  9 
47  11 
47  10 
47  25 
47  28 
48  14 
48  5 
48  7 
48  4 
49  24 
49  8 
49  6 
49  26 
50  3 
50  5 
50  23 
50  7 
51  11 
51  6 
51  4 
51  18 
52  9 
52  3 
52  7 
52  4 
53  5 
53  14 
53  23 
53  20 
54  3 
54  13 
54  5 
54  6 
55  5 
55  3 
55  19 
55  17 
56  40 
56  7 
56  2 
56  11 
57  40 
57  14 
57  8 
57  31 
58  36 
58  21 
58  18 
58  14 
59  8 
59  36 
59  3 
59  5 
60  18 
60  32 
60  14 
60  50 
61  43 
61  14 
61  2 
61  50 
62  11 
62  12 
62  2 
62  37 
63  5 
63  9 
63  60 
63  59 
64  10 
64  1 
64  2 
64  36 
65  34 
65  24 
65  14 
65  41 
66  44 
66  10 
66  13 
66  38 
67  24 
67  8 
67  41 
67  20 
68  9 
68  5 
68  48 
68  3 
69  18 
69  40 
69  58 
69  7 
70  9 
70  20 
70  1 
70  10 
71  9 
71  26 
71  7 
71  21 
72  48 
72  34 
72  35 
72  9 
73  11 
73  2 
73  13 
73  29 
74  72 
74  6 
74  9 
74  3 
75  18 
75  65 
75  57 
75  9 
76  42 
76  20 
76  2 
76  43 
77  8 
77  24 
77  5 
77  10 
78  5 
78  8 
78  26 
78  49 
79  29 
79  56 
79  72 
79  7 
80  9 
80  49 
80  14 
80  32 
81  43 
81  41 
81  70 
81  2 
82  21 
82  13 
82  45 
82  3 
83  3 
83  4 
83  11 
83  63 
84  46 
84  16 
84  66 
84  14 
85  6 
85  4 
85  5 
85  29 
86  41 
86  46 
86  56 
86  7 
87  78 
87  63 
87  4 
87  81 
88  5 
88  3 
88  20 
88  7 
89  69 
89  44 
89  5 
89  7 
90  5 
90  17 
90  4 
90  8 
91  6 
91  7 
91  74 
91  70 
92  78 
92  51 
92  25 
92  11 
93  44 
93  16 
93  21 
93  6 
94  25 
94  71 
94  9 
94  1 
95  11 
95  70 
95  78 
95  88 
96  8 
96  4 
96  50 
96  58 
97  21 
97  3 
97  42 
97  6 
98  3 
98  83 
98  42 
98  84 
99  26 
99  62 
99  38 
99  60 
100  24 
100  3 
100  34 
100  4 
101  49 
101  34 
101  31 
101  98 
102  81 
102  18 
102  7 
102  66 
103  74 
103  75 
103  63 
103  7 
104  42 
104  2 
104  17 
104  93 
105  3 
105  51 
105  6 
105  2 
106  5 
106  60 
106  7 
106  31 
107  76 
107  7 
107  24 
107  88 
108  69 
108  27 
108  3 
108  14 
109  3 
109  90 
109  15 
109  56 
110  21 
110  42 
110  2 
110  9 
111  103 
111  20 
111  6 
111  26 
112  25 
112  23 
112  46 
112  1 
113  61 
113  9 
113  99 
113  6 
114  110 
114  8 
114  54 
114  95 
115  91 
115  73 
115  6 
115  63 
116  13 
116  70 
116  67 
116  11 
117  56 
117  85 
117  20 
117  14 
118  6 
118  3 
118  40 
118  42 
119  17 
119  40 
119  71 
119  18 
120  94 
120  81 
120  10 
120  4 
121  4 
121  22 
121  120 
121  10 
122  10 
122  3 
122  31 
122  2 
123  8 
123  103 
123  9 
123  4 
124  11 
124  84 
124  57 
124  31 
125  43 
125  31 
125  13 
125  93 
126  61 
126  118 
126  105 
126  17 
127  5 
127  22 
127  1 
127  12 
128  57 
128  73 
128  14 
128  4 
129  4 
129  11 
129  7 
129  95 
130  108 
130  35 
130  2 
130  23 
131  27 
131  7 
131  58 
131  88 
132  4 
132  40 
132  80 
132  13 
133  36 
133  82 
133  4 
133  9 
134  68 
134  2 
134  8 
134  9 
135  80 
135  108 
135  18 
135  41 
136  54 
136  2 
136  49 
136  35 
137  76 
137  111 
137  45 
137  119 
138  112 
138  127 
138  18 
138  93 
139  5 
139  111 
139  11 
139  8 
140  81 
140  41 
140  6 
140  35 
141  37 
141  6 
141  10 
141  85 
142  85 
142  101 
142  104 
142  9 
143  4 
143  2 
143  45 
143  103 
144  11 
144  2 
144  52 
144  4 
145  40 
145  2 
145  84 
145  18 
146  72 
146  23 
146  24 
146  49 
147  15 
147  75 
147  7 
147  45 
148  14 
148  107 
148  10 
148  123 
149  146 
149  124 
149  107 
149  103 
150  6 
150  37 
150  54 
150  9 
151  67 
151  59 
151  139 
151  145 
152  115 
152  62 
152  31 
152  138 
153  29 
153  104 
153  66 
153  83 
154  5 
154  105 
154  17 
154  80 
155  56 
155  114 
155  40 
155  125 
156  83 
156  22 
156  120 
156  1 
157  97 
157  56 
157  31 
157  130 
158  67 
158  39 
158  53 
158  19 
159  141 
159  11 
159  31 
159  110 
160  107 
160  1 
160  7 
160  12 
161  4 
161  2 
161  8 
161  27 
162  1 
162  62 
162  8 
162  9 
163  2 
163  63 
163  4 
163  7 
164  23 
164  4 
164  2 
164  76 
165  87 
165  5 
165  128 
165  85 
166  93 
166  5 
166  132 
166  76 
167  21 
167  87 
167  143 
167  23 
168  19 
168  34 
168  120 
168  166 
169  154 
169  7 
169  10 
169  35 
170  12 
170  155 
170  4 
170  34 
171  6 
171  4 
171  150 
171  161 
172  124 
172  162 
172  140 
172  33 
173  60 
173  70 
173  2 
173  100 
174  115 
174  26 
174  91 
174  166 
175  4 
175  18 
175  101 
175  32 
176  63 
176  135 
176  24 
176  43 
177  5 
177  73 
177  141 
177  70 
178  4 
178  7 
178  54 
178  24 
179  18 
179  77 
179  78 
179  157 
180  26 
180  56 
180  93 
180  45 
181  13 
181  74 
181  142 
181  172 
182  12 
182  4 
182  133 
182  128 
183  83 
183  18 
183  7 
183  4 
184  10 
184  25 
184  153 
184  24 
185  97 
185  126 
185  146 
185  9 
186  135 
186  40 
186  14 
186  105 
187  40 
187  35 
187  94 
187  19 
188  5 
188  25 
188  131 
188  87 
189  132 
189  26 
189  6 
189  4 
190  2 
190  183 
190  4 
190  9 
191  139 
191  51 
191  136 
191  102 
192  112 
192  82 
192  11 
192  103 
193  80 
193  8 
193  51 
193  17 
194  24 
194  56 
194  74 
194  61 
195  51 
195  91 
195  81 
195  71 
196  141 
196  5 
196  85 
196  19 
197  43 
197  145 
197  3 
197  41 
198  193 
198  111 
198  6 
198  8 
199  194 
199  7 
199  146 
199  1 
200  146 
200  100 
200  9 
200  130 
1  201 
1  202 
1  203 
1  204 
1  205 
2  201 
2  202 
2  206 
2  207 
3  204 
3  206 
4  203 
4  206 
4  207 
5  202 
5  208 
5  204 
5  206 
6  202 
6  205 
7  204 
7  206 
7  207 
7  205 
8  202 
8  208 
8  204 
8  205 
9  201 
9  208 
10  202 
10  208 
10  204 
10  206 
10  207 
11  201 
11  202 
11  208 
11  206 
11  205 
12  201 
12  202 
12  208 
12  206 
12  207 
13  202 
13  206 
14  201 
14  206 
14  207 
14  205 
15  208 
15  203 
15  204 
15  206 
15  205 
16  201 
16  202 
16  208 
16  203 
17  201 
17  203 
17  207 
18  201 
18  202 
18  208 
18  203 
18  206 
19  202 
19  204 
19  205 
20  202 
20  208 
20  203 
20  204 
20  207 
20  205 
201  202 
202  208 
208  203 
203  204 
204  206 
206  207 
207  205 
201  208 
201  203 
201  206 
202  204 
202  206 
203  202 
203  207 
204  201 
204  208 
207  201 
207  202 
205  202 
205  208 
205  203 
205  204 
209  51 
209  80 
209  172 
209  86 
210  114 
210  45 
210  71 
210  63 
211  128 
211  173 
211  112 
211  116 
212  136 
212  85 
212  158 
212  180 
213  32 
213  176 
213  116 
213  173 
214  6 
214  120 
214  90 
214  136 
215  78 
215  161 
215  175 
215  150 
216  30 
216  169 
216  28 
216  50 
217  80 
217  210 
217  182 
217  156 
218  78 
218  169 
218  210 
218  53 
219  195 
219  98 
219  44 
219  216 
220  148 
220  112 
220  172 
220  50 
221  144 
221  123 
221  202 
221  44 
222  158 
222  138 
222  219 
222  72 
223  178 
223  11 
223  23 
223  222 
224  30 
224  179 
224  98 
224  41 
225  181 
225  147 
225  205 
225  158 
226  155 
226  210 
226  34 
226  183 
227  168 
227  174 
227  41 
227  176 
228  223 
228  76 
228  151 
228  211 
229  147 
229  34 
229  121 
229  112 
230  213 
230  7 
230  207 
230  18 
231  41 
231  207 
231  161 
231  104 
232  176 
232  115 
232  5 
232  229 
233  95 
233  147 
233  86 
233  29 
234  45 
234  7 
234  92 
234  107 
235  30 
235  231 
235  230 
235  88 
236  214 
236  112 
236  155 
236  234 
237  216 
237  118 
237  38 
237  187 
238  213 
238  158 
238  181 
238  112 
239  135 
239  26 
239  173 
239  227 
240  214 
240  210 
240  216 
240  231 
241  210 
241  227 
241  183 
241  216 
242  228 
242  138 
242  30 
242  79 
243  108 
243  211 
243  156 
243  135 
244  136 
244  86 
244  176 
244  230 
245  100 
245  69 
245  168 
245  79 
246  217 
246  44 
246  169 
246  226 
247  50 
247  202 
247  175 
247  110 
248  237 
248  227 
248  86 
248  174 
249  31 
249  221 
249  94 
249  216 
250  183 
250  222 
250  238 
250  50 
251  244 
251  106 
251  138 
251  20 
252  126 
252  113 
252  30 
252  203 
253  71 
253  178 
253  183 
253  164 
254  67 
254  160 
254  37 
254  60 
255  86 
255  250 
255  245 
255  161 
256  152 
256  210 
256  228 
256  104 
257  1 
257  142 
257  234 
257  97 
258  233 
258  209 
258  236 
258  107 
259  185 
259  146 
259  83 
259  74 
260  254 
260  8 
260  157 
260  212 
261  176 
261  31 
261  209 
261  35 
262  193 
262  2 
262  138 
262  139 
263  194 
263  128 
263  259 
263  226 
264  4 
264  26 
264  79 
264  199 
265  179 
265  118 
265  199 
265  120 
266  224 
266  130 
266  242 
266  226 
267  144 
267  257 
267  135 
267  61 
268  16 
268  183 
268  246 
268  91 
269  21 
269  109 
269  221 
269  24 
270  29 
270  95 
270  229 
270  79 
271  207 
271  162 
271  244 
271  20 
272  240 
272  100 
272  164 
272  171 
273  270 
273  262 
273  254 
273  250 
274  46 
274  244 
274  38 
274  137 
275  95 
275  263 
275  244 
275  144 
276  217 
276  119 
276  269 
276  262 
277  270 
277  260 
277  206 
277  59 
278  244 
278  250 
278  264 
278  241 
279  22 
279  183 
279  95 
279  226 
280  278 
280  109 
280  129 
280  266 
281  242 
281  269 
281  6 
281  263 
282  124 
282  138 
282  32 
282  79 
283  271 
283  208 
283  3 
283  242 
284  271 
284  279 
284  239 
284  242 
285  257 
285  39 
285  96 
285  30 
286  124 
286  242 
286  282 
286  261 
287  192 
287  116 
287  99 
287  183 
288  218 
288  59 
288  79 
288  270 
289  124 
289  183 
289  77 
289  59 
290  245 
290  56 
290  111 
290  86 
291  39 
291  167 
291  230 
291  101 
292  263 
292  290 
292  275 
292  168 
293  179 
293  144 
293  273 
293  24 
294  49 
294  164 
294  251 
294  263 
295  214 
295  262 
295  161 
295  182 
296  179 
296  260 
296  149 
296  146 
297  266 
297  193 
297  244 
297  275 
298  79 
298  134 
298  78 
298  242 
299  183 
299  73 
299  269 
299  53 
300  32 
300  21 
300  295 
300  55 
301  4 
301  297 
301  252 
301  211 
302  172 
302  66 
302  294 
302  108 
303  297 
303  226 
303  295 
303  181 
304  275 
304  283 
304  19 
304  302 
305  114 
305  269 
305  282 
305  72 
306  262 
306  52 
306  89 
306  146 
307  86 
307  210 
307  242 
307  100 
308  13 
308  243 
308  301 
308  295 
309  291 
309  88 
309  293 
309  137 
310  113 
310  292 
310  65 
310  290 
311  63 
311  290 
311  149 
311  69 
312  226 
312  306 
312  55 
312  191 
313  309 
313  88 
313  290 
313  151 
314  171 
314  92 
314  206 
314  25 
315  313 
315  171 
315  27 
315  41 
316  135 
316  152 
316  19 
316  259 
317  293 
317  137 
317  196 
317  88 
318  309 
318  312 
318  94 
318  287 
319  262 
319  159 
319  91 
319  81 
320  190 
320  206 
320  244 
320  262 
321  42 
321  46 
321  176 
321  203 
322  151 
322  184 
322  33 
322  207 
323  311 
323  19 
323  302 
323  116 
324  13 
324  73 
324  318 
324  152 
325  40 
325  244 
325  323 
325  137 
326  61 
326  171 
326  81 
326  199 
327  249 
327  217 
327  196 
327  315 
328  111 
328  298 
328  84 
328  309 
329  54 
329  68 
329  293 
329  97 
330  192 
330  326 
330  323 
330  40 
331  320 
331  116 
331  163 
331  205 
332  324 
332  173 
332  326 
332  316 
333  302 
333  170 
333  317 
333  320 
334  264 
334  77 
334  329 
334  257 
335  218 
335  333 
335  77 
335  18 
336  239 
336  263 
336  173 
336  40 
337  151 
337  111 
337  317 
337  243 
338  208 
338  335 
338  152 
338  311 
339  260 
339  251 
339  327 
339  181 
340  327 
340  332 
340  289 
340  309 
341  2 
341  111 
341  310 
341  204 
342  317 
342  226 
342  337 
342  54 
343  333 
343  140 
343  305 
343  324 
344  333 
344  180 
344  342 
344  295 
345  232 
345  299 
345  315 
345  320 
346  192 
346  326 
346  124 
346  209 
347  334 
347  140 
347  260 
347  32 
348  318 
348  296 
348  243 
348  342 
349  209 
349  217 
349  315 
349  324 
350  341 
350  323 
350  311 
350  152 
351  147 
351  290 
351  52 
351  264 
352  106 
352  74 
352  198 
352  341 
353  304 
353  338 
353  345 
353  275 
354  152 
354  345 
354  323 
354  6 
355  156 
355  171 
355  64 
355  276 
356  337 
356  148 
356  284 
356  312 
357  65 
357  328 
357  43 
357  302 
358  244 
358  196 
358  52 
358  339 
 

