1  2 
1  3 
1  4 
1  5 
1  6 
1  7 
1  8 
1  9 
1  10 
2  3 
2  4 
2  5 
2  6 
2  7 
2  8 
2  9 
2  10 
3  4 
3  5 
3  6 
3  7 
3  8 
3  9 
3  10 
4  5 
4  6 
4  7 
4  8 
4  9 
4  10 
5  6 
5  7 
5  8 
5  9 
5  10 
6  7 
6  8 
6  9 
6  10 
7  8 
7  9 
7  10 
8  9 
8  10 
9  10 
11  5 
11  7 
11  3 
11  10 
12  3 
12  8 
12  11 
12  7 
13  1 
13  7 
13  2 
13  3 
14  3 
14  8 
14  4 
14  11 
15  10 
15  7 
15  2 
15  4 
16  10 
16  13 
16  8 
16  14 
17  8 
17  11 
17  1 
17  9 
18  11 
18  3 
18  7 
18  1 
19  7 
19  9 
19  8 
19  4 
20  6 
20  10 
20  7 
20  18 
21  20 
21  1 
21  10 
21  4 
22  3 
22  9 
22  16 
22  5 
23  4 
23  9 
23  2 
23  17 
24  7 
24  2 
24  8 
24  5 
25  12 
25  7 
25  10 
25  11 
26  1 
26  7 
26  14 
26  12 
27  9 
27  25 
27  11 
27  21 
28  27 
28  7 
28  1 
28  6 
29  1 
29  28 
29  25 
29  8 
30  5 
30  11 
30  27 
30  29 
31  5 
31  10 
31  21 
31  2 
32  11 
32  3 
32  18 
32  2 
33  7 
33  14 
33  10 
33  13 
34  1 
34  22 
34  9 
34  4 
35  3 
35  11 
35  9 
35  10 
36  6 
36  9 
36  7 
36  22 
37  32 
37  1 
37  7 
37  4 
38  36 
38  8 
38  1 
38  10 
39  11 
39  30 
39  5 
39  7 
40  1 
40  27 
40  37 
40  8 
41  36 
41  7 
41  19 
41  9 
42  40 
42  8 
42  7 
42  2 
43  30 
43  27 
43  4 
43  7 
44  4 
44  19 
44  12 
44  9 
45  5 
45  2 
45  19 
45  21 
46  20 
46  9 
46  21 
46  18 
47  1 
47  9 
47  5 
47  25 
48  8 
48  33 
48  13 
48  25 
49  7 
49  40 
49  37 
49  4 
50  18 
50  7 
50  45 
50  47 
51  2 
51  10 
51  9 
51  20 
52  11 
52  6 
52  44 
52  18 
53  9 
53  20 
53  15 
53  18 
54  18 
54  4 
54  3 
54  40 
55  5 
55  38 
55  10 
55  2 
56  10 
56  7 
56  8 
56  48 
57  1 
57  5 
57  20 
57  11 
58  23 
58  11 
58  42 
58  9 
59  25 
59  7 
59  2 
59  47 
60  8 
60  27 
60  5 
60  47 
61  1 
61  5 
61  38 
61  7 
62  3 
62  36 
62  28 
62  1 
63  9 
63  11 
63  7 
63  15 
64  10 
64  9 
64  18 
64  41 
65  10 
65  1 
65  4 
65  22 
66  5 
66  10 
66  13 
66  11 
67  10 
67  11 
67  1 
67  38 
68  51 
68  17 
68  30 
68  24 
69  53 
69  37 
69  8 
69  5 
70  25 
70  45 
70  7 
70  11 
71  2 
71  1 
71  55 
71  40 
72  4 
72  32 
72  38 
72  25 
73  11 
73  4 
73  44 
73  48 
74  7 
74  65 
74  59 
74  10 
75  10 
75  11 
75  48 
75  73 
76  32 
76  2 
76  28 
76  33 
77  37 
77  43 
77  4 
77  55 
78  22 
78  18 
78  13 
78  76 
79  49 
79  7 
79  31 
79  32 
80  33 
80  61 
80  73 
80  9 
81  27 
81  18 
81  5 
81  4 
82  10 
82  2 
82  1 
82  5 
83  2 
83  80 
83  14 
83  11 
84  7 
84  9 
84  25 
84  11 
85  9 
85  73 
85  37 
85  8 
86  8 
86  2 
86  7 
86  21 
87  5 
87  3 
87  61 
87  81 
88  29 
88  4 
88  40 
88  18 
89  48 
89  80 
89  8 
89  17 
90  5 
90  15 
90  60 
90  3 
91  61 
91  26 
91  2 
91  85 
92  18 
92  12 
92  13 
92  81 
93  14 
93  5 
93  92 
93  29 
94  79 
94  11 
94  76 
94  2 
95  3 
95  18 
95  38 
95  4 
96  93 
96  9 
96  53 
96  5 
97  4 
97  54 
97  38 
97  36 
98  18 
98  11 
98  74 
98  62 
99  97 
99  72 
99  14 
99  4 
100  85 
100  91 
100  19 
100  5 
101  14 
101  61 
101  11 
101  25 
102  73 
102  11 
102  24 
102  22 
103  66 
103  84 
103  58 
103  9 
104  1 
104  71 
104  5 
104  9 
105  11 
105  4 
105  28 
105  10 
106  3 
106  21 
106  99 
106  4 
107  1 
107  42 
107  5 
107  18 
108  1 
108  93 
108  38 
108  15 
109  32 
109  21 
109  90 
109  14 
110  89 
110  7 
110  37 
110  2 
111  47 
111  105 
111  14 
111  21 
112  41 
112  66 
112  7 
112  18 
113  94 
113  8 
113  18 
113  39 
114  4 
114  9 
114  91 
114  51 
115  108 
115  97 
115  10 
115  88 
116  12 
116  86 
116  104 
116  101 
117  2 
117  44 
117  11 
117  9 
118  36 
118  80 
118  12 
118  68 
119  28 
119  96 
119  104 
119  19 
120  61 
120  6 
120  111 
120  33 
121  11 
121  118 
121  14 
121  45 
122  9 
122  1 
122  4 
122  80 
123  117 
123  112 
123  7 
123  11 
124  37 
124  84 
124  115 
124  26 
125  43 
125  96 
125  18 
125  52 
126  79 
126  39 
126  25 
126  100 
127  31 
127  7 
127  82 
127  19 
128  28 
128  11 
128  10 
128  4 
129  85 
129  24 
129  9 
129  97 
130  25 
130  7 
130  4 
130  2 
131  95 
131  59 
131  38 
131  13 
132  25 
132  31 
132  7 
132  100 
133  55 
133  35 
133  70 
133  74 
134  2 
134  18 
134  1 
134  125 
135  25 
135  21 
135  96 
135  3 
136  2 
136  7 
136  95 
136  14 
137  85 
137  1 
137  96 
137  16 
138  11 
138  25 
138  5 
138  80 
139  23 
139  34 
139  130 
139  9 
140  138 
140  6 
140  69 
140  9 
141  57 
141  73 
141  27 
141  43 
142  105 
142  5 
142  7 
142  76 
143  24 
143  94 
143  73 
143  28 
144  5 
144  53 
144  61 
144  80 
145  6 
145  79 
145  4 
145  11 
146  3 
146  84 
146  79 
146  8 
147  7 
147  9 
147  2 
147  58 
148  89 
148  5 
148  143 
148  104 
149  126 
149  8 
149  9 
149  10 
150  76 
150  38 
150  132 
150  4 
151  91 
151  139 
151  4 
151  7 
152  9 
152  30 
152  116 
152  127 
153  13 
153  85 
153  117 
153  7 
154  85 
154  18 
154  127 
154  71 
155  43 
155  7 
155  138 
155  1 
156  133 
156  104 
156  74 
156  141 
157  123 
157  17 
157  9 
157  109 
158  32 
158  7 
158  105 
158  27 
159  23 
159  71 
159  28 
159  15 
160  74 
160  113 
160  55 
160  3 
161  31 
161  104 
161  42 
161  103 
162  1 
162  30 
162  8 
162  143 
163  4 
163  14 
163  38 
163  59 
164  14 
164  27 
164  99 
164  33 
165  3 
165  36 
165  7 
165  8 
166  136 
166  128 
166  113 
166  10 
167  6 
167  10 
167  48 
167  34 
168  9 
168  4 
168  101 
168  8 
169  92 
169  87 
169  25 
169  126 
170  25 
170  29 
170  88 
170  164 
171  11 
171  5 
171  12 
171  161 
172  78 
172  13 
172  2 
172  24 
173  169 
173  100 
173  41 
173  51 
174  11 
174  54 
174  19 
174  65 
175  2 
175  10 
175  78 
175  33 
176  2 
176  9 
176  94 
176  104 
177  9 
177  3 
177  11 
177  167 
178  54 
178  89 
178  31 
178  164 
179  75 
179  4 
179  8 
179  143 
180  37 
180  163 
180  11 
180  96 
181  10 
181  136 
181  5 
181  4 
182  10 
182  109 
182  8 
182  104 
183  22 
183  59 
183  4 
183  110 
184  11 
184  13 
184  19 
184  82 
185  135 
185  106 
185  127 
185  140 
186  5 
186  69 
186  140 
186  11 
187  13 
187  135 
187  2 
187  41 
188  110 
188  31 
188  34 
188  7 
189  101 
189  8 
189  85 
189  39 
190  18 
190  141 
190  7 
190  73 
191  36 
191  86 
191  34 
191  83 
192  48 
192  181 
192  5 
192  24 
193  94 
193  87 
193  22 
193  143 
194  88 
194  18 
194  11 
194  103 
195  42 
195  51 
195  35 
195  73 
196  1 
196  110 
196  25 
196  149 
197  42 
197  81 
197  48 
197  71 
198  100 
198  28 
198  7 
198  183 
199  39 
199  87 
199  1 
199  18 
200  159 
200  164 
200  18 
200  42 
1  201 
1  202 
1  203 
2  204 
2  205 
2  201 
2  206 
2  202 
2  203 
3  204 
3  205 
3  207 
4  201 
4  202 
5  204 
5  208 
5  206 
5  202 
6  208 
6  201 
6  202 
6  207 
7  204 
7  208 
7  206 
7  203 
8  204 
8  208 
8  205 
8  201 
8  206 
8  203 
9  204 
9  205 
9  206 
9  207 
9  203 
10  201 
10  206 
10  202 
10  207 
10  203 
11  204 
11  201 
11  206 
11  203 
12  208 
12  203 
13  202 
13  203 
14  208 
14  206 
14  207 
14  203 
15  204 
15  208 
15  205 
15  206 
15  207 
15  203 
16  204 
17  208 
17  201 
17  206 
17  202 
17  203 
18  204 
18  208 
18  205 
18  201 
18  202 
19  204 
19  208 
19  205 
19  202 
19  207 
19  203 
20  208 
20  205 
20  206 
21  204 
21  201 
21  206 
22  205 
22  202 
22  203 
23  204 
23  201 
23  207 
23  203 
24  201 
25  204 
25  208 
25  205 
25  201 
25  206 
25  202 
26  201 
26  206 
27  208 
27  205 
27  202 
27  207 
27  203 
28  208 
28  205 
28  206 
28  202 
28  203 
29  205 
29  202 
30  208 
30  205 
30  201 
30  206 
30  207 
31  201 
31  206 
31  207 
31  203 
32  204 
32  208 
32  205 
32  201 
32  206 
32  202 
32  207 
32  203 
33  204 
33  208 
33  205 
33  201 
33  207 
33  203 
34  208 
34  206 
34  202 
34  207 
34  203 
35  204 
35  208 
35  201 
35  206 
35  202 
35  207 
35  203 
36  204 
36  208 
36  202 
36  207 
37  205 
37  206 
38  206 
38  202 
38  207 
39  204 
39  208 
39  201 
39  206 
39  202 
39  207 
40  204 
40  201 
40  206 
40  202 
41  204 
41  208 
41  205 
41  201 
41  206 
42  205 
42  201 
42  206 
42  202 
43  207 
44  208 
44  205 
44  201 
44  207 
44  203 
45  208 
45  205 
45  203 
46  204 
46  203 
47  204 
47  208 
47  205 
47  207 
47  203 
48  204 
48  208 
48  201 
48  207 
49  204 
49  208 
49  205 
49  201 
49  202 
49  203 
50  205 
50  206 
50  203 
204  208 
208  205 
205  201 
201  206 
206  202 
202  207 
207  203 
204  201 
204  206 
204  207 
208  201 
208  202 
208  207 
205  206 
205  202 
205  207 
201  202 
201  207 
206  208 
203  205 
203  201 
203  206 
51  208 
51  205 
51  206 
51  203 
52  208 
52  201 
52  202 
209  105 
209  15 
209  21 
209  72 
210  64 
210  17 
210  106 
210  2 
211  65 
211  56 
211  189 
211  84 
212  76 
212  137 
212  127 
212  117 
213  211 
213  32 
213  67 
213  137 
214  79 
214  74 
214  137 
214  27 
215  87 
215  76 
215  207 
215  159 
216  196 
216  156 
216  193 
216  33 
217  184 
217  114 
217  87 
217  153 
218  120 
218  209 
218  215 
218  40 
219  208 
219  160 
219  200 
219  44 
220  219 
220  27 
220  122 
220  40 
221  211 
221  106 
221  207 
221  133 
222  162 
222  103 
222  196 
222  111 
223  125 
223  170 
223  99 
223  217 
224  114 
224  38 
224  215 
224  123 
225  200 
225  175 
225  162 
225  69 
226  218 
226  216 
226  133 
226  179 
227  189 
227  185 
227  87 
227  12 
228  6 
228  208 
228  57 
228  184 
53  205 
54  205 
54  201 
54  206 
54  203 
55  208 
55  201 
55  206 
55  203 
56  208 
56  201 
56  206 
56  202 
57  204 
57  206 
57  202 
57  207 
57  203 
229  58 
229  112 
229  145 
229  174 
230  197 
230  98 
230  172 
230  22 
231  120 
231  122 
231  166 
231  56 
232  50 
232  231 
232  34 
232  77 
233  63 
233  232 
233  22 
233  140 
234  68 
234  166 
234  52 
234  22 
235  21 
235  28 
235  177 
235  15 
236  234 
236  28 
236  231 
236  186 
237  137 
237  234 
237  232 
237  123 
238  236 
238  69 
238  14 
238  71 
239  107 
239  162 
239  82 
239  92 
240  5 
240  44 
240  99 
240  4 
241  111 
241  85 
241  4 
241  97 
242  201 
242  125 
242  234 
242  155 
243  177 
243  42 
243  44 
243  236 
244  86 
244  241 
244  129 
244  38 
245  7 
245  123 
245  240 
245  56 
246  234 
246  46 
246  133 
246  84 
247  159 
247  246 
247  203 
247  229 
248  102 
248  125 
248  35 
248  218 
58  204 
58  208 
58  205 
58  206 
58  202 
58  207 
58  203 
249  222 
249  124 
249  14 
249  216 
250  105 
250  217 
250  56 
250  128 
251  43 
251  61 
251  182 
251  65 
252  65 
252  159 
252  226 
252  28 
253  74 
253  235 
253  241 
253  218 
254  145 
254  252 
254  245 
254  83 
255  252 
255  134 
255  9 
255  113 
256  156 
256  73 
256  182 
256  180 
257  69 
257  74 
257  43 
257  202 
258  45 
258  255 
258  167 
258  175 
259  146 
259  8 
259  65 
259  206 
260  251 
260  110 
260  188 
260  75 
261  128 
261  9 
261  258 
261  165 
262  65 
262  4 
262  84 
262  70 
263  253 
263  252 
263  91 
263  9 
264  223 
264  45 
264  252 
264  35 
265  249 
265  127 
265  118 
265  73 
266  182 
266  253 
266  74 
266  199 
267  202 
267  65 
267  70 
267  233 
268  76 
268  93 
268  245 
268  226 
59  205 
59  206 
59  202 
59  203 
60  208 
60  206 
60  202 
61  204 
61  201 
61  203 
3  269 
4  269 
5  269 
6  269 
8  269 
9  269 
15  269 
16  269 
17  269 
18  269 
19  269 
21  269 
22  269 
25  269 
26  269 
27  269 
30  269 
31  269 
32  269 
33  269 
34  269 
36  269 
38  269 
39  269 
40  269 
41  269 
42  269 
44  269 
47  269 
49  269 
50  269 
53  269 
54  269 
55  269 
56  269 
58  269 
59  269 
60  269 
204  205 
204  202 
207  206 
203  208 
203  202 
269  201 
269  207 
269  203 
270  29 
270  193 
270  27 
270  106 
271  203 
271  206 
271  242 
271  164 
272  172 
272  201 
272  241 
272  85 
273  149 
273  272 
273  246 
273  218 
274  159 
274  18 
274  209 
274  126 
275  250 
275  148 
275  172 
275  182 
276  241 
276  256 
276  216 
276  53 
277  111 
277  18 
277  119 
277  77 
278  167 
278  265 
278  122 
278  188 
279  179 
279  94 
279  20 
279  145 
280  249 
280  5 
280  271 
280  151 
281  155 
281  101 
281  39 
281  189 
282  268 
282  276 
282  121 
282  23 
283  179 
283  230 
283  107 
283  273 
284  45 
284  55 
284  91 
284  240 
285  179 
285  119 
285  277 
285  265 
286  236 
286  100 
286  273 
286  285 
287  160 
287  140 
287  149 
287  173 
288  18 
288  112 
288  250 
288  78 
289  271 
289  288 
289  159 
289  241 
62  205 
62  201 
62  206 
63  206 
63  202 
63  269 
64  204 
64  205 
64  206 
64  202 
64  203 
64  269 
290  271 
290  257 
290  15 
290  233 
291  46 
291  6 
291  128 
291  119 
292  55 
292  28 
292  102 
292  181 
293  93 
293  197 
293  274 
293  219 
294  276 
294  223 
294  129 
294  152 
295  277 
295  62 
295  293 
295  87 
296  145 
296  219 
296  164 
296  94 
297  282 
297  294 
297  111 
297  231 
298  138 
298  294 
298  216 
298  81 
299  295 
299  75 
299  237 
299  219 
300  197 
300  216 
300  280 
300  221 
301  94 
301  197 
301  295 
301  124 
302  290 
302  111 
302  25 
302  274 
303  293 
303  134 
303  205 
303  290 
304  44 
304  165 
304  197 
304  192 
305  42 
305  46 
305  98 
305  301 
306  277 
306  53 
306  247 
306  87 
307  300 
307  243 
307  53 
307  39 
308  286 
308  76 
308  5 
308  282 
309  141 
309  159 
309  75 
309  290 
65  201 
65  207 
65  203 
65  269 
66  204 
66  208 
66  205 
66  201 
66  202 
66  203 
67  204 
67  208 
67  205 
67  206 
67  202 
67  207 
67  269 
68  204 
68  202 
68  207 
68  269 
69  205 
69  201 
69  206 
69  207 
310  264 
310  282 
310  16 
310  62 
311  6 
311  239 
311  77 
311  307 
312  280 
312  286 
312  309 
312  300 
313  180 
313  311 
313  123 
313  211 
314  51 
314  68 
314  201 
314  31 
315  192 
315  105 
315  103 
315  111 
316  312 
316  210 
316  40 
316  204 
317  37 
317  266 
317  143 
317  56 
318  183 
318  250 
318  32 
318  40 
319  187 
319  14 
319  289 
319  313 
320  118 
320  56 
320  163 
320  317 
321  92 
321  212 
321  313 
321  137 
322  253 
322  149 
322  189 
322  279 
323  91 
323  143 
323  172 
323  222 
324  319 
324  121 
324  255 
324  24 
325  81 
325  183 
325  197 
325  319 
326  114 
326  315 
326  311 
326  91 
327  232 
327  48 
327  223 
327  188 
328  62 
328  153 
328  321 
328  97 
329  161 
329  108 
329  147 
329  82 
70  206 
70  203 
70  269 
71  204 
71  208 
71  206 
71  207 
71  203 
72  208 
72  205 
72  207 
72  203 
72  269 
73  204 
73  208 
73  201 
73  206 
73  202 
73  203 
74  204 
74  208 
74  201 
74  202 
74  269 
330  141 
330  112 
330  265 
330  209 
331  233 
331  4 
331  278 
331  114 
332  170 
332  59 
332  273 
332  12 
333  198 
333  286 
333  230 
333  24 
334  284 
334  45 
334  162 
334  98 
335  196 
335  163 
335  78 
335  6 
336  276 
336  132 
336  178 
336  310 
337  310 
337  112 
337  68 
337  201 
338  181 
338  295 
338  320 
338  50 
339  331 
339  326 
339  174 
339  26 
340  137 
340  98 
340  85 
340  226 
341  98 
341  294 
341  303 
341  288 
342  288 
342  41 
342  114 
342  264 
343  15 
343  148 
343  24 
343  320 
344  294 
344  281 
344  139 
344  221 
345  263 
345  98 
345  286 
345  38 
346  242 
346  110 
346  181 
346  335 
347  339 
347  132 
347  340 
347  147 
348  332 
348  328 
348  335 
348  219 
349  7 
349  264 
349  183 
349  163 
75  202 
75  207 
75  203 
75  269 
350  289 
350  325 
350  230 
350  254 
351  286 
351  338 
351  167 
351  145 
352  52 
352  289 
352  118 
352  350 
353  116 
353  97 
353  203 
353  111 
354  40 
354  163 
354  119 
354  24 
355  160 
355  329 
355  126 
355  185 
356  164 
356  69 
356  192 
356  165 
357  240 
357  270 
357  85 
357  205 
358  270 
358  230 
358  355 
358  243 
359  172 
359  356 
359  70 
359  342 
360  359 
360  348 
360  352 
360  34 
361  63 
361  192 
361  249 
361  69 
362  35 
362  34 
362  187 
362  190 
363  192 
363  126 
363  176 
363  86 
364  142 
364  191 
364  269 
364  93 
365  185 
365  119 
365  40 
365  358 
366  21 
366  312 
366  198 
366  265 
367  356 
367  269 
367  277 
367  62 
368  229 
368  309 
368  114 
368  108 
369  368 
369  360 
369  64 
369  35 
76  204 
76  205 
76  201 
76  269 
77  208 
77  206 
77  207 
77  203 
77  269 
78  204 
78  201 
78  206 
78  207 
79  204 
79  205 
79  201 
79  207 
80  208 
80  205 
80  207 
80  269 
370  4 
370  133 
370  103 
370  161 
371  24 
371  240 
371  154 
371  172 
372  179 
372  272 
372  315 
372  268 
373  169 
373  256 
373  124 
373  192 
374  227 
374  188 
374  38 
374  104 
375  96 
375  211 
375  123 
375  163 
376  31 
376  45 
376  85 
376  359 
377  157 
377  79 
377  195 
377  322 
378  195 
378  145 
378  372 
378  351 
379  310 
379  214 
379  101 
379  27 
380  2 
380  179 
380  351 
380  359 
381  90 
381  293 
381  372 
381  376 
382  352 
382  372 
382  114 
382  168 
383  90 
383  120 
383  296 
383  66 
384  378 
384  314 
384  90 
384  263 
385  21 
385  195 
385  383 
385  372 
386  197 
386  18 
386  224 
386  79 
387  245 
387  160 
387  328 
387  314 
388  47 
388  166 
388  277 
388  296 
389  105 
389  373 
389  186 
389  258 
81  208 
81  205 
81  201 
81  202 
81  207 
81  203 
81  269 
82  204 
82  208 
82  205 
82  206 
82  202 
82  203 
82  269 
83  201 
83  206 
83  203 
83  269 
390  291 
390  337 
390  4 
390  378 
391  385 
391  313 
391  209 
391  170 
392  18 
392  382 
392  283 
392  142 
393  346 
393  27 
393  372 
393  178 
394  168 
394  182 
394  171 
394  100 
395  50 
395  9 
395  391 
395  91 
396  201 
396  362 
396  263 
396  15 
397  394 
397  270 
397  125 
397  157 
398  163 
398  206 
398  201 
398  230 
399  237 
399  18 
399  336 
399  361 
400  267 
400  243 
400  79 
400  191 
401  282 
401  88 
401  119 
401  336 
402  109 
402  90 
402  155 
402  182 
403  362 
403  182 
403  206 
403  85 
404  51 
404  286 
404  220 
404  95 
405  119 
405  201 
405  350 
405  164 
406  44 
406  256 
406  338 
406  144 
407  3 
407  261 
407  61 
407  36 
408  65 
408  16 
408  115 
408  405 
409  81 
409  125 
409  399 
409  255 
84  208 
84  205 
84  201 
84  202 
84  207 
85  202 
410  87 
410  104 
410  121 
410  113 
411  357 
411  336 
411  71 
411  271 
412  374 
412  109 
412  282 
412  336 
413  285 
413  271 
413  375 
413  215 
414  327 
414  187 
414  3 
414  199 
415  3 
415  330 
415  41 
415  282 
416  388 
416  333 
416  208 
416  186 
417  227 
417  68 
417  97 
417  231 
418  44 
418  302 
418  413 
418  96 
419  98 
419  352 
419  418 
419  66 
420  19 
420  267 
420  282 
420  369 
421  49 
421  109 
421  394 
421  385 
422  256 
422  238 
422  90 
422  361 
423  419 
423  49 
423  282 
423  413 
424  116 
424  413 
424  215 
424  97 
425  282 
425  322 
425  149 
425  394 
426  235 
426  108 
426  58 
426  273 
427  390 
427  207 
427  421 
427  49 
428  3 
428  326 
428  316 
428  256 
429  253 
429  292 
429  389 
429  330 
86  208 
86  205 
86  269 
87  205 
87  206 
87  207 
87  269 
88  205 
88  202 
88  207 
88  203 
88  269 
89  204 
89  208 
89  205 
89  206 
89  269 
90  205 
90  206 
90  207 
90  203 
90  269 
430  89 
430  421 
430  171 
430  353 
431  134 
431  202 
431  57 
431  395 
432  372 
432  337 
432  426 
432  13 
433  95 
433  362 
433  24 
433  30 
434  244 
434  383 
434  420 
434  400 
435  50 
435  281 
435  80 
435  320 
436  125 
436  425 
436  243 
436  82 
437  259 
437  291 
437  433 
437  1 
438  429 
438  241 
438  68 
438  340 
439  436 
439  345 
439  400 
439  110 
440  106 
440  40 
440  15 
440  46 
441  107 
441  293 
441  436 
441  400 
442  92 
442  53 
442  273 
442  107 
443  206 
443  334 
443  273 
443  313 
444  66 
444  242 
444  175 
444  220 
445  278 
445  398 
445  434 
445  105 
446  203 
446  283 
446  41 
446  417 
447  280 
447  117 
447  277 
447  24 
448  171 
448  180 
448  143 
448  331 
449  356 
449  79 
449  306 
449  226 
91  204 
91  206 
91  207 
91  269 
92  208 
93  208 
93  205 
93  201 
93  206 
93  203 
94  205 
94  206 
94  203 
450  45 
450  446 
450  397 
450  336 
451  48 
451  226 
451  188 
451  133 
452  93 
452  372 
452  253 
452  178 
453  369 
453  50 
453  170 
453  16 
454  451 
454  217 
454  364 
454  90 
455  306 
455  104 
455  397 
455  358 
456  58 
456  90 
456  430 
456  12 
457  355 
457  70 
457  154 
457  85 
458  353 
458  407 
458  215 
458  336 
459  450 
459  85 
459  102 
459  283 
460  277 
460  22 
460  339 
460  88 
461  263 
461  179 
461  293 
461  200 
462  422 
462  1 
462  298 
462  266 
463  40 
463  396 
463  100 
463  122 
464  42 
464  452 
464  93 
464  248 
465  334 
465  181 
465  89 
465  398 
466  284 
466  339 
466  465 
466  17 
467  133 
467  450 
467  354 
467  329 
468  310 
468  453 
468  398 
468  258 
469  333 
469  466 
469  403 
469  128 
95  205 
95  201 
95  202 
95  269 
96  205 
96  206 
96  207 
96  203 
97  204 
97  208 
97  205 
97  206 
97  207 
470  287 
470  132 
470  143 
470  274 
471  198 
471  162 
471  183 
471  58 
472  394 
472  293 
472  140 
472  263 
473  430 
473  362 
473  317 
473  388 
474  301 
474  204 
474  148 
474  117 
475  17 
475  194 
475  27 
475  463 
476  428 
476  339 
476  55 
476  329 
477  158 
477  229 
477  28 
477  56 
478  428 
478  76 
478  271 
478  368 
479  475 
479  283 
479  123 
479  86 
480  355 
480  94 
480  438 
480  368 
481  334 
481  169 
481  5 
481  355 
482  117 
482  371 
482  180 
482  433 
483  366 
483  277 
483  380 
483  433 
484  183 
484  161 
484  468 
484  368 
485  453 
485  200 
485  245 
485  123 
486  470 
486  94 
486  117 
486  275 
487  271 
487  482 
487  325 
487  392 
488  282 
488  276 
488  363 
488  317 
489  430 
489  283 
489  52 
489  428 
98  208 
98  205 
98  201 
98  206 
98  203 
98  269 
99  204 
99  208 
99  205 
99  201 
99  202 
99  207 
99  203 
99  269 
100  204 
100  208 
100  206 
100  207 
101  208 
101  205 
101  206 
101  207 
101  203 
102  208 
102  206 
102  207 
102  269 
490  366 
490  269 
490  71 
490  409 
491  139 
491  70 
491  251 
491  332 
492  3 
492  8 
492  180 
492  51 
493  325 
493  15 
493  262 
493  88 
494  427 
494  59 
494  124 
494  94 
495  493 
495  456 
495  71 
495  114 
496  15 
496  264 
496  236 
496  339 
497  371 
497  343 
497  215 
497  341 
498  355 
498  32 
498  55 
498  62 
499  475 
499  477 
499  4 
499  376 
500  262 
500  178 
500  252 
500  133 
501  481 
501  496 
501  33 
501  249 
502  105 
502  501 
502  3 
502  490 
503  300 
503  359 
503  248 
503  89 
504  502 
504  221 
504  388 
504  60 
505  76 
505  367 
505  187 
505  138 
506  84 
506  317 
506  97 
506  293 
507  84 
507  60 
507  500 
507  74 
508  89 
508  470 
508  49 
508  503 
509  59 
509  486 
509  445 
509  408 
 

