1  2 
1  3 
1  4 
1  5 
1  6 
1  7 
1  8 
1  9 
1  10 
2  3 
2  4 
2  5 
2  6 
2  7 
2  8 
2  9 
2  10 
3  4 
3  5 
3  6 
3  7 
3  8 
3  9 
3  10 
4  5 
4  6 
4  7 
4  8 
4  9 
4  10 
5  6 
5  7 
5  8 
5  9 
5  10 
6  7 
6  8 
6  9 
6  10 
7  8 
7  9 
7  10 
8  9 
8  10 
9  10 
11  2 
11  8 
11  4 
11  3 
12  6 
12  3 
12  9 
12  8 
13  3 
13  2 
13  4 
13  6 
14  9 
14  1 
14  3 
14  7 
15  14 
15  1 
15  6 
15  4 
16  8 
16  11 
16  5 
16  6 
17  3 
17  9 
17  10 
17  6 
18  3 
18  14 
18  2 
18  9 
19  7 
19  14 
19  6 
19  1 
20  4 
20  7 
20  9 
20  8 
21  12 
21  3 
21  13 
21  16 
22  11 
22  7 
22  16 
22  5 
23  5 
23  4 
23  6 
23  8 
24  14 
24  8 
24  3 
24  7 
25  3 
25  9 
25  6 
25  2 
26  8 
26  20 
26  16 
26  23 
27  7 
27  14 
27  5 
27  8 
28  9 
28  4 
28  7 
28  8 
29  7 
29  18 
29  19 
29  24 
30  4 
30  18 
30  1 
30  7 
31  9 
31  5 
31  3 
31  21 
32  2 
32  5 
32  4 
32  26 
33  4 
33  3 
33  11 
33  32 
34  3 
34  17 
34  5 
34  4 
35  16 
35  28 
35  3 
35  13 
36  4 
36  8 
36  7 
36  1 
37  10 
37  27 
37  8 
37  5 
38  5 
38  9 
38  25 
38  17 
39  6 
39  34 
39  20 
39  16 
40  26 
40  4 
40  1 
40  2 
41  36 
41  38 
41  25 
41  37 
42  3 
42  2 
42  25 
42  5 
43  11 
43  33 
43  4 
43  17 
44  3 
44  7 
44  10 
44  26 
45  3 
45  9 
45  4 
45  39 
46  7 
46  34 
46  8 
46  16 
47  5 
47  33 
47  17 
47  31 
48  8 
48  17 
48  9 
48  1 
49  8 
49  30 
49  7 
49  1 
50  5 
50  10 
50  47 
50  9 
51  20 
51  19 
51  32 
51  40 
52  7 
52  33 
52  8 
52  3 
53  27 
53  1 
53  20 
53  10 
54  19 
54  11 
54  16 
54  10 
55  53 
55  30 
55  52 
55  33 
56  7 
56  5 
56  41 
56  40 
57  2 
57  9 
57  8 
57  53 
58  47 
58  46 
58  38 
58  27 
59  21 
59  3 
59  25 
59  49 
60  7 
60  1 
60  40 
60  32 
61  30 
61  48 
61  29 
61  1 
62  27 
62  8 
62  2 
62  18 
63  3 
63  52 
63  49 
63  2 
64  59 
64  10 
64  47 
64  35 
65  59 
65  6 
65  31 
65  9 
66  1 
66  38 
66  2 
66  32 
67  31 
67  6 
67  8 
67  4 
68  6 
68  5 
68  41 
68  7 
69  54 
69  65 
69  11 
69  37 
70  48 
70  60 
70  2 
70  58 
71  24 
71  47 
71  58 
71  4 
72  59 
72  64 
72  10 
72  67 
73  6 
73  2 
73  8 
73  7 
74  27 
74  8 
74  71 
74  9 
75  1 
75  26 
75  7 
75  2 
76  46 
76  17 
76  52 
76  50 
77  37 
77  1 
77  21 
77  19 
78  6 
78  61 
78  8 
78  68 
79  6 
79  24 
79  60 
79  13 
80  5 
80  3 
80  54 
80  47 
81  13 
81  47 
81  70 
81  36 
82  2 
82  77 
82  66 
82  10 
83  48 
83  39 
83  49 
83  16 
84  9 
84  2 
84  10 
84  23 
85  2 
85  9 
85  19 
85  26 
86  23 
86  80 
86  54 
86  31 
87  28 
87  6 
87  73 
87  63 
88  50 
88  2 
88  11 
88  10 
89  4 
89  49 
89  23 
89  33 
90  7 
90  20 
90  89 
90  6 
91  25 
91  19 
91  14 
91  35 
92  61 
92  34 
92  9 
92  6 
93  5 
93  41 
93  51 
93  2 
94  38 
94  72 
94  7 
94  11 
95  79 
95  63 
95  94 
95  35 
96  39 
96  19 
96  54 
96  87 
97  38 
97  36 
97  4 
97  29 
98  75 
98  24 
98  1 
98  5 
99  24 
99  20 
99  3 
99  53 
100  94 
100  19 
100  40 
100  10 
101  9 
101  6 
101  59 
101  14 
102  2 
102  92 
102  4 
102  23 
103  87 
103  7 
103  1 
103  68 
104  5 
104  14 
104  9 
104  20 
105  7 
105  20 
105  82 
105  8 
106  94 
106  73 
106  25 
106  18 
107  5 
107  59 
107  71 
107  68 
108  95 
108  3 
108  11 
108  9 
109  54 
109  71 
109  40 
109  96 
110  11 
110  9 
110  2 
110  68 
111  8 
111  32 
111  25 
111  7 
112  36 
112  21 
112  48 
112  29 
113  3 
113  33 
113  27 
113  12 
114  34 
114  27 
114  99 
114  54 
115  56 
115  99 
115  2 
115  102 
116  1 
116  12 
116  6 
116  44 
117  37 
117  5 
117  17 
117  109 
118  3 
118  69 
118  4 
118  2 
119  42 
119  17 
119  8 
119  18 
120  115 
120  40 
120  76 
120  57 
121  8 
121  58 
121  119 
121  114 
122  5 
122  3 
122  9 
122  64 
123  7 
123  77 
123  2 
123  45 
124  111 
124  5 
124  49 
124  16 
125  40 
125  28 
125  27 
125  7 
126  40 
126  125 
126  49 
126  16 
127  116 
127  25 
127  36 
127  4 
128  66 
128  16 
128  33 
128  36 
129  6 
129  10 
129  98 
129  38 
130  3 
130  2 
130  117 
130  71 
131  31 
131  21 
131  66 
131  89 
132  80 
132  131 
132  3 
132  8 
133  117 
133  11 
133  37 
133  7 
134  7 
134  98 
134  16 
134  130 
135  39 
135  35 
135  40 
135  3 
136  24 
136  124 
136  58 
136  70 
137  4 
137  16 
137  30 
137  111 
138  55 
138  27 
138  116 
138  58 
139  88 
139  125 
139  6 
139  25 
140  119 
140  24 
140  71 
140  5 
141  4 
141  2 
141  94 
141  20 
142  14 
142  131 
142  66 
142  20 
143  3 
143  63 
143  7 
143  50 
144  31 
144  7 
144  3 
144  6 
145  105 
145  87 
145  122 
145  8 
146  110 
146  128 
146  37 
146  98 
147  27 
147  123 
147  11 
147  10 
148  3 
148  2 
148  70 
148  36 
149  57 
149  119 
149  10 
149  25 
150  86 
150  1 
150  9 
150  33 
151  62 
151  7 
151  17 
151  4 
152  122 
152  30 
152  92 
152  7 
153  132 
153  33 
153  120 
153  150 
154  67 
154  49 
154  77 
154  99 
155  76 
155  6 
155  68 
155  111 
156  9 
156  102 
156  151 
156  59 
157  9 
157  92 
157  2 
157  74 
158  18 
158  27 
158  48 
158  111 
159  2 
159  132 
159  7 
159  104 
160  2 
160  98 
160  128 
160  24 
161  122 
161  84 
161  10 
161  5 
162  10 
162  27 
162  156 
162  114 
163  8 
163  150 
163  7 
163  51 
164  3 
164  94 
164  77 
164  10 
165  7 
165  49 
165  90 
165  52 
166  127 
166  154 
166  164 
166  86 
167  75 
167  20 
167  151 
167  86 
168  19 
168  17 
168  144 
168  5 
169  144 
169  131 
169  127 
169  139 
170  6 
170  70 
170  93 
170  115 
171  36 
171  5 
171  87 
171  40 
172  160 
172  119 
172  18 
172  7 
173  22 
173  129 
173  9 
173  69 
174  7 
174  9 
174  140 
174  127 
175  6 
175  27 
175  98 
175  64 
176  33 
176  19 
176  6 
176  26 
177  167 
177  49 
177  132 
177  87 
178  8 
178  158 
178  162 
178  7 
179  88 
179  46 
179  54 
179  37 
180  28 
180  4 
180  61 
180  148 
181  127 
181  9 
181  33 
181  37 
182  8 
182  30 
182  107 
182  124 
183  156 
183  7 
183  84 
183  20 
184  36 
184  73 
184  96 
184  4 
185  6 
185  160 
185  120 
185  20 
186  10 
186  128 
186  58 
186  93 
187  65 
187  4 
187  22 
187  6 
188  47 
188  57 
188  136 
188  2 
189  26 
189  113 
189  105 
189  43 
190  10 
190  3 
190  7 
190  161 
191  7 
191  3 
191  94 
191  177 
192  53 
192  9 
192  41 
192  97 
193  27 
193  172 
193  93 
193  127 
194  10 
194  51 
194  2 
194  11 
195  47 
195  10 
195  176 
195  76 
196  128 
196  56 
196  34 
196  30 
197  3 
197  39 
197  98 
197  24 
198  84 
198  27 
198  61 
198  30 
199  159 
199  7 
199  166 
199  52 
200  2 
200  196 
200  16 
200  33 
1  201 
1  202 
1  203 
1  204 
1  205 
1  206 
1  207 
2  204 
2  208 
2  206 
3  203 
3  204 
3  208 
3  205 
3  207 
4  201 
4  203 
4  207 
5  202 
5  204 
5  205 
5  207 
6  202 
6  204 
6  207 
7  201 
7  202 
7  203 
7  204 
8  201 
8  202 
8  208 
8  205 
8  207 
9  203 
9  204 
9  205 
9  207 
10  203 
10  204 
10  208 
10  206 
11  201 
11  203 
11  204 
11  208 
11  206 
11  207 
12  206 
13  203 
13  207 
14  203 
14  208 
14  206 
15  203 
15  206 
16  208 
16  206 
17  201 
17  203 
17  206 
17  207 
18  201 
18  203 
18  204 
18  208 
18  205 
18  206 
18  207 
19  204 
19  208 
19  205 
19  207 
20  201 
20  203 
20  204 
20  206 
201  202 
202  203 
203  204 
204  208 
208  205 
205  206 
206  207 
201  208 
201  206 
202  204 
202  208 
202  205 
203  208 
203  205 
203  206 
204  201 
204  206 
205  201 
206  202 
207  201 
207  203 
21  203 
21  204 
21  208 
21  205 
22  203 
22  208 
22  205 
22  206 
22  207 
23  201 
23  202 
23  208 
24  202 
24  203 
24  204 
24  205 
24  206 
24  207 
3  209 
4  209 
7  209 
9  209 
10  209 
12  209 
14  209 
15  209 
16  209 
18  209 
20  209 
21  209 
23  209 
207  209 
202  207 
204  205 
204  207 
209  201 
209  204 
210  137 
210  99 
210  71 
210  89 
211  39 
211  85 
211  54 
211  168 
212  211 
212  156 
212  20 
212  80 
213  4 
213  100 
213  173 
213  85 
214  104 
214  180 
214  129 
214  197 
215  58 
215  144 
215  210 
215  140 
216  117 
216  172 
216  206 
216  58 
217  215 
217  170 
217  140 
217  213 
218  203 
218  6 
218  212 
218  125 
219  186 
219  54 
219  92 
219  216 
25  203 
25  204 
25  205 
25  206 
25  207 
26  202 
26  203 
26  204 
26  208 
26  205 
26  206 
27  201 
27  202 
27  204 
27  208 
27  205 
27  206 
27  207 
27  209 
28  204 
28  205 
28  206 
28  207 
1  220 
5  220 
6  220 
9  220 
10  220 
15  220 
16  220 
17  220 
18  220 
21  220 
22  220 
23  220 
24  220 
27  220 
28  220 
209  220 
201  203 
202  209 
203  209 
208  209 
209  206 
220  201 
220  203 
220  205 
220  207 
221  84 
221  106 
221  189 
221  168 
222  132 
222  199 
222  7 
222  187 
223  155 
223  8 
223  161 
223  222 
224  75 
224  144 
224  91 
224  194 
225  116 
225  54 
225  200 
225  42 
226  30 
226  102 
226  73 
226  52 
227  121 
227  157 
227  124 
227  131 
228  139 
228  26 
228  157 
228  36 
229  155 
229  91 
229  38 
229  57 
230  26 
230  80 
230  94 
230  142 
231  91 
231  162 
231  8 
231  47 
29  202 
29  203 
29  204 
29  208 
29  206 
29  207 
29  209 
30  205 
30  207 
31  202 
31  205 
31  207 
31  209 
31  220 
32  201 
32  203 
32  209 
32  220 
33  201 
33  202 
33  203 
33  204 
33  208 
33  205 
33  220 
1  232 
3  232 
4  232 
5  232 
14  232 
15  232 
17  232 
23  232 
28  232 
29  232 
33  232 
220  232 
204  220 
208  206 
205  209 
206  220 
207  205 
232  201 
232  202 
232  203 
232  204 
232  205 
232  206 
232  209 
233  67 
233  113 
233  70 
233  226 
234  132 
234  88 
234  226 
234  131 
235  138 
235  150 
235  106 
235  18 
236  40 
236  23 
236  164 
236  234 
237  109 
237  154 
237  10 
237  183 
238  28 
238  216 
238  138 
238  98 
239  62 
239  180 
239  105 
239  204 
240  98 
240  17 
240  190 
240  107 
241  98 
241  237 
241  18 
241  221 
242  151 
242  24 
242  181 
242  50 
243  106 
243  3 
243  108 
243  92 
 

