1  2 
1  3 
1  4 
1  5 
1  6 
1  7 
1  8 
1  9 
1  10 
2  3 
2  4 
2  5 
2  6 
2  7 
2  8 
2  9 
2  10 
3  4 
3  5 
3  6 
3  7 
3  8 
3  9 
3  10 
4  5 
4  6 
4  7 
4  8 
4  9 
4  10 
5  6 
5  7 
5  8 
5  9 
5  10 
6  7 
6  8 
6  9 
6  10 
7  8 
7  9 
7  10 
8  9 
8  10 
9  10 
11  7 
11  8 
11  1 
11  10 
12  1 
12  3 
12  10 
12  2 
13  2 
13  3 
13  10 
13  5 
14  10 
14  12 
14  9 
14  3 
15  11 
15  12 
15  8 
15  10 
16  1 
16  15 
16  10 
16  9 
17  10 
17  1 
17  3 
17  6 
18  10 
18  2 
18  9 
18  3 
19  11 
19  3 
19  9 
19  5 
20  6 
20  4 
20  5 
20  7 
21  10 
21  9 
21  1 
21  12 
22  19 
22  8 
22  11 
22  6 
23  12 
23  16 
23  7 
23  13 
24  3 
24  6 
24  9 
24  2 
25  3 
25  10 
25  7 
25  5 
26  2 
26  9 
26  23 
26  14 
27  3 
27  10 
27  6 
27  15 
28  7 
28  20 
28  9 
28  6 
29  2 
29  5 
29  7 
29  10 
30  9 
30  3 
30  17 
30  6 
31  10 
31  2 
31  9 
31  1 
32  4 
32  9 
32  19 
32  1 
33  14 
33  29 
33  16 
33  27 
34  11 
34  9 
34  1 
34  23 
35  9 
35  10 
35  28 
35  20 
36  7 
36  6 
36  16 
36  2 
37  10 
37  6 
37  7 
37  2 
38  10 
38  24 
38  36 
38  34 
39  7 
39  38 
39  31 
39  9 
40  27 
40  10 
40  21 
40  1 
41  33 
41  23 
41  16 
41  26 
42  16 
42  1 
42  3 
42  14 
43  7 
43  2 
43  5 
43  41 
44  6 
44  27 
44  7 
44  3 
45  16 
45  42 
45  4 
45  5 
46  35 
46  23 
46  33 
46  3 
47  10 
47  33 
47  7 
47  11 
48  6 
48  42 
48  4 
48  14 
49  5 
49  15 
49  27 
49  14 
50  3 
50  27 
50  35 
50  15 
51  15 
51  7 
51  2 
51  20 
52  10 
52  30 
52  7 
52  9 
53  9 
53  1 
53  14 
53  7 
54  10 
54  5 
54  16 
54  45 
55  4 
55  18 
55  22 
55  45 
56  51 
56  10 
56  43 
56  25 
57  47 
57  10 
57  56 
57  15 
58  7 
58  9 
58  41 
58  3 
59  45 
59  35 
59  2 
59  46 
60  9 
60  30 
60  7 
60  29 
61  33 
61  16 
61  9 
61  20 
62  11 
62  22 
62  57 
62  10 
63  12 
63  5 
63  27 
63  61 
64  9 
64  16 
64  51 
64  3 
65  9 
65  59 
65  1 
65  15 
66  57 
66  15 
66  17 
66  50 
67  4 
67  7 
67  27 
67  26 
68  11 
68  42 
68  8 
68  54 
69  29 
69  33 
69  57 
69  53 
70  1 
70  27 
70  9 
70  10 
71  3 
71  33 
71  37 
71  12 
72  12 
72  51 
72  66 
72  16 
73  66 
73  32 
73  49 
73  6 
74  45 
74  7 
74  67 
74  16 
75  3 
75  7 
75  56 
75  6 
76  11 
76  7 
76  27 
76  24 
77  9 
77  25 
77  6 
77  32 
78  10 
78  51 
78  57 
78  42 
79  9 
79  15 
79  35 
79  48 
80  6 
80  42 
80  32 
80  35 
81  39 
81  70 
81  26 
81  24 
82  9 
82  8 
82  11 
82  15 
83  42 
83  8 
83  5 
83  1 
84  32 
84  12 
84  8 
84  59 
85  61 
85  3 
85  1 
85  10 
86  40 
86  7 
86  2 
86  59 
87  39 
87  4 
87  77 
87  29 
88  67 
88  63 
88  51 
88  53 
89  23 
89  12 
89  15 
89  67 
90  11 
90  5 
90  9 
90  10 
91  15 
91  12 
91  49 
91  43 
92  14 
92  5 
92  42 
92  15 
93  77 
93  64 
93  60 
93  42 
94  16 
94  65 
94  11 
94  2 
95  74 
95  3 
95  94 
95  7 
96  2 
96  50 
96  69 
96  83 
97  54 
97  32 
97  14 
97  11 
98  15 
98  38 
98  34 
98  10 
99  15 
99  37 
99  10 
99  12 
100  12 
100  5 
100  49 
100  7 
101  40 
101  10 
101  11 
101  41 
102  6 
102  51 
102  11 
102  30 
103  10 
103  4 
103  97 
103  1 
104  24 
104  53 
104  1 
104  9 
105  5 
105  9 
105  77 
105  4 
106  101 
106  9 
106  2 
106  66 
107  28 
107  74 
107  3 
107  2 
108  7 
108  100 
108  106 
108  48 
109  9 
109  17 
109  85 
109  7 
110  11 
110  10 
110  80 
110  24 
111  29 
111  45 
111  107 
111  47 
112  2 
112  64 
112  83 
112  9 
113  67 
113  18 
113  9 
113  1 
114  106 
114  78 
114  28 
114  86 
115  19 
115  16 
115  43 
115  5 
116  63 
116  2 
116  28 
116  14 
117  9 
117  47 
117  17 
117  29 
118  10 
118  35 
118  1 
118  46 
119  22 
119  2 
119  6 
119  92 
120  3 
120  104 
120  7 
120  45 
121  49 
121  38 
121  100 
121  94 
122  14 
122  32 
122  69 
122  104 
123  8 
123  14 
123  74 
123  28 
124  26 
124  120 
124  7 
124  10 
125  14 
125  47 
125  89 
125  8 
126  4 
126  35 
126  10 
126  78 
127  4 
127  1 
127  67 
127  30 
128  10 
128  114 
128  15 
128  26 
129  26 
129  85 
129  11 
129  1 
130  18 
130  9 
130  41 
130  112 
131  45 
131  75 
131  81 
131  15 
132  25 
132  41 
132  47 
132  22 
133  9 
133  129 
133  8 
133  2 
134  14 
134  65 
134  51 
134  119 
135  53 
135  115 
135  18 
135  11 
136  15 
136  1 
136  32 
136  92 
137  78 
137  40 
137  101 
137  9 
138  119 
138  51 
138  9 
138  1 
139  5 
139  107 
139  9 
139  98 
140  66 
140  8 
140  34 
140  134 
141  8 
141  7 
141  1 
141  11 
142  139 
142  26 
142  14 
142  54 
143  7 
143  64 
143  116 
143  97 
144  71 
144  27 
144  64 
144  11 
145  107 
145  76 
145  83 
145  65 
146  1 
146  9 
146  2 
146  103 
147  94 
147  110 
147  6 
147  26 
148  3 
148  65 
148  85 
148  9 
149  106 
149  143 
149  142 
149  6 
150  1 
150  65 
150  3 
150  89 
151  9 
151  145 
151  19 
151  1 
152  11 
152  7 
152  65 
152  12 
153  11 
153  86 
153  111 
153  23 
154  16 
154  74 
154  26 
154  97 
155  149 
155  37 
155  81 
155  48 
156  2 
156  26 
156  27 
156  30 
157  104 
157  52 
157  10 
157  43 
158  66 
158  100 
158  30 
158  28 
159  83 
159  99 
159  40 
159  10 
160  73 
160  5 
160  67 
160  9 
161  103 
161  29 
161  15 
161  144 
162  132 
162  9 
162  57 
162  10 
163  98 
163  9 
163  15 
163  45 
164  48 
164  84 
164  8 
164  9 
165  41 
165  4 
165  69 
165  86 
166  96 
166  80 
166  92 
166  9 
167  62 
167  49 
167  85 
167  88 
168  54 
168  22 
168  9 
168  67 
169  9 
169  2 
169  87 
169  14 
170  3 
170  12 
170  41 
170  132 
171  3 
171  98 
171  73 
171  47 
172  61 
172  144 
172  42 
172  3 
173  28 
173  95 
173  82 
173  55 
174  96 
174  5 
174  97 
174  48 
175  100 
175  32 
175  10 
175  33 
176  85 
176  41 
176  138 
176  69 
177  153 
177  100 
177  2 
177  32 
178  8 
178  119 
178  14 
178  88 
179  78 
179  60 
179  53 
179  49 
180  123 
180  124 
180  9 
180  13 
181  2 
181  51 
181  26 
181  50 
182  6 
182  101 
182  10 
182  1 
183  28 
183  12 
183  148 
183  109 
184  35 
184  11 
184  140 
184  1 
185  4 
185  183 
185  138 
185  75 
186  6 
186  166 
186  20 
186  169 
187  68 
187  85 
187  25 
187  47 
188  34 
188  4 
188  26 
188  119 
189  26 
189  123 
189  64 
189  53 
190  45 
190  125 
190  26 
190  137 
191  183 
191  12 
191  148 
191  5 
192  9 
192  88 
192  89 
192  54 
193  31 
193  177 
193  100 
193  3 
194  58 
194  166 
194  74 
194  147 
195  15 
195  194 
195  103 
195  130 
196  84 
196  49 
196  50 
196  149 
197  6 
197  40 
197  10 
197  7 
198  181 
198  38 
198  197 
198  134 
199  60 
199  142 
199  96 
199  170 
200  195 
200  187 
200  32 
200  21 
1  201 
1  202 
1  203 
1  204 
1  205 
1  206 
1  207 
2  202 
2  203 
2  204 
2  205 
2  207 
3  201 
3  202 
3  208 
3  203 
3  205 
3  206 
3  207 
4  201 
4  208 
4  203 
4  204 
4  206 
4  207 
5  201 
5  202 
5  203 
5  205 
6  201 
6  205 
7  202 
7  208 
7  203 
7  204 
7  205 
7  207 
8  204 
8  206 
8  207 
9  202 
9  203 
9  204 
9  207 
10  201 
10  202 
10  204 
10  205 
10  207 
11  201 
11  202 
11  208 
11  203 
11  205 
11  207 
12  202 
12  206 
13  201 
13  202 
13  205 
13  206 
14  202 
14  203 
14  206 
14  207 
15  203 
15  205 
15  207 
16  201 
16  202 
16  203 
16  206 
17  202 
17  208 
17  206 
18  201 
18  202 
18  203 
18  206 
18  207 
19  202 
19  205 
19  206 
19  207 
20  201 
20  208 
20  205 
201  202 
202  208 
208  203 
203  204 
204  205 
205  206 
206  207 
201  203 
201  205 
202  203 
202  205 
202  206 
208  201 
208  204 
208  205 
208  206 
204  201 
204  202 
204  206 
206  203 
207  201 
207  208 
207  203 
207  204 
207  205 
209  97 
209  116 
209  82 
209  206 
210  38 
210  17 
210  198 
210  130 
211  197 
211  165 
211  205 
211  14 
212  154 
212  164 
212  135 
212  182 
213  160 
213  71 
213  52 
213  210 
214  148 
214  48 
214  17 
214  41 
215  41 
215  149 
215  63 
215  178 
216  114 
216  101 
216  135 
216  155 
217  185 
217  187 
217  216 
217  37 
218  159 
218  98 
218  154 
218  136 
219  210 
219  139 
219  206 
219  193 
220  210 
220  135 
220  123 
220  87 
221  215 
221  220 
221  183 
221  149 
222  153 
222  71 
222  84 
222  49 
223  185 
223  76 
223  17 
223  219 
224  14 
224  101 
224  200 
224  102 
225  203 
225  87 
225  68 
225  58 
226  130 
226  185 
226  159 
226  212 
227  200 
227  52 
227  112 
227  102 
228  97 
228  209 
228  135 
228  154 
229  71 
229  201 
229  87 
229  76 
230  39 
230  226 
230  40 
230  127 
231  71 
231  214 
231  156 
231  41 
232  127 
232  216 
232  228 
232  192 
233  53 
233  226 
233  165 
233  176 
234  209 
234  210 
234  38 
234  185 
235  156 
235  220 
235  39 
235  42 
236  166 
236  235 
236  159 
236  111 
237  41 
237  213 
237  159 
237  50 
238  200 
238  123 
238  130 
238  179 
239  149 
239  188 
239  216 
239  165 
240  200 
240  59 
240  102 
240  87 
241  50 
241  127 
241  40 
241  226 
242  80 
242  137 
242  187 
242  19 
243  223 
243  178 
243  209 
243  206 
244  233 
244  98 
244  124 
244  193 
245  232 
245  117 
245  41 
245  135 
246  221 
246  188 
246  166 
246  202 
247  4 
247  244 
247  200 
247  49 
248  49 
248  210 
248  132 
248  219 
249  244 
249  85 
249  222 
249  98 
250  40 
250  240 
250  193 
250  47 
251  226 
251  68 
251  39 
251  156 
252  211 
252  243 
252  45 
252  220 
253  137 
253  65 
253  88 
253  94 
254  159 
254  249 
254  235 
254  87 
255  226 
255  217 
255  27 
255  139 
256  65 
256  210 
256  74 
256  87 
257  20 
257  27 
257  248 
257  34 
258  13 
258  140 
258  166 
258  19 
259  157 
259  4 
259  248 
259  143 
260  20 
260  84 
260  126 
260  18 
261  212 
261  192 
261  207 
261  70 
262  49 
262  117 
262  42 
262  98 
263  28 
263  186 
263  200 
263  123 
264  58 
264  82 
264  105 
264  216 
265  239 
265  259 
265  220 
265  188 
266  78 
266  23 
266  73 
266  138 
267  223 
267  158 
267  221 
267  246 
268  262 
268  132 
268  28 
268  191 
269  225 
269  85 
269  22 
269  68 
270  146 
270  212 
270  242 
270  259 
271  149 
271  173 
271  241 
271  209 
272  261 
272  136 
272  117 
272  6 
273  199 
273  198 
273  79 
273  85 
274  272 
274  161 
274  261 
274  155 
275  220 
275  6 
275  156 
275  132 
276  231 
276  185 
276  207 
276  234 
277  266 
277  26 
277  156 
277  242 
278  57 
278  266 
278  112 
278  54 
279  274 
279  137 
279  85 
279  269 
280  173 
280  6 
280  230 
280  52 
281  270 
281  260 
281  277 
281  209 
282  260 
282  227 
282  81 
282  21 
283  230 
283  185 
283  104 
283  33 
284  78 
284  194 
284  270 
284  25 
285  150 
285  172 
285  54 
285  225 
286  85 
286  282 
286  117 
286  178 
287  127 
287  180 
287  55 
287  57 
288  161 
288  265 
288  2 
288  57 
289  225 
289  252 
289  271 
289  156 
290  255 
290  152 
290  85 
290  4 
291  37 
291  160 
291  248 
291  49 
292  115 
292  136 
292  219 
292  28 
293  42 
293  112 
293  28 
293  233 
294  55 
294  276 
294  269 
294  286 
295  35 
295  149 
295  95 
295  153 
296  188 
296  107 
296  291 
296  293 
297  279 
297  294 
297  200 
297  55 
298  229 
298  156 
298  220 
298  176 
299  266 
299  287 
299  37 
299  172 
300  208 
300  14 
300  12 
300  80 
301  126 
301  282 
301  136 
301  53 
302  98 
302  37 
302  294 
302  243 
303  277 
303  77 
303  134 
303  280 
304  207 
304  126 
304  204 
304  101 
305  261 
305  279 
305  187 
305  293 
306  34 
306  64 
306  281 
306  45 
307  104 
307  271 
307  157 
307  230 
308  288 
308  274 
308  229 
308  14 
309  228 
309  145 
309  177 
309  237 
310  61 
310  68 
310  8 
310  49 
311  15 
311  86 
311  273 
311  186 
312  153 
312  200 
312  174 
312  5 
313  265 
313  310 
313  154 
313  174 
314  174 
314  67 
314  53 
314  265 
315  300 
315  79 
315  141 
315  59 
316  175 
316  63 
316  110 
316  50 
317  30 
317  132 
317  316 
317  264 
318  89 
318  248 
318  313 
318  214 
319  8 
319  34 
319  165 
319  80 
320  154 
320  33 
320  123 
320  280 
321  143 
321  33 
321  171 
321  77 
322  318 
322  305 
322  273 
322  251 
323  277 
323  311 
323  314 
323  290 
324  88 
324  77 
324  257 
324  50 
325  164 
325  259 
325  313 
325  299 
326  202 
326  30 
326  311 
326  88 
327  245 
327  283 
327  313 
327  157 
328  34 
328  109 
328  84 
328  154 
329  298 
329  142 
329  100 
329  209 
330  271 
330  73 
330  214 
330  215 
331  216 
331  283 
331  325 
331  55 
332  60 
332  316 
332  94 
332  141 
333  317 
333  311 
333  230 
333  277 
334  278 
334  328 
334  153 
334  207 
335  329 
335  83 
335  210 
335  123 
336  319 
336  142 
336  278 
336  39 
337  316 
337  311 
337  326 
337  329 
338  267 
338  251 
338  290 
338  252 
339  246 
339  315 
339  325 
339  338 
340  39 
340  16 
340  93 
340  226 
341  110 
341  88 
341  330 
341  178 
342  226 
342  330 
342  316 
342  318 
343  5 
343  240 
343  222 
343  339 
344  111 
344  256 
344  220 
344  257 
345  89 
345  327 
345  240 
345  33 
346  241 
346  343 
346  5 
346  212 
347  326 
347  187 
347  136 
347  304 
348  137 
348  322 
348  258 
348  226 
349  43 
349  15 
349  329 
349  220 
350  71 
350  342 
350  150 
350  323 
351  264 
351  187 
351  71 
351  67 
352  240 
352  250 
352  216 
352  88 
353  315 
353  329 
353  321 
353  247 
354  327 
354  225 
354  312 
354  11 
355  293 
355  308 
355  60 
355  284 
356  30 
356  297 
356  298 
356  8 
357  155 
357  89 
357  59 
357  349 
358  87 
358  325 
358  13 
358  158 
359  54 
359  284 
359  128 
359  157 
360  308 
360  128 
360  356 
360  166 
361  194 
361  125 
361  44 
361  121 
362  75 
362  349 
362  213 
362  72 
363  196 
363  170 
363  279 
363  108 
364  62 
364  239 
364  194 
364  65 
365  132 
365  250 
365  19 
365  54 
366  68 
366  81 
366  79 
366  8 
367  22 
367  324 
367  257 
367  192 
368  231 
368  321 
368  139 
368  279 
369  20 
369  103 
369  357 
369  59 
370  367 
370  279 
370  284 
370  368 
371  287 
371  154 
371  103 
371  126 
372  369 
372  119 
372  186 
372  239 
373  351 
373  299 
373  65 
373  22 
374  250 
374  279 
374  16 
374  210 
375  286 
375  204 
375  231 
375  276 
376  45 
376  250 
376  242 
376  271 
377  233 
377  65 
377  226 
377  80 
378  366 
378  286 
378  303 
378  154 
379  210 
379  131 
379  108 
379  334 
380  45 
380  254 
380  77 
380  282 
381  296 
381  369 
381  108 
381  24 
382  329 
382  293 
382  305 
382  186 
383  279 
383  376 
383  289 
383  35 
384  199 
384  355 
384  383 
384  163 
385  208 
385  133 
385  382 
385  194 
386  374 
386  300 
386  278 
386  62 
387  141 
387  280 
387  349 
387  22 
388  203 
388  161 
388  81 
388  64 
389  366 
389  314 
389  194 
389  31 
390  201 
390  193 
390  276 
390  243 
391  66 
391  76 
391  282 
391  237 
392  19 
392  278 
392  207 
392  321 
393  221 
393  28 
393  361 
393  389 
394  139 
394  194 
394  78 
394  239 
395  214 
395  342 
395  251 
395  350 
396  189 
396  1 
396  305 
396  55 
397  192 
397  383 
397  167 
397  210 
398  34 
398  172 
398  159 
398  378 
399  97 
399  279 
399  155 
399  122 
400  203 
400  193 
400  333 
400  254 
401  381 
401  369 
401  82 
401  158 
402  319 
402  318 
402  255 
402  304 
403  163 
403  202 
403  335 
403  148 
404  131 
404  188 
404  394 
404  400 
405  64 
405  293 
405  397 
405  399 
406  256 
406  91 
406  364 
406  377 
407  24 
407  286 
407  270 
407  52 
408  399 
408  183 
408  393 
408  297 
409  310 
409  69 
409  234 
409  98 
410  358 
410  54 
410  262 
410  248 
411  346 
411  262 
411  329 
411  136 
412  345 
412  165 
412  158 
412  116 
413  405 
413  395 
413  1 
413  225 
414  405 
414  15 
414  374 
414  365 
415  281 
415  217 
415  311 
415  357 
416  277 
416  25 
416  306 
416  71 
417  412 
417  337 
417  61 
417  245 
418  283 
418  221 
418  151 
418  109 
419  55 
419  417 
419  252 
419  262 
420  143 
420  213 
420  262 
420  246 
421  134 
421  196 
421  136 
421  374 
422  60 
422  158 
422  346 
422  383 
423  286 
423  324 
423  13 
423  35 
424  331 
424  350 
424  166 
424  345 
425  60 
425  407 
425  302 
425  277 
426  395 
426  423 
426  350 
426  145 
427  134 
427  140 
427  17 
427  250 
428  313 
428  169 
428  67 
428  202 
429  423 
429  71 
429  199 
429  67 
430  207 
430  331 
430  422 
430  276 
431  325 
431  417 
431  429 
431  126 
432  427 
432  241 
432  93 
432  344 
433  327 
433  259 
433  383 
433  424 
434  126 
434  414 
434  250 
434  210 
435  409 
435  425 
435  434 
435  137 
436  132 
436  259 
436  422 
436  245 
437  168 
437  411 
437  210 
437  66 
438  433 
438  375 
438  121 
438  202 
439  320 
439  63 
439  418 
439  423 
440  166 
440  270 
440  331 
440  109 
441  111 
441  395 
441  184 
441  199 
442  188 
442  185 
442  427 
442  37 
443  235 
443  237 
443  147 
443  54 
444  172 
444  409 
444  379 
444  163 
445  162 
445  326 
445  188 
445  369 
446  333 
446  121 
446  420 
446  427 
447  116 
447  209 
447  67 
447  432 
448  292 
448  109 
448  437 
448  204 
449  216 
449  174 
449  361 
449  286 
450  163 
450  122 
450  370 
450  410 
451  54 
451  287 
451  435 
451  443 
452  420 
452  281 
452  411 
452  272 
453  120 
453  55 
453  444 
453  326 
454  85 
454  402 
454  311 
454  241 
455  264 
455  171 
455  450 
455  82 
456  262 
456  122 
456  267 
456  208 
457  215 
457  404 
457  71 
457  428 
458  242 
458  420 
458  267 
458  246 
459  120 
459  385 
459  76 
459  122 
460  262 
460  235 
460  220 
460  405 
461  203 
461  35 
461  211 
461  31 
462  254 
462  387 
462  55 
462  89 
463  441 
463  131 
463  189 
463  44 
464  197 
464  349 
464  463 
464  453 
465  308 
465  295 
465  361 
465  203 
466  19 
466  112 
466  304 
466  374 
467  459 
467  443 
467  290 
467  340 
468  337 
468  323 
468  143 
468  149 
469  71 
469  460 
469  91 
469  386 
470  106 
470  308 
470  17 
470  468 
471  468 
471  465 
471  295 
471  223 
472  143 
472  227 
472  470 
472  148 
473  99 
473  365 
473  316 
473  143 
474  269 
474  396 
474  211 
474  143 
475  211 
475  443 
475  413 
475  70 
476  118 
476  102 
476  441 
476  252 
477  444 
477  287 
477  325 
477  44 
478  94 
478  470 
478  279 
478  445 
479  269 
479  199 
479  247 
479  335 
480  267 
480  330 
480  315 
480  44 
481  102 
481  476 
481  37 
481  93 
482  109 
482  280 
482  71 
482  451 
483  20 
483  45 
483  462 
483  100 
484  417 
484  190 
484  279 
484  70 
485  392 
485  240 
485  316 
485  112 
486  459 
486  469 
486  443 
486  109 
487  191 
487  265 
487  290 
487  364 
488  66 
488  429 
488  308 
488  466 
489  459 
489  443 
489  321 
489  37 
490  407 
490  471 
490  73 
490  239 
491  352 
491  281 
491  260 
491  478 
492  209 
492  444 
492  71 
492  271 
493  433 
493  67 
493  296 
493  203 
494  146 
494  475 
494  426 
494  281 
495  489 
495  71 
495  431 
495  462 
496  22 
496  62 
496  421 
496  142 
497  279 
497  304 
497  322 
497  106 
498  67 
498  122 
498  265 
498  56 
499  461 
499  465 
499  125 
499  123 
500  67 
500  464 
500  218 
500  420 
501  461 
501  36 
501  223 
501  265 
502  43 
502  78 
502  147 
502  482 
503  471 
503  261 
503  255 
503  498 
504  143 
504  399 
504  421 
504  285 
505  441 
505  504 
505  325 
505  21 
506  201 
506  348 
506  29 
506  397 
507  219 
507  315 
507  281 
507  242 
508  308 
508  388 
508  122 
508  421 
509  440 
509  389 
509  161 
509  76 
510  450 
510  9 
510  312 
510  382 
511  6 
511  257 
511  233 
511  355 
512  509 
512  392 
512  330 
512  156 
513  211 
513  13 
513  75 
513  157 
514  450 
514  510 
514  471 
514  286 
515  190 
515  475 
515  82 
515  128 
516  420 
516  91 
516  363 
516  510 
517  27 
517  374 
517  510 
517  348 
518  79 
518  364 
518  256 
518  476 
519  155 
519  424 
519  115 
519  223 
520  115 
520  487 
520  141 
520  91 
521  431 
521  480 
521  173 
521  389 
522  490 
522  498 
522  118 
522  235 
523  243 
523  96 
523  248 
523  251 
524  115 
524  161 
524  305 
524  131 
525  37 
525  171 
525  405 
525  428 
526  431 
526  471 
526  309 
526  307 
527  309 
527  516 
527  22 
527  524 
528  522 
528  433 
528  430 
528  131 
529  391 
529  284 
529  172 
529  509 
530  38 
530  380 
530  454 
530  289 
531  234 
531  331 
531  232 
531  509 
532  523 
532  514 
532  60 
532  387 
533  41 
533  72 
533  416 
533  199 
534  157 
534  234 
534  132 
534  378 
535  318 
535  8 
535  409 
535  263 
536  530 
536  220 
536  71 
536  33 
537  105 
537  519 
537  424 
537  120 
538  450 
538  528 
538  394 
538  519 
539  532 
539  232 
539  387 
539  157 
540  473 
540  203 
540  43 
540  375 
541  433 
541  533 
541  267 
541  177 
542  533 
542  518 
542  526 
542  4 
543  40 
543  234 
543  149 
543  404 
544  527 
544  140 
544  513 
544  43 
545  396 
545  232 
545  450 
545  374 
546  543 
546  232 
546  529 
546  517 
547  31 
547  96 
547  534 
547  384 
548  177 
548  510 
548  260 
548  445 
549  524 
549  60 
549  531 
549  315 
550  68 
550  118 
550  188 
550  512 
551  346 
551  469 
551  177 
551  409 
552  319 
552  529 
552  516 
552  326 
553  16 
553  162 
553  381 
553  257 
554  164 
554  424 
554  476 
554  319 
555  164 
555  534 
555  232 
555  357 
556  34 
556  204 
556  449 
556  225 
557  467 
557  389 
557  416 
557  375 
558  426 
558  62 
558  515 
558  514 
559  36 
559  341 
559  297 
559  35 
560  144 
560  16 
560  517 
560  504 
561  196 
561  259 
561  530 
561  157 
562  527 
562  25 
562  308 
562  83 
563  304 
563  267 
563  257 
563  252 
564  516 
564  279 
564  380 
564  261 
565  484 
565  167 
565  173 
565  440 
566  498 
566  380 
566  167 
566  321 
567  543 
567  229 
567  90 
567  242 
568  261 
568  113 
568  455 
568  35 
569  318 
569  522 
569  104 
569  326 
570  409 
570  508 
570  265 
570  110 
571  422 
571  63 
571  565 
571  181 
572  560 
572  388 
572  297 
572  517 
573  560 
573  559 
573  256 
573  44 
574  250 
574  115 
574  88 
574  314 
575  495 
575  535 
575  380 
575  276 
576  20 
576  133 
576  140 
576  358 
577  229 
577  501 
577  480 
577  327 
578  171 
578  568 
578  278 
578  509 
579  188 
579  397 
579  170 
579  577 
580  183 
580  576 
580  577 
580  551 
581  551 
581  576 
581  578 
581  511 
582  455 
582  284 
582  377 
582  504 
583  434 
583  577 
583  503 
583  135 
584  324 
584  377 
584  82 
584  527 
585  8 
585  253 
585  583 
585  269 
586  573 
586  427 
586  574 
586  22 
587  358 
587  398 
587  560 
587  387 
588  495 
588  1 
588  438 
588  562 
589  209 
589  239 
589  512 
589  503 
590  167 
590  523 
590  437 
590  335 
591  42 
591  216 
591  513 
591  589 
592  340 
592  537 
592  117 
592  411 
593  316 
593  62 
593  439 
593  278 
594  216 
594  348 
594  326 
594  92 
595  113 
595  158 
595  563 
595  566 
596  449 
596  47 
596  229 
596  535 
597  373 
597  164 
597  519 
597  458 
598  20 
598  171 
598  289 
598  22 
599  561 
599  323 
599  576 
599  336 
600  54 
600  28 
600  565 
600  542 
601  239 
601  445 
601  457 
601  156 
602  543 
602  459 
602  365 
602  335 
603  397 
603  23 
603  573 
603  569 
604  188 
604  92 
604  109 
604  580 
605  568 
605  57 
605  27 
605  255 
606  104 
606  70 
606  302 
606  588 
607  295 
607  499 
607  583 
607  566 
608  605 
608  391 
608  457 
608  177 
609  66 
609  22 
609  516 
609  606 
610  475 
610  431 
610  393 
610  206 
611  609 
611  599 
611  282 
611  74 
612  288 
612  437 
612  397 
612  21 
613  359 
613  221 
613  300 
613  299 
614  440 
614  397 
614  72 
614  359 
615  397 
615  348 
615  224 
615  512 
616  504 
616  589 
616  550 
616  62 
617  383 
617  485 
617  230 
617  597 
618  216 
618  169 
618  452 
618  605 
619  543 
619  440 
619  121 
619  610 
620  90 
620  300 
620  490 
620  100 
621  90 
621  330 
621  509 
621  478 
622  268 
622  127 
622  184 
622  178 
623  507 
623  496 
623  256 
623  328 
624  212 
624  149 
624  138 
624  520 
625  606 
625  322 
625  498 
625  301 
626  609 
626  262 
626  502 
626  217 
627  520 
627  312 
627  222 
627  482 
628  245 
628  462 
628  615 
628  397 
629  49 
629  152 
629  97 
629  516 
630  13 
630  361 
630  114 
630  212 
631  299 
631  625 
631  482 
631  604 
632  235 
632  134 
632  478 
632  219 
633  514 
633  145 
633  599 
633  195 
634  55 
634  624 
634  413 
634  617 
635  587 
635  127 
635  318 
635  134 
636  197 
636  233 
636  454 
636  395 
637  487 
637  613 
637  149 
637  362 
638  48 
638  151 
638  522 
638  230 
639  590 
639  408 
639  462 
639  304 
640  352 
640  245 
640  638 
640  74 
641  318 
641  78 
641  166 
641  138 
642  502 
642  625 
642  107 
642  18 
643  444 
643  490 
643  317 
643  625 
644  525 
644  116 
644  615 
644  383 
645  520 
645  331 
645  19 
645  123 
646  610 
646  643 
646  404 
646  606 
647  18 
647  83 
647  449 
647  625 
648  24 
648  616 
648  440 
648  637 
649  584 
649  204 
649  374 
649  294 
650  293 
650  603 
650  616 
650  375 
651  478 
651  467 
651  616 
651  128 
652  18 
652  628 
652  620 
652  599 
653  376 
653  568 
653  202 
653  625 
654  427 
654  632 
654  483 
654  9 
655  122 
655  612 
655  83 
655  265 
656  151 
656  459 
656  359 
656  560 
657  340 
657  18 
657  384 
657  356 
658  375 
658  474 
658  304 
658  242 
659  525 
659  645 
659  134 
659  8 
660  389 
660  283 
660  289 
660  365 
661  589 
661  36 
661  262 
661  495 
662  300 
662  260 
662  397 
662  37 
663  185 
663  586 
663  440 
663  210 
664  314 
664  546 
664  467 
664  400 
665  240 
665  259 
665  171 
665  44 
666  502 
666  457 
666  652 
666  635 
667  571 
667  506 
667  2 
667  627 
668  267 
668  621 
668  37 
668  179 
669  435 
669  400 
669  381 
669  624 
670  434 
670  494 
670  550 
670  440 
671  355 
671  185 
671  660 
671  562 
672  252 
672  503 
672  670 
672  16 
673  481 
673  480 
673  611 
673  64 
674  400 
674  529 
674  203 
674  669 
675  563 
675  669 
675  289 
675  248 
676  338 
676  224 
676  635 
676  538 
677  357 
677  209 
677  663 
677  490 
678  204 
678  662 
678  430 
678  443 
679  661 
679  138 
679  615 
679  57 
680  533 
680  400 
680  392 
680  498 
681  44 
681  353 
681  149 
681  492 
682  667 
682  200 
682  677 
682  595 
683  489 
683  36 
683  635 
683  675 
684  36 
684  137 
684  52 
684  655 
685  627 
685  165 
685  273 
685  486 
686  506 
686  102 
686  289 
686  684 
687  357 
687  381 
687  492 
687  405 
688  64 
688  30 
688  627 
688  202 
689  100 
689  567 
689  444 
689  440 
690  486 
690  677 
690  687 
690  89 
691  443 
691  218 
691  533 
691  575 
692  663 
692  91 
692  669 
692  643 
693  312 
693  691 
693  565 
693  396 
694  442 
694  259 
694  514 
694  30 
695  313 
695  605 
695  485 
695  530 
696  126 
696  689 
696  467 
696  645 
697  287 
697  522 
697  692 
697  30 
698  259 
698  388 
698  247 
698  127 
699  264 
699  202 
699  629 
699  368 
700  591 
700  445 
700  194 
700  100 
701  700 
701  214 
701  171 
701  16 
702  386 
702  110 
702  579 
702  558 
703  46 
703  663 
703  209 
703  518 
704  681 
704  207 
704  447 
704  353 
705  217 
705  589 
705  317 
705  201 
706  323 
706  640 
706  490 
706  317 
707  440 
707  218 
707  473 
707  662 
708  600 
708  165 
708  507 
708  273 
709  637 
709  432 
709  58 
709  474 
710  280 
710  53 
710  86 
710  512 
711  15 
711  461 
711  563 
711  419 
712  32 
712  615 
712  530 
712  449 
713  22 
713  278 
713  702 
713  598 
714  519 
714  49 
714  264 
714  288 
715  714 
715  22 
715  597 
715  151 
716  500 
716  713 
716  37 
716  498 
717  190 
717  458 
717  716 
717  36 
718  22 
718  717 
718  13 
718  318 
719  384 
719  94 
719  260 
719  270 
720  4 
720  97 
720  421 
720  710 
721  243 
721  472 
721  607 
721  269 
722  31 
722  151 
722  461 
722  29 
723  240 
723  716 
723  712 
723  276 
724  716 
724  465 
724  722 
724  1 
725  195 
725  292 
725  448 
725  90 
726  701 
726  709 
726  22 
726  247 
727  518 
727  507 
727  37 
727  121 
728  721 
728  449 
728  248 
728  264 
729  627 
729  437 
729  359 
729  263 
730  50 
730  463 
730  668 
730  657 
731  105 
731  696 
731  575 
731  442 
732  143 
732  717 
732  713 
732  430 
733  260 
733  712 
733  720 
733  715 
734  301 
734  629 
734  477 
734  721 
735  518 
735  94 
735  449 
735  466 
736  125 
736  370 
736  671 
736  260 
737  433 
737  441 
737  574 
737  554 
738  320 
738  673 
738  368 
738  710 
739  733 
739  180 
739  724 
739  353 
740  345 
740  376 
740  513 
740  151 
741  416 
741  184 
741  488 
741  534 
742  558 
742  574 
742  718 
742  461 
743  353 
743  492 
743  508 
743  552 
744  317 
744  223 
744  729 
744  496 
745  162 
745  710 
745  420 
745  718 
746  109 
746  435 
746  421 
746  98 
747  318 
747  47 
747  719 
747  234 
748  196 
748  552 
748  639 
748  78 
749  94 
749  99 
749  721 
749  748 
750  600 
750  483 
750  471 
750  646 
751  470 
751  553 
751  749 
751  169 
752  168 
752  105 
752  272 
752  726 
753  528 
753  261 
753  555 
753  258 
754  378 
754  220 
754  734 
754  318 
755  207 
755  681 
755  529 
755  449 
756  234 
756  98 
756  264 
756  629 
757  438 
757  526 
757  170 
757  721 
758  105 
758  199 
758  721 
758  733 
759  265 
759  561 
759  518 
759  720 
760  746 
760  711 
760  314 
760  445 
761  759 
761  209 
761  419 
761  296 
762  693 
762  142 
762  422 
762  262 
763  135 
763  265 
763  369 
763  36 
764  399 
764  465 
764  139 
764  328 
765  620 
765  760 
765  33 
765  106 
766  467 
766  110 
766  691 
766  512 
767  236 
767  714 
767  580 
767  626 
768  579 
768  535 
768  626 
768  706 
769  129 
769  479 
769  618 
769  344 
770  265 
770  306 
770  646 
770  728 
771  19 
771  389 
771  708 
771  448 
772  201 
772  559 
772  586 
772  324 
773  366 
773  444 
773  760 
773  355 
774  421 
774  369 
774  618 
774  340 
775  711 
775  211 
775  355 
775  502 
776  109 
776  201 
776  346 
776  54 
777  598 
777  760 
777  228 
777  745 
778  510 
778  467 
778  676 
778  390 
779  46 
779  60 
779  778 
779  595 
780  467 
780  672 
780  762 
780  28 
781  771 
781  21 
781  581 
781  136 
782  267 
782  40 
782  704 
782  714 
783  719 
783  140 
783  579 
783  211 
784  36 
784  491 
784  612 
784  170 
785  524 
785  583 
785  771 
785  129 
786  463 
786  761 
786  528 
786  227 
787  454 
787  507 
787  780 
787  391 
788  54 
788  768 
788  589 
788  376 
789  699 
789  121 
789  567 
789  773 
790  584 
790  22 
790  277 
790  344 
791  193 
791  68 
791  557 
791  585 
792  434 
792  193 
792  784 
792  281 
793  238 
793  789 
793  219 
793  676 
794  422 
794  178 
794  612 
794  705 
795  342 
795  86 
795  344 
795  768 
796  444 
796  661 
796  765 
796  284 
797  443 
797  306 
797  793 
797  595 
798  712 
798  501 
798  718 
798  81 
799  454 
799  167 
799  132 
799  419 
800  210 
800  749 
800  785 
800  199 
801  16 
801  791 
801  476 
801  5 
802  280 
802  505 
802  181 
802  305 
803  422 
803  70 
803  772 
803  771 
804  626 
804  580 
804  440 
804  660 
805  773 
805  61 
805  711 
805  178 
806  776 
806  581 
806  792 
806  782 
807  791 
807  62 
807  800 
807  495 
808  16 
808  561 
808  400 
808  422 
809  769 
809  735 
809  205 
809  702 
810  346 
810  340 
810  285 
810  315 
811  747 
811  609 
811  165 
811  316 
812  202 
812  384 
812  441 
812  518 
813  316 
813  715 
813  18 
813  550 
814  589 
814  234 
814  676 
814  71 
815  195 
815  708 
815  451 
815  586 
816  747 
816  618 
816  38 
816  42 
817  222 
817  766 
817  9 
817  812 
818  575 
818  522 
818  441 
818  344 
819  589 
819  750 
819  464 
819  33 
820  578 
820  409 
820  83 
820  637 
821  122 
821  632 
821  459 
821  140 
822  725 
822  365 
822  783 
822  525 
823  572 
823  71 
823  217 
823  512 
824  260 
824  407 
824  441 
824  314 
825  537 
825  722 
825  709 
825  27 
826  779 
826  666 
826  413 
826  766 
827  632 
827  264 
827  383 
827  385 
828  42 
828  666 
828  221 
828  495 
829  817 
829  645 
829  133 
829  343 
830  59 
830  522 
830  813 
830  424 
831  830 
831  458 
831  351 
831  3 
832  88 
832  537 
832  126 
832  240 
833  686 
833  360 
833  796 
833  783 
834  663 
834  537 
834  714 
834  832 
835  172 
835  756 
835  423 
835  353 
836  743 
836  102 
836  201 
836  425 
837  458 
837  805 
837  355 
837  238 
838  218 
838  830 
838  590 
838  764 
839  815 
839  817 
839  150 
839  385 
840  67 
840  666 
840  620 
840  663 
841  496 
841  771 
841  222 
841  824 
842  567 
842  608 
842  819 
842  765 
843  502 
843  343 
843  284 
843  485 
844  836 
844  795 
844  45 
844  591 
845  800 
845  396 
845  272 
845  575 
846  27 
846  766 
846  434 
846  836 
847  804 
847  424 
847  811 
847  339 
848  846 
848  668 
848  839 
848  765 
849  843 
849  821 
849  364 
849  262 
850  183 
850  86 
850  811 
850  346 
851  455 
851  750 
851  497 
851  844 
852  744 
852  814 
852  666 
852  622 
853  71 
853  142 
853  199 
853  852 
854  551 
854  811 
854  582 
854  463 
855  584 
855  811 
855  686 
855  519 
856  839 
856  213 
856  836 
856  849 
857  608 
857  820 
857  750 
857  756 
858  763 
858  590 
858  811 
858  258 
859  696 
859  388 
859  135 
859  558 
860  350 
860  268 
860  706 
860  390 
861  837 
861  192 
861  322 
861  840 
862  174 
862  238 
862  572 
862  290 
863  588 
863  144 
863  372 
863  557 
864  854 
864  108 
864  477 
864  237 
865  452 
865  216 
865  88 
865  441 
866  740 
866  471 
866  714 
866  204 
867  294 
867  182 
867  625 
867  520 
868  223 
868  283 
868  432 
868  862 
869  515 
869  862 
869  615 
869  243 
870  866 
870  470 
870  362 
870  628 
871  116 
871  625 
871  756 
871  440 
872  859 
872  730 
872  869 
872  866 
873  164 
873  32 
873  323 
873  704 
874  440 
874  588 
874  614 
874  864 
875  140 
875  826 
875  153 
875  313 
876  275 
876  777 
876  798 
876  535 
877  866 
877  201 
877  518 
877  393 
878  314 
878  727 
878  859 
878  9 
879  19 
879  67 
879  461 
879  537 
880  258 
880  831 
880  871 
880  427 
881  674 
881  557 
881  448 
881  254 
882  691 
882  849 
882  866 
882  504 
883  859 
883  84 
883  275 
883  471 
884  455 
884  518 
884  512 
884  883 
885  859 
885  270 
885  290 
885  664 
886  753 
886  180 
886  335 
886  777 
887  172 
887  620 
887  181 
887  185 
888  33 
888  866 
888  409 
888  109 
889  880 
889  214 
889  128 
889  716 
890  876 
890  315 
890  382 
890  816 
891  866 
891  485 
891  133 
891  345 
892  383 
892  294 
892  35 
892  728 
893  530 
893  107 
893  212 
893  233 
894  402 
894  95 
894  188 
894  816 
895  757 
895  275 
895  761 
895  851 
896  223 
896  768 
896  835 
896  639 
897  613 
897  860 
897  870 
897  363 
898  812 
898  669 
898  422 
898  639 
899  205 
899  885 
899  22 
899  277 
900  235 
900  181 
900  896 
900  665 
901  670 
901  267 
901  493 
901  566 
902  867 
902  102 
902  585 
902  729 
903  681 
903  888 
903  478 
903  82 
904  621 
904  895 
904  388 
904  381 
905  792 
905  787 
905  766 
905  873 
906  257 
906  134 
906  545 
906  751 
907  248 
907  117 
907  746 
907  430 
908  305 
908  771 
908  168 
908  872 
909  528 
909  742 
909  503 
909  448 
910  536 
910  215 
910  310 
910  322 
911  180 
911  3 
911  212 
911  647 
912  522 
912  3 
912  76 
912  117 
913  256 
913  447 
913  850 
913  710 
914  458 
914  268 
914  913 
914  627 
915  152 
915  596 
915  115 
915  542 
916  445 
916  465 
916  646 
916  806 
917  626 
917  3 
917  95 
917  97 
918  94 
918  323 
918  259 
918  884 
919  194 
919  517 
919  443 
919  914 
920  786 
920  554 
920  518 
920  29 
921  712 
921  311 
921  605 
921  409 
922  890 
922  101 
922  744 
922  263 
923  282 
923  166 
923  302 
923  620 
924  828 
924  574 
924  350 
924  44 
925  232 
925  855 
925  526 
925  862 
926  747 
926  207 
926  909 
926  550 
927  851 
927  796 
927  409 
927  417 
928  34 
928  580 
928  411 
928  594 
929  760 
929  764 
929  744 
929  356 
930  109 
930  851 
930  747 
930  11 
931  94 
931  26 
931  913 
931  550 
932  317 
932  640 
932  491 
932  658 
933  478 
933  126 
933  140 
933  919 
934  855 
934  906 
934  256 
934  797 
935  42 
935  335 
935  873 
935  531 
936  909 
936  29 
936  836 
936  596 
937  306 
937  258 
937  129 
937  607 
938  154 
938  101 
938  156 
938  818 
939  594 
939  730 
939  465 
939  209 
940  536 
940  498 
940  98 
940  899 
941  609 
941  368 
941  302 
941  285 
942  154 
942  752 
942  157 
942  61 
943  914 
943  129 
943  94 
943  176 
944  611 
944  861 
944  578 
944  49 
945  178 
945  897 
945  917 
945  670 
946  697 
946  671 
946  538 
946  117 
947  517 
947  639 
947  915 
947  187 
948  269 
948  755 
948  764 
948  459 
949  306 
949  295 
949  865 
949  604 
950  154 
950  930 
950  787 
950  932 
951  550 
951  950 
951  772 
951  11 
952  869 
952  895 
952  212 
952  156 
953  603 
953  54 
953  600 
953  942 
954  146 
954  21 
954  354 
954  670 
955  918 
955  693 
955  590 
955  914 
956  737 
956  431 
956  937 
956  483 
957  523 
957  560 
957  652 
957  116 
958  121 
958  940 
958  387 
958  430 
959  853 
959  398 
959  750 
959  215 
960  248 
960  860 
960  40 
960  775 
961  893 
961  796 
961  125 
961  533 
962  330 
962  470 
962  532 
962  376 
963  492 
963  126 
963  879 
963  95 
964  131 
964  810 
964  584 
964  144 
965  198 
965  657 
965  424 
965  272 
966  316 
966  931 
966  133 
966  277 
967  479 
967  100 
967  716 
967  286 
968  86 
968  280 
968  675 
968  26 
969  574 
969  165 
969  498 
969  708 
970  835 
970  70 
970  800 
970  873 
971  494 
971  185 
971  772 
971  330 
972  63 
972  846 
972  199 
972  787 
973  961 
973  473 
973  76 
973  258 
974  543 
974  338 
974  523 
974  537 
975  871 
975  525 
975  331 
975  387 
976  540 
976  606 
976  9 
976  45 
977  445 
977  524 
977  316 
977  288 
978  557 
978  890 
978  421 
978  377 
979  241 
979  747 
979  604 
979  345 
980  33 
980  256 
980  594 
980  643 
981  154 
981  840 
981  507 
981  394 
982  561 
982  894 
982  849 
982  245 
983  875 
983  964 
983  744 
983  266 
984  859 
984  286 
984  59 
984  607 
985  245 
985  58 
985  487 
985  217 
986  425 
986  796 
986  348 
986  70 
987  117 
987  923 
987  971 
987  770 
988  944 
988  293 
988  787 
988  798 
989  466 
989  501 
989  741 
989  279 
990  298 
990  489 
990  921 
990  601 
991  256 
991  221 
991  434 
991  435 
992  953 
992  850 
992  316 
992  269 
993  154 
993  118 
993  710 
993  215 
994  968 
994  406 
994  427 
994  241 
995  924 
995  14 
995  947 
995  459 
996  479 
996  772 
996  968 
996  991 
997  534 
997  873 
997  965 
997  259 
998  266 
998  991 
998  647 
998  814 
999  997 
999  578 
999  985 
999  704 
1000  266 
1000  675 
1000  564 
1000  919 
1001  972 
1001  444 
1001  394 
1001  13 
1002  200 
1002  45 
1002  820 
1002  539 
1003  716 
1003  498 
1003  383 
1003  617 
1004  282 
1004  301 
1004  202 
1004  157 
1005  480 
1005  272 
1005  963 
1005  973 
1006  310 
1006  242 
1006  1005 
1006  111 
1007  638 
1007  997 
1007  499 
1007  48 
1008  915 
1008  619 
1008  1 
1008  217 
1009  793 
1009  825 
1009  1002 
1009  97 
1010  453 
1010  731 
1010  386 
1010  456 
1011  515 
1011  124 
1011  39 
1011  98 
1012  94 
1012  399 
1012  838 
1012  868 
1013  670 
1013  18 
1013  442 
1013  282 
1014  121 
1014  717 
1014  271 
1014  595 
1015  667 
1015  266 
1015  475 
1015  371 
1016  981 
1016  108 
1016  421 
1016  57 
1017  988 
1017  892 
1017  923 
1017  123 
1018  536 
1018  977 
1018  182 
1018  683 
1019  860 
1019  355 
1019  172 
1019  672 
1020  848 
1020  925 
1020  510 
1020  660 
1021  981 
1021  709 
1021  570 
1021  749 
1022  587 
1022  457 
1022  523 
1022  91 
1023  709 
1023  663 
1023  925 
1023  909 
1024  10 
1024  728 
1024  972 
1024  909 
1025  240 
1025  603 
1025  122 
1025  1021 
1026  849 
1026  922 
1026  994 
1026  157 
1027  671 
1027  555 
1027  160 
1027  467 
1028  373 
1028  965 
1028  81 
1028  775 
1029  984 
1029  933 
1029  266 
1029  875 
1030  709 
1030  300 
1030  467 
1030  1013 
1031  1020 
1031  78 
1031  102 
1031  160 
1032  864 
1032  330 
1032  20 
1032  787 
1033  338 
1033  1014 
1033  84 
1033  362 
1034  604 
1034  101 
1034  1025 
1034  641 
1035  1027 
1035  248 
1035  224 
1035  79 
1036  701 
1036  109 
1036  248 
1036  368 
1037  830 
1037  160 
1037  974 
1037  582 
1038  33 
1038  380 
1038  497 
1038  683 
1039  953 
1039  637 
1039  221 
1039  890 
1040  1039 
1040  1038 
1040  1032 
1040  264 
1041  365 
1041  355 
1041  1030 
1041  912 
1042  812 
1042  406 
1042  222 
1042  1003 
1043  813 
1043  933 
1043  224 
1043  1008 
1044  939 
1044  200 
1044  600 
1044  972 
1045  735 
1045  134 
1045  1027 
1045  323 
1046  62 
1046  507 
1046  436 
1046  1036 
1047  452 
1047  462 
1047  758 
1047  420 
1048  39 
1048  45 
1048  219 
1048  691 
1049  1042 
1049  925 
1049  975 
1049  1017 
1050  1048 
1050  689 
1050  695 
1050  416 
1051  1010 
1051  526 
1051  1038 
1051  242 
1052  708 
1052  650 
1052  147 
1052  826 
1053  1024 
1053  439 
1053  285 
1053  870 
1054  743 
1054  159 
1054  220 
1054  119 
1055  943 
1055  1049 
1055  692 
1055  850 
1056  14 
1056  248 
1056  701 
1056  679 
1057  767 
1057  1009 
1057  1055 
1057  1013 
1058  639 
1058  187 
1058  727 
1058  507 
1059  785 
1059  941 
1059  1000 
1059  590 
1060  110 
1060  431 
1060  958 
1060  968 
1061  419 
1061  619 
1061  823 
1061  223 
1062  979 
1062  49 
1062  209 
1062  206 
1063  690 
1063  759 
1063  426 
1063  582 
1064  943 
1064  290 
1064  231 
1064  492 
1065  369 
1065  859 
1065  279 
1065  702 
1066  156 
1066  130 
1066  788 
1066  690 
1067  416 
1067  818 
1067  836 
1067  832 
1068  43 
1068  899 
1068  887 
1068  852 
1069  480 
1069  148 
1069  940 
1069  732 
1070  259 
1070  881 
1070  294 
1070  960 
1071  923 
1071  840 
1071  172 
1071  290 
1072  291 
1072  1061 
1072  139 
1072  969 
1073  518 
1073  540 
1073  785 
1073  162 
1074  188 
1074  398 
1074  695 
1074  859 
1075  127 
1075  1074 
1075  486 
1075  560 
1076  511 
1076  986 
1076  56 
1076  663 
1077  139 
1077  318 
1077  425 
1077  388 
1078  63 
1078  136 
1078  95 
1078  139 
1079  663 
1079  128 
1079  1031 
1079  98 
1080  755 
1080  280 
1080  419 
1080  1069 
1081  31 
1081  216 
1081  954 
1081  681 
1082  939 
1082  1034 
1082  154 
1082  784 
1083  935 
1083  826 
1083  31 
1083  823 
1084  989 
1084  1076 
1084  681 
1084  935 
1085  756 
1085  189 
1085  703 
1085  277 
1086  533 
1086  538 
1086  845 
1086  206 
1087  865 
1087  254 
1087  293 
1087  1083 
1088  311 
1088  229 
1088  565 
1088  986 
1089  642 
1089  160 
1089  986 
1089  960 
1090  378 
1090  806 
1090  220 
1090  445 
1091  52 
1091  193 
1091  364 
1091  303 
1092  899 
1092  571 
1092  407 
1092  191 
1093  441 
1093  830 
1093  123 
1093  974 
1094  308 
1094  143 
1094  31 
1094  1081 
1095  395 
1095  45 
1095  743 
1095  428 
1096  587 
1096  180 
1096  434 
1096  979 
1097  222 
1097  999 
1097  896 
1097  733 
1098  9 
1098  108 
1098  669 
1098  701 
1099  862 
1099  858 
1099  68 
1099  640 
1100  510 
1100  790 
1100  532 
1100  890 
1101  783 
1101  999 
1101  862 
1101  714 
1102  201 
1102  779 
1102  46 
1102  1086 
1103  950 
1103  384 
1103  959 
1103  507 
1104  326 
1104  492 
1104  887 
1104  529 
1105  765 
1105  779 
1105  1061 
1105  42 
1106  388 
1106  561 
1106  1100 
1106  346 
1107  508 
1107  538 
1107  191 
1107  974 
1108  731 
1108  1054 
1108  723 
1108  859 
 

