1  2 
1  3 
1  4 
1  5 
1  6 
1  7 
1  8 
1  9 
1  10 
2  3 
2  4 
2  5 
2  6 
2  7 
2  8 
2  9 
2  10 
3  4 
3  5 
3  6 
3  7 
3  8 
3  9 
3  10 
4  5 
4  6 
4  7 
4  8 
4  9 
4  10 
5  6 
5  7 
5  8 
5  9 
5  10 
6  7 
6  8 
6  9 
6  10 
7  8 
7  9 
7  10 
8  9 
8  10 
9  10 
11  6 
11  4 
11  1 
11  10 
12  5 
12  7 
12  6 
12  10 
13  5 
13  1 
13  10 
13  7 
14  9 
14  12 
14  2 
14  10 
15  7 
15  3 
15  4 
15  2 
16  2 
16  6 
16  3 
16  1 
17  5 
17  1 
17  10 
17  13 
18  1 
18  2 
18  6 
18  9 
19  2 
19  3 
19  6 
19  18 
20  7 
20  15 
20  3 
20  14 
21  5 
21  11 
21  2 
21  6 
22  9 
22  4 
22  5 
22  1 
23  15 
23  4 
23  1 
23  8 
24  4 
24  1 
24  3 
24  6 
25  4 
25  17 
25  5 
25  1 
26  9 
26  6 
26  7 
26  2 
27  2 
27  5 
27  26 
27  11 
28  27 
28  9 
28  10 
28  19 
29  3 
29  13 
29  20 
29  4 
30  28 
30  4 
30  23 
30  5 
31  9 
31  22 
31  8 
31  5 
32  18 
32  25 
32  27 
32  20 
33  9 
33  4 
33  2 
33  18 
34  5 
34  1 
34  9 
34  17 
35  34 
35  19 
35  1 
35  10 
36  1 
36  10 
36  9 
36  27 
37  6 
37  25 
37  27 
37  10 
38  18 
38  13 
38  31 
38  9 
39  18 
39  17 
39  6 
39  10 
40  9 
40  1 
40  2 
40  6 
41  9 
41  2 
41  25 
41  37 
42  22 
42  4 
42  20 
42  25 
43  10 
43  42 
43  5 
43  25 
44  25 
44  1 
44  3 
44  9 
45  17 
45  3 
45  6 
45  25 
46  9 
46  5 
46  27 
46  3 
47  18 
47  45 
47  9 
47  32 
48  32 
48  10 
48  6 
48  4 
49  10 
49  6 
49  19 
49  46 
50  9 
50  28 
50  6 
50  4 
51  45 
51  5 
51  18 
51  50 
52  9 
52  22 
52  15 
52  14 
53  45 
53  9 
53  27 
53  5 
54  4 
54  23 
54  46 
54  27 
55  9 
55  4 
55  10 
55  40 
56  46 
56  11 
56  9 
56  5 
57  3 
57  13 
57  46 
57  33 
58  32 
58  52 
58  15 
58  26 
59  6 
59  1 
59  9 
59  33 
60  1 
60  11 
60  58 
60  38 
61  10 
61  6 
61  59 
61  3 
62  35 
62  11 
62  3 
62  6 
63  2 
63  32 
63  6 
63  15 
64  18 
64  27 
64  24 
64  7 
65  60 
65  51 
65  15 
65  6 
66  9 
66  59 
66  25 
66  48 
67  5 
67  57 
67  18 
67  32 
68  15 
68  10 
68  25 
68  20 
69  41 
69  10 
69  60 
69  6 
70  17 
70  10 
70  52 
70  30 
71  47 
71  6 
71  11 
71  40 
72  21 
72  6 
72  36 
72  16 
73  30 
73  6 
73  63 
73  66 
74  36 
74  9 
74  23 
74  18 
75  28 
75  10 
75  20 
75  7 
76  1 
76  26 
76  38 
76  31 
77  1 
77  7 
77  63 
77  6 
78  21 
78  6 
78  3 
78  48 
79  47 
79  2 
79  5 
79  7 
80  24 
80  5 
80  32 
80  52 
81  80 
81  42 
81  2 
81  7 
82  50 
82  34 
82  75 
82  54 
83  40 
83  3 
83  20 
83  41 
84  41 
84  9 
84  52 
84  19 
85  5 
85  34 
85  6 
85  59 
86  6 
86  3 
86  1 
86  26 
87  3 
87  2 
87  25 
87  4 
88  7 
88  9 
88  18 
88  57 
89  7 
89  71 
89  58 
89  24 
90  6 
90  48 
90  47 
90  21 
91  7 
91  9 
91  87 
91  8 
92  90 
92  9 
92  27 
92  61 
93  52 
93  10 
93  51 
93  7 
94  61 
94  3 
94  33 
94  53 
95  70 
95  45 
95  34 
95  7 
96  33 
96  2 
96  7 
96  46 
97  85 
97  56 
97  6 
97  63 
98  40 
98  84 
98  17 
98  4 
99  1 
99  96 
99  6 
99  2 
100  33 
100  9 
100  4 
100  54 
101  84 
101  41 
101  1 
101  82 
102  32 
102  6 
102  67 
102  1 
103  85 
103  81 
103  34 
103  18 
104  4 
104  75 
104  54 
104  96 
105  94 
105  60 
105  17 
105  15 
106  103 
106  90 
106  92 
106  2 
107  77 
107  1 
107  84 
107  25 
108  10 
108  30 
108  27 
108  20 
109  85 
109  11 
109  58 
109  26 
110  19 
110  13 
110  6 
110  10 
111  34 
111  18 
111  26 
111  16 
112  97 
112  45 
112  6 
112  2 
113  44 
113  7 
113  67 
113  5 
114  74 
114  58 
114  4 
114  6 
115  14 
115  25 
115  88 
115  1 
116  70 
116  107 
116  48 
116  96 
117  67 
117  6 
117  81 
117  60 
118  9 
118  29 
118  59 
118  52 
119  9 
119  22 
119  96 
119  72 
120  70 
120  75 
120  56 
120  32 
121  6 
121  106 
121  43 
121  48 
122  5 
122  102 
122  107 
122  9 
123  108 
123  40 
123  104 
123  71 
124  19 
124  26 
124  7 
124  47 
125  124 
125  117 
125  10 
125  81 
126  34 
126  4 
126  117 
126  111 
127  45 
127  79 
127  10 
127  18 
128  26 
128  2 
128  87 
128  7 
129  98 
129  9 
129  128 
129  59 
130  22 
130  52 
130  8 
130  69 
131  90 
131  80 
131  93 
131  21 
132  6 
132  117 
132  18 
132  82 
133  44 
133  93 
133  2 
133  75 
134  71 
134  66 
134  5 
134  70 
135  112 
135  16 
135  71 
135  127 
136  5 
136  133 
136  32 
136  113 
137  41 
137  9 
137  26 
137  32 
138  59 
138  3 
138  77 
138  117 
139  23 
139  128 
139  30 
139  47 
140  10 
140  95 
140  3 
140  13 
141  117 
141  92 
141  75 
141  9 
142  5 
142  87 
142  104 
142  1 
143  2 
143  25 
143  51 
143  9 
144  125 
144  22 
144  73 
144  23 
145  68 
145  45 
145  79 
145  132 
146  77 
146  30 
146  93 
146  7 
147  93 
147  73 
147  67 
147  3 
148  10 
148  110 
148  34 
148  97 
149  66 
149  137 
149  18 
149  23 
150  73 
150  134 
150  85 
150  41 
151  32 
151  109 
151  105 
151  67 
152  6 
152  23 
152  127 
152  132 
153  15 
153  51 
153  6 
153  2 
154  6 
154  149 
154  62 
154  4 
155  15 
155  65 
155  72 
155  6 
156  3 
156  75 
156  125 
156  6 
157  20 
157  109 
157  72 
157  118 
158  94 
158  107 
158  35 
158  16 
159  86 
159  20 
159  90 
159  11 
160  5 
160  117 
160  21 
160  20 
161  122 
161  10 
161  6 
161  15 
162  134 
162  2 
162  32 
162  72 
163  41 
163  42 
163  82 
163  4 
164  10 
164  40 
164  4 
164  55 
165  133 
165  20 
165  2 
165  65 
166  47 
166  8 
166  7 
166  69 
167  20 
167  70 
167  71 
167  166 
168  86 
168  25 
168  78 
168  90 
169  8 
169  157 
169  27 
169  7 
170  42 
170  107 
170  70 
170  49 
171  94 
171  4 
171  65 
171  10 
172  48 
172  89 
172  91 
172  7 
173  155 
173  15 
173  111 
173  151 
174  71 
174  10 
174  34 
174  53 
175  47 
175  4 
175  73 
175  5 
176  134 
176  19 
176  13 
176  7 
177  52 
177  12 
177  3 
177  65 
178  147 
178  59 
178  114 
178  4 
179  116 
179  18 
179  24 
179  117 
180  133 
180  9 
180  16 
180  179 
181  1 
181  96 
181  6 
181  179 
182  4 
182  46 
182  47 
182  77 
183  6 
183  40 
183  116 
183  24 
184  28 
184  25 
184  57 
184  73 
185  13 
185  10 
185  137 
185  132 
186  63 
186  70 
186  117 
186  11 
187  63 
187  159 
187  1 
187  186 
188  41 
188  9 
188  107 
188  82 
189  6 
189  109 
189  182 
189  9 
190  41 
190  26 
190  56 
190  180 
191  157 
191  2 
191  24 
191  71 
192  10 
192  58 
192  166 
192  46 
193  21 
193  74 
193  10 
193  24 
194  45 
194  105 
194  6 
194  13 
195  73 
195  68 
195  6 
195  52 
196  6 
196  25 
196  29 
196  1 
197  104 
197  87 
197  100 
197  10 
198  155 
198  95 
198  7 
198  179 
199  1 
199  7 
199  141 
199  70 
200  123 
200  96 
200  28 
200  9 
1  201 
1  202 
1  203 
2  203 
2  204 
3  205 
3  206 
3  203 
3  204 
4  207 
4  204 
5  205 
5  206 
5  201 
5  207 
5  202 
5  208 
5  203 
6  206 
6  203 
6  204 
7  205 
7  201 
7  202 
7  204 
8  205 
8  201 
8  208 
8  204 
9  206 
9  201 
9  202 
9  208 
9  203 
10  205 
10  202 
10  208 
10  204 
11  201 
11  207 
11  204 
12  206 
12  207 
12  202 
12  204 
13  205 
13  206 
13  207 
13  204 
14  205 
14  206 
14  207 
14  202 
14  208 
14  203 
15  206 
15  201 
15  202 
15  203 
15  204 
16  206 
16  201 
17  201 
17  207 
17  208 
17  203 
18  201 
18  202 
18  208 
18  204 
19  205 
19  207 
19  202 
19  208 
19  203 
19  204 
20  205 
20  201 
20  203 
21  206 
21  201 
21  202 
21  204 
22  205 
22  206 
22  201 
22  207 
22  202 
22  203 
23  201 
23  202 
23  208 
23  203 
23  204 
24  207 
24  208 
24  203 
24  204 
25  205 
25  202 
25  208 
26  201 
26  207 
26  202 
26  208 
27  201 
27  207 
27  202 
27  208 
27  203 
27  204 
28  205 
28  206 
28  203 
29  201 
29  207 
29  208 
30  205 
30  207 
30  208 
30  204 
31  206 
31  201 
31  204 
32  205 
32  207 
32  204 
33  205 
33  206 
33  201 
33  203 
34  206 
34  201 
34  208 
34  203 
34  204 
35  205 
35  206 
35  207 
35  202 
35  208 
35  203 
35  204 
36  207 
37  205 
37  206 
37  201 
37  207 
37  204 
38  206 
38  201 
38  207 
38  202 
39  205 
39  206 
39  201 
39  203 
39  204 
40  206 
40  201 
40  207 
40  208 
40  203 
41  205 
41  201 
41  202 
41  203 
41  204 
42  205 
42  207 
42  202 
42  208 
42  203 
43  201 
43  202 
43  203 
43  204 
44  205 
44  207 
44  208 
44  203 
44  204 
45  201 
45  202 
45  208 
45  203 
46  201 
46  208 
47  206 
47  202 
47  208 
48  206 
48  207 
48  202 
48  208 
48  203 
48  204 
49  205 
49  201 
49  207 
49  202 
50  205 
50  201 
50  207 
50  208 
50  203 
50  204 
205  206 
206  201 
201  207 
207  202 
202  208 
208  203 
203  204 
205  201 
205  208 
205  203 
206  208 
206  203 
201  208 
207  206 
203  207 
204  201 
204  202 
204  208 
51  202 
51  204 
52  205 
52  201 
52  202 
52  208 
52  203 
209  56 
209  90 
209  65 
209  4 
210  203 
210  202 
210  124 
210  53 
211  19 
211  140 
211  54 
211  137 
212  104 
212  169 
212  52 
212  106 
213  140 
213  193 
213  49 
213  87 
214  209 
214  133 
214  22 
214  127 
215  110 
215  61 
215  205 
215  19 
216  152 
216  102 
216  186 
216  16 
217  69 
217  28 
217  56 
217  61 
218  83 
218  87 
218  210 
218  72 
219  77 
219  217 
219  35 
219  36 
220  171 
220  186 
220  30 
220  193 
221  87 
221  162 
221  171 
221  83 
222  209 
222  22 
222  193 
222  1 
223  167 
223  89 
223  16 
223  149 
224  32 
224  127 
224  151 
224  211 
225  1 
225  65 
225  156 
225  47 
226  69 
226  65 
226  61 
226  8 
227  72 
227  164 
227  218 
227  89 
228  16 
228  216 
228  221 
228  214 
53  201 
53  207 
53  202 
53  208 
53  204 
54  206 
54  207 
54  203 
54  204 
55  202 
55  208 
56  201 
56  207 
56  208 
56  203 
56  204 
229  121 
229  179 
229  184 
229  54 
230  51 
230  177 
230  184 
230  34 
231  80 
231  46 
231  129 
231  43 
232  103 
232  231 
232  100 
232  178 
233  80 
233  31 
233  139 
233  120 
234  154 
234  32 
234  196 
234  70 
235  105 
235  193 
235  32 
235  114 
236  27 
236  140 
236  80 
236  145 
237  31 
237  176 
237  43 
237  192 
238  229 
238  150 
238  141 
238  223 
239  133 
239  169 
239  230 
239  119 
240  151 
240  149 
240  48 
240  200 
241  119 
241  43 
241  240 
241  152 
242  60 
242  127 
242  147 
242  234 
243  200 
243  92 
243  52 
243  231 
244  82 
244  232 
244  138 
244  173 
245  176 
245  48 
245  52 
245  121 
246  125 
246  230 
246  60 
246  192 
247  27 
247  60 
247  43 
247  229 
248  65 
248  146 
248  205 
248  154 
57  206 
57  207 
57  208 
57  203 
57  204 
58  201 
58  203 
59  205 
59  201 
59  207 
59  202 
59  208 
249  225 
249  36 
249  209 
249  208 
250  178 
250  88 
250  77 
250  180 
251  236 
251  145 
251  19 
251  215 
252  62 
252  2 
252  78 
252  104 
253  183 
253  131 
253  54 
253  113 
254  180 
254  11 
254  154 
254  202 
255  60 
255  160 
255  254 
255  18 
256  250 
256  41 
256  114 
256  120 
257  251 
257  122 
257  32 
257  43 
258  170 
258  127 
258  114 
258  95 
259  189 
259  73 
259  251 
259  78 
260  51 
260  183 
260  71 
260  254 
261  99 
261  108 
261  185 
261  141 
262  217 
262  30 
262  121 
262  252 
263  250 
263  203 
263  259 
263  11 
264  85 
264  41 
264  131 
264  4 
265  218 
265  147 
265  241 
265  226 
266  43 
266  153 
266  128 
266  183 
267  112 
267  260 
267  105 
267  78 
268  251 
268  113 
268  77 
268  57 
60  201 
60  207 
60  202 
60  203 
60  204 
61  205 
61  202 
61  203 
61  204 
62  206 
62  207 
62  202 
62  208 
63  207 
63  208 
63  204 
64  205 
64  208 
3  269 
4  269 
6  269 
11  269 
12  269 
13  269 
14  269 
15  269 
18  269 
19  269 
20  269 
21  269 
26  269 
28  269 
29  269 
31  269 
38  269 
42  269 
44  269 
46  269 
48  269 
55  269 
57  269 
58  269 
59  269 
60  269 
61  269 
62  269 
64  269 
205  207 
205  202 
205  204 
201  202 
201  203 
207  208 
207  204 
203  202 
269  205 
269  202 
269  208 
269  203 
270  42 
270  231 
270  148 
270  69 
271  53 
271  252 
271  146 
271  80 
272  181 
272  81 
272  236 
272  3 
273  136 
273  62 
273  236 
273  271 
274  272 
274  102 
274  191 
274  46 
275  39 
275  144 
275  49 
275  116 
276  272 
276  47 
276  150 
276  268 
277  268 
277  8 
277  132 
277  22 
278  126 
278  243 
278  188 
278  174 
279  150 
279  185 
279  162 
279  46 
280  9 
280  113 
280  62 
280  208 
281  88 
281  30 
281  81 
281  143 
282  123 
282  116 
282  266 
282  141 
283  33 
283  151 
283  222 
283  275 
284  64 
284  281 
284  274 
284  171 
285  34 
285  17 
285  237 
285  271 
286  3 
286  37 
286  275 
286  165 
287  53 
287  279 
287  67 
287  13 
288  67 
288  223 
288  120 
288  207 
289  88 
289  270 
289  260 
289  136 
65  205 
65  208 
65  203 
66  207 
66  208 
66  204 
66  269 
67  205 
290  145 
290  163 
290  288 
290  224 
291  30 
291  37 
291  162 
291  260 
292  83 
292  82 
292  147 
292  198 
293  290 
293  83 
293  283 
293  263 
294  160 
294  205 
294  208 
294  292 
295  219 
295  81 
295  137 
295  183 
296  198 
296  283 
296  115 
296  13 
297  214 
297  140 
297  296 
297  163 
298  292 
298  13 
298  168 
298  290 
299  187 
299  289 
299  220 
299  197 
300  258 
300  241 
300  79 
300  251 
301  139 
301  221 
301  224 
301  46 
302  160 
302  81 
302  40 
302  13 
303  120 
303  77 
303  127 
303  178 
304  258 
304  205 
304  295 
304  84 
305  273 
305  14 
305  262 
305  171 
306  111 
306  219 
306  138 
306  292 
307  179 
307  171 
307  61 
307  250 
308  79 
308  41 
308  171 
308  175 
309  303 
309  71 
309  229 
309  196 
68  206 
68  201 
68  207 
68  208 
68  269 
69  206 
69  201 
69  207 
69  202 
69  203 
69  269 
70  205 
70  207 
70  202 
70  208 
70  204 
71  206 
71  208 
71  204 
71  269 
310  274 
310  304 
310  81 
310  285 
311  233 
311  96 
311  280 
311  158 
312  167 
312  179 
312  171 
312  23 
313  50 
313  112 
313  49 
313  28 
314  48 
314  36 
314  23 
314  210 
315  184 
315  27 
315  82 
315  286 
316  12 
316  48 
316  144 
316  259 
317  146 
317  109 
317  313 
317  283 
318  187 
318  49 
318  174 
318  41 
319  48 
319  107 
319  41 
319  122 
320  239 
320  7 
320  48 
320  311 
321  179 
321  265 
321  101 
321  135 
322  292 
322  39 
322  228 
322  25 
323  178 
323  125 
323  247 
323  193 
324  225 
324  139 
324  53 
324  48 
325  13 
325  50 
325  29 
325  167 
326  49 
326  295 
326  82 
326  93 
327  80 
327  267 
327  244 
327  324 
328  224 
328  103 
328  310 
328  298 
329  146 
329  157 
329  261 
329  247 
72  205 
72  206 
72  207 
72  208 
72  204 
73  208 
73  203 
73  269 
74  206 
74  207 
74  202 
74  203 
74  204 
74  269 
330  224 
330  253 
330  297 
330  52 
331  214 
331  133 
331  330 
331  209 
332  257 
332  62 
332  193 
332  117 
333  73 
333  11 
333  87 
333  182 
334  294 
334  184 
334  228 
334  281 
335  59 
335  231 
335  230 
335  58 
336  210 
336  129 
336  244 
336  27 
337  304 
337  275 
337  296 
337  165 
338  281 
338  236 
338  178 
338  60 
339  62 
339  116 
339  219 
339  15 
340  335 
340  272 
340  159 
340  17 
341  331 
341  87 
341  164 
341  310 
342  227 
342  44 
342  165 
342  331 
343  44 
343  293 
343  334 
343  196 
344  280 
344  118 
344  138 
344  299 
345  339 
345  70 
345  200 
345  223 
346  91 
346  265 
346  334 
346  125 
347  178 
347  106 
347  88 
347  340 
348  50 
348  78 
348  124 
348  346 
349  331 
349  267 
349  125 
349  249 
75  205 
75  201 
75  207 
76  205 
76  201 
76  207 
76  202 
76  203 
76  204 
77  206 
77  269 
350  300 
350  274 
350  109 
350  314 
351  227 
351  179 
351  250 
351  220 
352  257 
352  7 
352  102 
352  350 
353  57 
353  158 
353  103 
353  64 
354  249 
354  33 
354  44 
354  231 
355  124 
355  78 
355  296 
355  66 
356  202 
356  309 
356  354 
356  96 
357  78 
357  256 
357  86 
357  161 
358  83 
358  231 
358  293 
358  353 
359  244 
359  289 
359  31 
359  283 
360  54 
360  296 
360  227 
360  281 
361  336 
361  16 
361  67 
361  285 
362  139 
362  309 
362  266 
362  153 
363  184 
363  232 
363  298 
363  353 
364  222 
364  149 
364  174 
364  65 
365  146 
365  30 
365  53 
365  31 
366  145 
366  164 
366  35 
366  49 
367  43 
367  364 
367  327 
367  164 
368  360 
368  16 
368  92 
368  44 
369  91 
369  309 
369  234 
369  313 
78  202 
78  203 
78  204 
78  269 
79  205 
79  206 
79  208 
79  204 
79  269 
80  206 
80  201 
80  202 
80  208 
80  203 
80  204 
80  269 
81  206 
81  201 
81  202 
81  269 
370  289 
370  126 
370  66 
370  17 
371  201 
371  116 
371  89 
371  238 
372  307 
372  303 
372  87 
372  251 
373  128 
373  180 
373  70 
373  183 
374  51 
374  141 
374  155 
374  147 
375  335 
375  40 
375  370 
375  54 
376  43 
376  150 
376  6 
376  340 
377  156 
377  374 
377  151 
377  310 
378  268 
378  359 
378  82 
378  136 
379  211 
379  21 
379  12 
379  256 
380  370 
380  132 
380  102 
380  124 
381  122 
381  258 
381  342 
381  93 
382  280 
382  161 
382  299 
382  212 
383  133 
383  315 
383  201 
383  143 
384  173 
384  326 
384  295 
384  245 
385  373 
385  256 
385  25 
385  124 
386  385 
386  381 
386  177 
386  346 
387  365 
387  323 
387  13 
387  351 
388  272 
388  347 
388  346 
388  383 
389  373 
389  276 
389  370 
389  92 
82  206 
82  201 
82  207 
82  208 
82  204 
82  269 
83  206 
83  207 
83  202 
83  204 
84  205 
84  206 
84  201 
84  208 
84  203 
84  204 
85  206 
85  203 
85  269 
390  302 
390  297 
390  58 
390  381 
391  75 
391  383 
391  390 
391  143 
392  152 
392  329 
392  345 
392  184 
393  97 
393  76 
393  175 
393  207 
394  117 
394  218 
394  19 
394  49 
395  24 
395  371 
395  393 
395  76 
396  245 
396  158 
396  369 
396  117 
397  270 
397  230 
397  20 
397  32 
398  41 
398  285 
398  278 
398  310 
399  390 
399  274 
399  9 
399  59 
400  207 
400  152 
400  134 
400  184 
401  158 
401  188 
401  215 
401  246 
402  175 
402  209 
402  92 
402  393 
403  246 
403  74 
403  281 
403  364 
404  395 
404  391 
404  64 
404  182 
405  297 
405  117 
405  189 
405  113 
406  319 
406  127 
406  6 
406  399 
407  113 
407  94 
407  381 
407  121 
408  258 
408  208 
408  212 
408  398 
409  74 
409  131 
409  117 
409  180 
86  205 
86  201 
86  202 
86  203 
86  204 
86  269 
410  212 
410  163 
410  226 
410  234 
411  325 
411  261 
411  199 
411  53 
412  408 
412  86 
412  254 
412  81 
413  64 
413  105 
413  352 
413  342 
414  224 
414  260 
414  207 
414  176 
415  26 
415  16 
415  282 
415  410 
416  408 
416  107 
416  271 
416  256 
417  411 
417  416 
417  272 
417  405 
418  37 
418  111 
418  328 
418  361 
419  287 
419  277 
419  318 
419  224 
420  320 
420  339 
420  50 
420  415 
421  333 
421  182 
421  397 
421  304 
422  341 
422  247 
422  416 
422  307 
423  153 
423  131 
423  391 
423  414 
424  238 
424  207 
424  15 
424  209 
425  424 
425  42 
425  199 
425  271 
426  129 
426  258 
426  232 
426  90 
427  125 
427  317 
427  280 
427  358 
428  182 
428  219 
428  344 
428  412 
429  293 
429  370 
429  169 
429  416 
87  205 
87  207 
87  202 
87  204 
87  269 
88  206 
88  201 
88  208 
88  204 
89  206 
89  207 
89  203 
89  204 
89  269 
90  201 
90  207 
90  202 
90  203 
430  90 
430  102 
430  135 
430  327 
431  352 
431  104 
431  252 
431  138 
432  70 
432  430 
432  420 
432  34 
433  300 
433  316 
433  231 
433  136 
434  138 
434  43 
434  79 
434  8 
435  221 
435  9 
435  313 
435  270 
436  151 
436  433 
436  231 
436  327 
437  339 
437  158 
437  111 
437  313 
438  288 
438  233 
438  68 
438  138 
439  119 
439  432 
439  346 
439  136 
440  147 
440  238 
440  302 
440  3 
441  435 
441  437 
441  432 
441  320 
442  152 
442  431 
442  40 
442  236 
443  149 
443  151 
443  293 
443  333 
444  416 
444  254 
444  190 
444  441 
445  296 
445  177 
445  419 
445  97 
446  351 
446  152 
446  375 
446  253 
447  341 
447  102 
447  110 
447  444 
448  344 
448  412 
448  418 
448  162 
449  435 
449  432 
449  426 
449  446 
91  205 
91  206 
91  207 
91  202 
91  203 
91  269 
92  201 
92  207 
92  202 
92  208 
93  205 
93  207 
93  202 
93  203 
93  269 
94  205 
94  201 
94  207 
94  202 
94  208 
94  204 
94  269 
450  113 
450  100 
450  96 
450  289 
451  328 
451  387 
451  278 
451  235 
452  426 
452  33 
452  239 
452  226 
453  451 
453  419 
453  33 
453  153 
454  155 
454  114 
454  438 
454  90 
455  275 
455  216 
455  186 
455  214 
456  93 
456  8 
456  31 
456  56 
457  257 
457  256 
457  223 
457  87 
458  391 
458  126 
458  341 
458  223 
459  402 
459  350 
459  261 
459  146 
460  305 
460  283 
460  133 
460  41 
461  192 
461  203 
461  307 
461  27 
462  382 
462  246 
462  94 
462  316 
463  36 
463  91 
463  118 
463  103 
464  236 
464  230 
464  313 
464  410 
465  173 
465  37 
465  116 
465  172 
466  256 
466  402 
466  130 
466  306 
467  466 
467  24 
467  218 
467  182 
468  267 
468  461 
468  100 
468  450 
469  337 
469  348 
469  261 
469  211 
95  205 
95  207 
96  205 
96  206 
96  208 
96  203 
96  269 
470  158 
470  99 
470  218 
470  135 
471  117 
471  137 
471  258 
471  77 
472  447 
472  384 
472  13 
472  211 
473  32 
473  471 
473  468 
473  124 
474  137 
474  232 
474  35 
474  183 
475  419 
475  61 
475  136 
475  223 
476  359 
476  147 
476  57 
476  388 
477  182 
477  40 
477  476 
477  48 
478  441 
478  205 
478  230 
478  8 
479  236 
479  94 
479  366 
479  219 
480  429 
480  428 
480  392 
480  478 
481  382 
481  272 
481  478 
481  378 
482  428 
482  153 
482  193 
482  96 
483  148 
483  365 
483  417 
483  58 
484  358 
484  236 
484  192 
484  89 
485  425 
485  472 
485  18 
485  203 
486  473 
486  253 
486  438 
486  292 
487  409 
487  129 
487  34 
487  117 
488  281 
488  222 
488  75 
488  356 
489  340 
489  313 
489  473 
489  377 
97  202 
97  208 
97  204 
98  205 
98  206 
98  202 
98  208 
98  203 
98  204 
98  269 
490  157 
490  81 
490  444 
490  302 
491  56 
491  158 
491  77 
491  361 
492  393 
492  11 
492  413 
492  300 
493  160 
493  403 
493  150 
493  467 
494  32 
494  379 
494  342 
494  171 
495  234 
495  180 
495  481 
495  138 
496  213 
496  103 
496  39 
496  220 
497  478 
497  266 
497  166 
497  47 
498  443 
498  416 
498  66 
498  15 
499  408 
499  244 
499  129 
499  208 
500  392 
500  78 
500  326 
500  362 
501  456 
501  467 
501  125 
501  98 
502  181 
502  220 
502  400 
502  435 
503  501 
503  410 
503  230 
503  496 
504  241 
504  357 
504  32 
504  454 
505  370 
505  54 
505  492 
505  313 
506  77 
506  369 
506  66 
506  401 
507  185 
507  109 
507  166 
507  332 
508  152 
508  369 
508  230 
508  493 
509  187 
509  134 
509  350 
509  30 
99  205 
99  206 
99  201 
99  202 
99  208 
100  201 
100  202 
100  208 
100  269 
101  206 
101  201 
101  207 
510  73 
510  48 
510  238 
510  363 
511  218 
511  183 
511  296 
511  63 
512  192 
512  158 
512  194 
512  137 
513  43 
513  233 
513  211 
513  82 
514  467 
514  510 
514  58 
514  297 
515  357 
515  316 
515  205 
515  250 
516  24 
516  462 
516  259 
516  146 
517  263 
517  100 
517  317 
517  173 
518  457 
518  337 
518  307 
518  228 
519  272 
519  390 
519  50 
519  298 
520  170 
520  194 
520  497 
520  472 
521  170 
521  412 
521  134 
521  437 
522  394 
522  389 
522  516 
522  425 
523  310 
523  199 
523  485 
523  520 
524  351 
524  183 
524  200 
524  184 
525  53 
525  514 
525  439 
525  404 
526  299 
526  485 
526  159 
526  477 
527  139 
527  510 
527  291 
527  170 
528  236 
528  130 
528  503 
528  144 
529  91 
529  250 
529  82 
529  26 
 

