1  2 
1  3 
1  4 
1  5 
1  6 
1  7 
1  8 
1  9 
1  10 
2  3 
2  4 
2  5 
2  6 
2  7 
2  8 
2  9 
2  10 
3  4 
3  5 
3  6 
3  7 
3  8 
3  9 
3  10 
4  5 
4  6 
4  7 
4  8 
4  9 
4  10 
5  6 
5  7 
5  8 
5  9 
5  10 
6  7 
6  8 
6  9 
6  10 
7  8 
7  9 
7  10 
8  9 
8  10 
9  10 
11  10 
11  6 
11  1 
11  4 
12  1 
12  4 
12  5 
12  10 
13  5 
13  2 
13  10 
13  7 
14  6 
14  1 
14  9 
14  13 
15  10 
15  5 
15  1 
15  8 
16  13 
16  7 
16  3 
16  5 
17  10 
17  12 
17  6 
17  4 
18  8 
18  5 
18  1 
18  9 
19  18 
19  5 
19  3 
19  1 
20  6 
20  10 
20  5 
20  8 
21  17 
21  12 
21  4 
21  3 
22  7 
22  6 
22  3 
22  4 
23  15 
23  12 
23  10 
23  7 
24  8 
24  6 
24  1 
24  2 
25  15 
25  24 
25  12 
25  2 
26  1 
26  8 
26  10 
26  17 
27  17 
27  10 
27  6 
27  3 
28  1 
28  13 
28  7 
28  18 
29  10 
29  8 
29  5 
29  24 
30  4 
30  29 
30  7 
30  24 
31  5 
31  21 
31  19 
31  10 
32  13 
32  9 
32  1 
32  3 
33  10 
33  15 
33  14 
33  22 
34  4 
34  22 
34  12 
34  6 
35  6 
35  1 
35  26 
35  7 
36  17 
36  9 
36  10 
36  5 
37  24 
37  1 
37  15 
37  8 
38  11 
38  22 
38  2 
38  21 
39  32 
39  1 
39  2 
39  9 
40  13 
40  7 
40  19 
40  9 
41  22 
41  9 
41  1 
41  13 
42  19 
42  1 
42  18 
42  4 
43  30 
43  27 
43  33 
43  40 
44  1 
44  40 
44  15 
44  2 
45  13 
45  15 
45  22 
45  37 
46  4 
46  5 
46  3 
46  18 
47  9 
47  15 
47  32 
47  22 
48  6 
48  44 
48  10 
48  26 
49  5 
49  13 
49  32 
49  7 
50  3 
50  5 
50  30 
50  10 
51  49 
51  4 
51  46 
51  8 
52  36 
52  27 
52  9 
52  33 
53  10 
53  22 
53  17 
53  13 
54  13 
54  17 
54  44 
54  24 
55  15 
55  13 
55  10 
55  8 
56  31 
56  36 
56  9 
56  40 
57  39 
57  9 
57  53 
57  5 
58  57 
58  4 
58  17 
58  19 
59  9 
59  17 
59  28 
59  33 
60  4 
60  16 
60  57 
60  33 
61  33 
61  22 
61  6 
61  60 
62  13 
62  4 
62  7 
62  5 
63  10 
63  13 
63  12 
63  43 
64  10 
64  2 
64  11 
64  61 
65  24 
65  7 
65  36 
65  64 
66  56 
66  39 
66  5 
66  1 
67  10 
67  22 
67  61 
67  3 
68  63 
68  10 
68  8 
68  25 
69  7 
69  1 
69  10 
69  35 
70  21 
70  10 
70  5 
70  60 
71  1 
71  24 
71  13 
71  54 
72  56 
72  54 
72  10 
72  5 
73  19 
73  9 
73  70 
73  15 
74  41 
74  5 
74  71 
74  64 
75  12 
75  27 
75  18 
75  19 
76  50 
76  9 
76  8 
76  13 
77  15 
77  12 
77  4 
77  50 
78  7 
78  4 
78  2 
78  8 
79  9 
79  6 
79  57 
79  15 
80  8 
80  27 
80  1 
80  59 
81  74 
81  24 
81  1 
81  13 
82  56 
82  12 
82  43 
82  5 
83  8 
83  81 
83  24 
83  10 
84  27 
84  3 
84  64 
84  73 
85  1 
85  18 
85  35 
85  22 
86  27 
86  6 
86  5 
86  1 
87  70 
87  35 
87  86 
87  10 
88  4 
88  72 
88  19 
88  27 
89  28 
89  24 
89  6 
89  10 
90  5 
90  58 
90  57 
90  8 
91  84 
91  9 
91  17 
91  39 
92  80 
92  3 
92  24 
92  13 
93  23 
93  4 
93  12 
93  8 
94  1 
94  29 
94  57 
94  19 
95  6 
95  12 
95  4 
95  90 
96  53 
96  61 
96  16 
96  59 
97  4 
97  19 
97  9 
97  56 
98  20 
98  75 
98  9 
98  1 
99  30 
99  89 
99  2 
99  3 
100  13 
100  41 
100  64 
100  17 
101  32 
101  2 
101  7 
101  44 
102  67 
102  85 
102  12 
102  26 
103  75 
103  100 
103  73 
103  10 
104  51 
104  5 
104  12 
104  1 
105  87 
105  39 
105  6 
105  3 
106  7 
106  92 
106  40 
106  89 
107  3 
107  2 
107  5 
107  90 
108  1 
108  92 
108  33 
108  28 
109  63 
109  27 
109  2 
109  5 
110  105 
110  18 
110  95 
110  83 
111  3 
111  7 
111  1 
111  50 
112  54 
112  57 
112  3 
112  6 
113  29 
113  32 
113  77 
113  41 
114  60 
114  4 
114  51 
114  79 
115  59 
115  67 
115  50 
115  4 
116  101 
116  41 
116  82 
116  57 
117  106 
117  1 
117  25 
117  55 
118  3 
118  32 
118  4 
118  1 
119  1 
119  21 
119  41 
119  12 
120  30 
120  15 
120  39 
120  112 
121  5 
121  53 
121  6 
121  18 
122  40 
122  22 
122  10 
122  12 
123  107 
123  3 
123  106 
123  105 
124  37 
124  16 
124  3 
124  85 
125  10 
125  3 
125  9 
125  8 
126  4 
126  13 
126  12 
126  24 
127  3 
127  15 
127  39 
127  61 
128  6 
128  27 
128  57 
128  34 
129  102 
129  83 
129  57 
129  21 
130  9 
130  31 
130  10 
130  128 
131  43 
131  3 
131  125 
131  51 
132  114 
132  26 
132  25 
132  37 
133  105 
133  100 
133  87 
133  36 
134  67 
134  6 
134  30 
134  7 
135  63 
135  92 
135  90 
135  28 
136  28 
136  68 
136  10 
136  18 
137  24 
137  71 
137  52 
137  1 
138  33 
138  36 
138  1 
138  6 
139  42 
139  71 
139  6 
139  5 
140  64 
140  77 
140  4 
140  5 
141  8 
141  126 
141  10 
141  15 
142  4 
142  11 
142  116 
142  75 
143  60 
143  6 
143  4 
143  25 
144  117 
144  83 
144  24 
144  4 
145  106 
145  51 
145  5 
145  61 
146  14 
146  36 
146  136 
146  1 
147  32 
147  6 
147  135 
147  90 
148  10 
148  9 
148  130 
148  117 
149  8 
149  62 
149  4 
149  13 
150  79 
150  56 
150  7 
150  63 
151  65 
151  35 
151  112 
151  109 
152  7 
152  96 
152  36 
152  41 
153  10 
153  4 
153  6 
153  8 
154  152 
154  83 
154  6 
154  57 
155  108 
155  106 
155  74 
155  104 
156  101 
156  138 
156  1 
156  52 
157  9 
157  71 
157  105 
157  14 
158  136 
158  66 
158  30 
158  156 
159  4 
159  121 
159  33 
159  15 
160  111 
160  90 
160  24 
160  107 
161  135 
161  15 
161  112 
161  61 
162  104 
162  4 
162  5 
162  158 
163  90 
163  146 
163  51 
163  17 
164  30 
164  28 
164  117 
164  107 
165  36 
165  64 
165  21 
165  104 
166  61 
166  12 
166  139 
166  8 
167  105 
167  32 
167  113 
167  7 
168  148 
168  51 
168  2 
168  7 
169  4 
169  32 
169  89 
169  63 
170  33 
170  106 
170  97 
170  67 
171  85 
171  60 
171  10 
171  28 
172  78 
172  63 
172  15 
172  5 
173  60 
173  22 
173  13 
173  21 
174  149 
174  75 
174  24 
174  3 
175  75 
175  22 
175  36 
175  9 
176  15 
176  3 
176  36 
176  1 
177  128 
177  51 
177  57 
177  106 
178  71 
178  36 
178  47 
178  3 
179  4 
179  164 
179  86 
179  140 
180  137 
180  90 
180  54 
180  6 
181  30 
181  40 
181  14 
181  27 
182  167 
182  46 
182  14 
182  11 
183  134 
183  27 
183  66 
183  50 
184  6 
184  89 
184  72 
184  144 
185  3 
185  34 
185  10 
185  64 
186  1 
186  185 
186  25 
186  141 
187  104 
187  1 
187  62 
187  40 
188  66 
188  39 
188  42 
188  12 
189  148 
189  2 
189  182 
189  39 
190  18 
190  3 
190  6 
190  139 
191  149 
191  41 
191  3 
191  112 
192  3 
192  92 
192  33 
192  4 
193  51 
193  19 
193  6 
193  8 
194  61 
194  112 
194  161 
194  62 
195  112 
195  33 
195  46 
195  59 
196  50 
196  18 
196  158 
196  120 
197  62 
197  10 
197  24 
197  40 
198  87 
198  141 
198  44 
198  17 
199  6 
199  89 
199  176 
199  10 
200  105 
200  111 
200  5 
200  67 
1  201 
1  202 
1  203 
1  204 
2  205 
2  201 
2  206 
2  202 
2  203 
3  201 
3  206 
3  207 
3  203 
3  208 
4  201 
4  202 
4  207 
4  208 
4  204 
5  206 
5  203 
5  208 
6  201 
6  206 
6  207 
6  203 
6  208 
6  204 
7  206 
7  202 
7  203 
7  208 
8  205 
8  202 
8  203 
8  208 
8  204 
9  205 
9  206 
9  202 
9  208 
9  204 
10  205 
10  203 
10  204 
11  202 
11  203 
12  202 
12  204 
13  205 
13  206 
13  202 
13  207 
13  208 
14  205 
14  201 
14  206 
14  202 
14  203 
14  208 
14  204 
15  205 
15  206 
15  202 
15  207 
15  208 
15  204 
16  207 
16  203 
16  204 
17  205 
17  201 
17  202 
18  205 
18  202 
18  204 
19  206 
19  207 
19  203 
19  208 
20  206 
20  207 
20  204 
205  201 
201  206 
206  202 
202  207 
207  203 
203  208 
208  204 
205  206 
205  207 
205  203 
201  202 
201  203 
201  208 
206  208 
202  205 
202  203 
202  208 
207  206 
207  208 
203  206 
204  201 
204  207 
204  203 
21  205 
21  206 
21  202 
21  207 
21  203 
22  205 
22  201 
22  203 
22  208 
22  204 
1  209 
3  209 
4  209 
5  209 
7  209 
8  209 
9  209 
18  209 
20  209 
21  209 
22  209 
204  209 
205  208 
205  204 
204  202 
209  205 
209  208 
210  97 
210  153 
210  42 
210  34 
211  193 
211  86 
211  38 
211  152 
212  64 
212  207 
212  71 
212  74 
213  207 
213  197 
213  183 
213  59 
214  211 
214  113 
214  188 
214  130 
215  126 
215  59 
215  214 
215  140 
216  128 
216  100 
216  65 
216  169 
217  116 
217  90 
217  6 
217  143 
218  180 
218  82 
218  123 
218  21 
219  123 
219  214 
219  90 
219  211 
 

