1  2 
1  3 
1  4 
1  5 
1  6 
1  7 
1  8 
1  9 
1  10 
2  3 
2  4 
2  5 
2  6 
2  7 
2  8 
2  9 
2  10 
3  4 
3  5 
3  6 
3  7 
3  8 
3  9 
3  10 
4  5 
4  6 
4  7 
4  8 
4  9 
4  10 
5  6 
5  7 
5  8 
5  9 
5  10 
6  7 
6  8 
6  9 
6  10 
7  8 
7  9 
7  10 
8  9 
8  10 
9  10 
11  1 
11  5 
11  7 
11  3 
12  2 
12  4 
12  7 
12  3 
13  7 
13  3 
13  5 
13  6 
14  8 
14  7 
14  2 
14  4 
15  2 
15  10 
15  1 
15  11 
16  3 
16  2 
16  14 
16  10 
17  13 
17  2 
17  12 
17  10 
18  4 
18  2 
18  9 
18  3 
19  4 
19  3 
19  7 
19  9 
20  2 
20  13 
20  9 
20  4 
21  13 
21  8 
21  3 
21  18 
22  10 
22  9 
22  3 
22  19 
23  19 
23  4 
23  8 
23  5 
24  17 
24  8 
24  11 
24  2 
25  4 
25  19 
25  8 
25  13 
26  4 
26  7 
26  2 
26  16 
27  6 
27  2 
27  10 
27  23 
28  11 
28  9 
28  3 
28  4 
29  4 
29  19 
29  2 
29  7 
30  18 
30  2 
30  1 
30  10 
31  2 
31  27 
31  13 
31  4 
32  7 
32  15 
32  2 
32  27 
33  23 
33  1 
33  4 
33  14 
34  27 
34  23 
34  13 
34  4 
35  10 
35  19 
35  6 
35  2 
36  3 
36  23 
36  4 
36  2 
37  4 
37  23 
37  1 
37  5 
38  2 
38  27 
38  3 
38  16 
39  7 
39  20 
39  24 
39  15 
40  6 
40  17 
40  29 
40  9 
41  26 
41  2 
41  6 
41  5 
42  24 
42  35 
42  19 
42  1 
43  24 
43  4 
43  15 
43  39 
44  9 
44  5 
44  3 
44  4 
45  31 
45  7 
45  27 
45  8 
46  15 
46  7 
46  19 
46  30 
47  20 
47  8 
47  1 
47  12 
48  25 
48  5 
48  27 
48  29 
49  14 
49  26 
49  10 
49  3 
50  4 
50  41 
50  7 
50  49 
51  6 
51  4 
51  36 
51  9 
52  51 
52  28 
52  11 
52  12 
53  7 
53  26 
53  12 
53  36 
54  10 
54  14 
54  3 
54  52 
55  8 
55  6 
55  46 
55  9 
56  30 
56  6 
56  3 
56  41 
57  9 
57  19 
57  24 
57  4 
58  52 
58  13 
58  4 
58  5 
59  31 
59  30 
59  49 
59  4 
60  3 
60  28 
60  4 
60  2 
61  5 
61  39 
61  27 
61  41 
62  7 
62  21 
62  3 
62  14 
63  10 
63  20 
63  3 
63  17 
64  23 
64  11 
64  3 
64  9 
65  6 
65  26 
65  16 
65  5 
66  6 
66  4 
66  13 
66  1 
67  6 
67  4 
67  5 
67  27 
68  4 
68  15 
68  3 
68  9 
69  16 
69  2 
69  38 
69  27 
70  4 
70  13 
70  2 
70  57 
71  23 
71  27 
71  4 
71  5 
72  47 
72  24 
72  3 
72  42 
73  39 
73  38 
73  4 
73  12 
74  2 
74  42 
74  26 
74  11 
75  12 
75  3 
75  24 
75  19 
76  63 
76  23 
76  4 
76  36 
77  47 
77  35 
77  14 
77  6 
78  66 
78  24 
78  74 
78  32 
79  4 
79  1 
79  5 
79  7 
80  8 
80  12 
80  14 
80  47 
81  9 
81  4 
81  15 
81  27 
82  76 
82  10 
82  39 
82  18 
83  10 
83  24 
83  58 
83  8 
84  11 
84  73 
84  7 
84  3 
85  4 
85  5 
85  41 
85  24 
86  85 
86  19 
86  68 
86  27 
87  3 
87  13 
87  35 
87  11 
88  47 
88  4 
88  10 
88  70 
89  81 
89  2 
89  8 
89  86 
90  24 
90  3 
90  31 
90  84 
91  76 
91  39 
91  49 
91  78 
92  9 
92  60 
92  1 
92  27 
93  16 
93  75 
93  7 
93  4 
94  76 
94  44 
94  4 
94  7 
95  89 
95  4 
95  19 
95  30 
96  6 
96  9 
96  2 
96  86 
97  1 
97  13 
97  30 
97  8 
98  90 
98  61 
98  26 
98  24 
99  2 
99  36 
99  69 
99  46 
100  50 
100  4 
100  5 
100  6 
101  47 
101  13 
101  2 
101  26 
102  19 
102  9 
102  23 
102  8 
103  10 
103  31 
103  82 
103  28 
104  4 
104  1 
104  59 
104  14 
105  42 
105  28 
105  2 
105  1 
106  89 
106  3 
106  54 
106  41 
107  1 
107  86 
107  39 
107  34 
108  9 
108  61 
108  88 
108  54 
109  2 
109  84 
109  86 
109  1 
110  9 
110  27 
110  5 
110  4 
111  60 
111  6 
111  5 
111  18 
112  35 
112  4 
112  46 
112  41 
113  39 
113  3 
113  85 
113  4 
114  13 
114  42 
114  9 
114  18 
115  19 
115  89 
115  65 
115  75 
116  7 
116  11 
116  65 
116  80 
117  13 
117  28 
117  22 
117  67 
118  13 
118  10 
118  16 
118  88 
119  110 
119  27 
119  112 
119  16 
120  97 
120  92 
120  4 
120  66 
121  112 
121  53 
121  38 
121  21 
122  1 
122  22 
122  37 
122  49 
123  95 
123  6 
123  76 
123  14 
124  73 
124  15 
124  3 
124  2 
125  64 
125  7 
125  56 
125  49 
126  69 
126  24 
126  73 
126  1 
127  114 
127  126 
127  113 
127  2 
128  116 
128  37 
128  2 
128  68 
129  97 
129  21 
129  69 
129  27 
130  32 
130  27 
130  3 
130  103 
131  12 
131  20 
131  103 
131  5 
132  23 
132  95 
132  19 
132  12 
133  103 
133  105 
133  24 
133  130 
134  4 
134  9 
134  11 
134  101 
135  7 
135  22 
135  27 
135  10 
136  52 
136  71 
136  14 
136  20 
137  10 
137  116 
137  7 
137  6 
138  111 
138  48 
138  77 
138  49 
139  75 
139  10 
139  129 
139  114 
140  10 
140  4 
140  19 
140  16 
141  119 
141  5 
141  81 
141  73 
142  91 
142  24 
142  1 
142  6 
143  97 
143  3 
143  135 
143  77 
144  4 
144  73 
144  95 
144  5 
145  1 
145  25 
145  106 
145  39 
146  5 
146  4 
146  131 
146  91 
147  23 
147  56 
147  10 
147  2 
148  8 
148  84 
148  119 
148  2 
149  14 
149  39 
149  1 
149  103 
150  52 
150  110 
150  97 
150  34 
151  94 
151  123 
151  16 
151  77 
152  20 
152  4 
152  11 
152  76 
153  39 
153  46 
153  4 
153  105 
154  152 
154  2 
154  27 
154  9 
155  46 
155  93 
155  114 
155  111 
156  58 
156  4 
156  121 
156  27 
157  105 
157  10 
157  19 
157  28 
158  2 
158  19 
158  146 
158  7 
159  8 
159  36 
159  29 
159  148 
160  115 
160  82 
160  152 
160  30 
161  90 
161  6 
161  83 
161  113 
162  22 
162  1 
162  49 
162  95 
163  9 
163  28 
163  13 
163  121 
164  11 
164  20 
164  23 
164  44 
165  13 
165  7 
165  87 
165  159 
166  3 
166  62 
166  37 
166  47 
167  3 
167  105 
167  83 
167  67 
168  19 
168  2 
168  12 
168  149 
169  49 
169  126 
169  104 
169  20 
170  38 
170  162 
170  146 
170  75 
171  101 
171  94 
171  21 
171  82 
172  35 
172  2 
172  4 
172  19 
173  9 
173  113 
173  49 
173  79 
174  54 
174  102 
174  113 
174  168 
175  41 
175  3 
175  116 
175  40 
176  10 
176  117 
176  54 
176  83 
177  47 
177  4 
177  123 
177  142 
178  6 
178  13 
178  17 
178  5 
179  8 
179  111 
179  44 
179  54 
180  94 
180  85 
180  114 
180  11 
181  8 
181  47 
181  111 
181  129 
182  159 
182  4 
182  13 
182  125 
183  178 
183  1 
183  49 
183  42 
184  55 
184  173 
184  8 
184  125 
185  2 
185  35 
185  151 
185  98 
186  73 
186  7 
186  14 
186  4 
187  126 
187  67 
187  20 
187  159 
188  125 
188  83 
188  1 
188  40 
189  54 
189  3 
189  46 
189  89 
190  168 
190  27 
190  77 
190  152 
191  43 
191  2 
191  142 
191  59 
192  126 
192  37 
192  96 
192  43 
193  76 
193  116 
193  171 
193  34 
194  99 
194  52 
194  5 
194  73 
195  69 
195  13 
195  172 
195  75 
196  45 
196  9 
196  85 
196  105 
197  173 
197  14 
197  76 
197  132 
198  76 
198  13 
198  30 
198  4 
199  7 
199  1 
199  80 
199  165 
200  82 
200  5 
200  105 
200  139 
1  201 
1  202 
1  203 
2  204 
2  203 
2  205 
2  206 
3  207 
3  203 
3  208 
3  205 
3  206 
4  207 
4  202 
4  203 
4  208 
4  205 
5  201 
5  204 
5  202 
5  206 
6  201 
6  204 
6  208 
6  205 
6  206 
7  207 
7  201 
7  206 
8  204 
8  202 
8  203 
8  208 
9  207 
9  201 
9  204 
9  208 
10  207 
10  203 
10  208 
10  206 
11  204 
11  203 
11  208 
11  206 
12  202 
12  203 
12  208 
12  205 
12  206 
13  202 
13  208 
14  203 
14  205 
14  206 
15  201 
15  203 
15  205 
15  206 
16  207 
16  204 
16  203 
16  205 
17  201 
17  204 
17  206 
18  201 
18  202 
18  203 
18  206 
19  207 
19  204 
19  205 
20  204 
20  203 
20  206 
21  201 
21  204 
21  203 
21  206 
22  201 
22  202 
22  208 
22  205 
22  206 
23  204 
23  208 
23  205 
24  207 
24  204 
24  208 
25  207 
25  201 
25  203 
25  208 
25  205 
26  207 
26  204 
26  202 
26  203 
26  206 
27  207 
27  201 
27  202 
27  203 
28  207 
28  201 
28  204 
28  203 
28  205 
29  201 
29  202 
29  208 
29  205 
30  207 
30  201 
30  204 
31  207 
31  201 
31  204 
31  208 
31  205 
31  206 
32  207 
32  204 
32  205 
32  206 
33  201 
33  202 
33  205 
34  204 
34  202 
34  203 
34  205 
35  204 
35  203 
35  208 
35  205 
36  207 
36  204 
36  203 
36  205 
36  206 
37  207 
37  201 
37  203 
37  208 
37  206 
38  202 
39  207 
39  202 
39  205 
40  207 
40  201 
40  202 
40  203 
40  208 
41  207 
41  204 
41  202 
41  208 
42  207 
42  204 
42  202 
42  203 
42  205 
43  207 
43  201 
43  205 
44  207 
44  202 
44  203 
44  208 
44  206 
45  207 
45  202 
45  208 
45  206 
46  201 
46  204 
46  202 
46  203 
46  208 
46  205 
47  207 
47  204 
47  202 
47  203 
47  208 
48  207 
48  204 
48  203 
48  206 
49  207 
49  202 
49  206 
50  201 
50  204 
50  203 
50  208 
50  206 
207  201 
201  204 
204  202 
202  203 
203  208 
208  205 
205  206 
207  204 
207  202 
201  208 
202  208 
203  207 
203  201 
203  204 
203  205 
205  207 
205  204 
206  207 
206  202 
206  203 
206  208 
51  204 
51  202 
51  203 
51  206 
52  201 
52  208 
52  206 
53  201 
53  203 
53  208 
53  206 
209  80 
209  106 
209  198 
209  71 
210  31 
210  44 
210  36 
210  19 
211  166 
211  108 
211  41 
211  61 
212  118 
212  120 
212  205 
212  49 
213  211 
213  41 
213  45 
213  161 
214  61 
214  65 
214  200 
214  195 
215  141 
215  109 
215  35 
215  210 
216  209 
216  39 
216  175 
216  115 
217  186 
217  31 
217  67 
217  209 
218  61 
218  110 
218  112 
218  214 
219  210 
219  164 
219  177 
219  20 
220  139 
220  61 
220  214 
220  165 
221  31 
221  220 
221  131 
221  11 
222  120 
222  131 
222  211 
222  205 
223  79 
223  199 
223  105 
223  118 
224  126 
224  61 
224  83 
224  154 
225  217 
225  214 
225  3 
225  210 
226  201 
226  177 
226  214 
226  16 
227  76 
227  209 
227  22 
227  221 
228  88 
228  224 
228  59 
228  80 
 

