1  2 
1  3 
1  4 
1  5 
1  6 
1  7 
1  8 
1  9 
1  10 
2  3 
2  4 
2  5 
2  6 
2  7 
2  8 
2  9 
2  10 
3  4 
3  5 
3  6 
3  7 
3  8 
3  9 
3  10 
4  5 
4  6 
4  7 
4  8 
4  9 
4  10 
5  6 
5  7 
5  8 
5  9 
5  10 
6  7 
6  8 
6  9 
6  10 
7  8 
7  9 
7  10 
8  9 
8  10 
9  10 
11  2 
11  7 
11  6 
11  1 
12  4 
12  2 
12  8 
12  1 
13  12 
13  3 
13  4 
13  5 
14  2 
14  9 
14  1 
14  7 
15  4 
15  5 
15  14 
15  2 
16  10 
16  2 
16  5 
16  1 
17  12 
17  4 
17  9 
17  15 
18  5 
18  4 
18  8 
18  14 
19  4 
19  1 
19  13 
19  12 
20  11 
20  7 
20  9 
20  8 
21  20 
21  9 
21  18 
21  2 
22  21 
22  6 
22  4 
22  2 
23  7 
23  9 
23  1 
23  18 
24  16 
24  15 
24  5 
24  1 
25  5 
25  24 
25  2 
25  19 
26  19 
26  10 
26  25 
26  16 
27  14 
27  10 
27  16 
27  6 
28  1 
28  6 
28  13 
28  7 
29  20 
29  27 
29  7 
29  12 
30  12 
30  21 
30  18 
30  7 
31  9 
31  2 
31  28 
31  1 
32  6 
32  1 
32  10 
32  27 
33  1 
33  8 
33  30 
33  18 
34  11 
34  29 
34  14 
34  6 
35  11 
35  9 
35  20 
35  22 
36  20 
36  1 
36  9 
36  28 
37  12 
37  6 
37  7 
37  9 
38  16 
38  30 
38  9 
38  13 
39  30 
39  27 
39  17 
39  4 
40  16 
40  4 
40  1 
40  31 
41  28 
41  3 
41  1 
41  11 
42  41 
42  31 
42  40 
42  6 
43  34 
43  5 
43  28 
43  12 
44  6 
44  11 
44  9 
44  10 
45  3 
45  4 
45  6 
45  15 
46  24 
46  23 
46  15 
46  14 
47  10 
47  42 
47  35 
47  21 
48  41 
48  28 
48  8 
48  42 
49  24 
49  6 
49  4 
49  9 
50  21 
50  2 
50  5 
50  47 
51  36 
51  12 
51  26 
51  16 
52  6 
52  30 
52  2 
52  14 
53  5 
53  19 
53  18 
53  4 
54  5 
54  1 
54  9 
54  8 
55  11 
55  1 
55  22 
55  12 
56  20 
56  21 
56  28 
56  5 
57  6 
57  14 
57  2 
57  9 
58  56 
58  21 
58  29 
58  14 
59  53 
59  9 
59  4 
59  21 
60  4 
60  12 
60  2 
60  7 
61  2 
61  53 
61  47 
61  44 
62  12 
62  9 
62  16 
62  39 
63  10 
63  21 
63  23 
63  6 
64  11 
64  17 
64  2 
64  7 
65  29 
65  12 
65  1 
65  10 
66  10 
66  20 
66  39 
66  37 
67  1 
67  12 
67  52 
67  51 
68  16 
68  17 
68  8 
68  52 
69  66 
69  1 
69  8 
69  47 
70  4 
70  19 
70  17 
70  25 
71  1 
71  8 
71  25 
71  27 
72  21 
72  20 
72  12 
72  27 
73  1 
73  14 
73  69 
73  7 
74  60 
74  2 
74  29 
74  10 
75  35 
75  53 
75  19 
75  56 
76  14 
76  22 
76  6 
76  50 
77  49 
77  41 
77  69 
77  10 
78  70 
78  2 
78  3 
78  37 
79  5 
79  8 
79  39 
79  6 
80  79 
80  5 
80  20 
80  51 
81  61 
81  12 
81  34 
81  2 
82  12 
82  2 
82  7 
82  40 
83  30 
83  4 
83  5 
83  9 
84  9 
84  25 
84  7 
84  57 
85  30 
85  10 
85  4 
85  75 
86  67 
86  21 
86  9 
86  12 
87  72 
87  3 
87  5 
87  52 
88  38 
88  25 
88  29 
88  14 
89  4 
89  68 
89  6 
89  15 
90  62 
90  40 
90  9 
90  83 
91  10 
91  14 
91  60 
91  9 
92  6 
92  30 
92  72 
92  8 
93  40 
93  85 
93  16 
93  89 
94  25 
94  88 
94  27 
94  16 
95  45 
95  67 
95  40 
95  17 
96  10 
96  30 
96  25 
96  69 
97  95 
97  5 
97  52 
97  11 
98  66 
98  2 
98  93 
98  1 
99  1 
99  6 
99  51 
99  79 
100  17 
100  20 
100  5 
100  9 
101  17 
101  14 
101  23 
101  25 
102  18 
102  20 
102  50 
102  9 
103  66 
103  7 
103  30 
103  54 
104  14 
104  4 
104  70 
104  1 
105  8 
105  74 
105  61 
105  63 
106  64 
106  39 
106  81 
106  88 
107  91 
107  1 
107  75 
107  86 
108  45 
108  2 
108  47 
108  39 
109  9 
109  20 
109  55 
109  7 
110  64 
110  10 
110  11 
110  104 
111  73 
111  49 
111  15 
111  3 
112  27 
112  37 
112  9 
112  49 
113  4 
113  47 
113  21 
113  3 
114  64 
114  77 
114  16 
114  48 
115  20 
115  39 
115  22 
115  10 
116  21 
116  27 
116  18 
116  3 
117  84 
117  32 
117  89 
117  43 
118  12 
118  14 
118  87 
118  61 
119  50 
119  11 
119  104 
119  65 
120  119 
120  5 
120  101 
120  1 
121  95 
121  33 
121  2 
121  73 
122  9 
122  2 
122  39 
122  12 
123  31 
123  8 
123  73 
123  35 
124  104 
124  10 
124  40 
124  122 
125  118 
125  6 
125  47 
125  58 
126  100 
126  20 
126  89 
126  107 
127  27 
127  14 
127  3 
127  57 
128  49 
128  35 
128  38 
128  46 
129  2 
129  27 
129  127 
129  5 
130  6 
130  49 
130  34 
130  74 
131  10 
131  16 
131  87 
131  90 
132  69 
132  17 
132  28 
132  9 
133  99 
133  74 
133  18 
133  10 
134  4 
134  28 
134  2 
134  3 
135  5 
135  111 
135  87 
135  35 
136  108 
136  72 
136  12 
136  36 
137  39 
137  7 
137  134 
137  69 
138  16 
138  78 
138  127 
138  24 
139  138 
139  8 
139  21 
139  57 
140  77 
140  8 
140  5 
140  55 
141  16 
141  19 
141  22 
141  1 
142  4 
142  53 
142  14 
142  110 
143  27 
143  112 
143  11 
143  103 
144  27 
144  1 
144  68 
144  64 
145  70 
145  127 
145  143 
145  23 
146  116 
146  52 
146  41 
146  87 
147  5 
147  3 
147  34 
147  12 
148  73 
148  95 
148  72 
148  5 
149  34 
149  10 
149  53 
149  91 
150  75 
150  4 
150  6 
150  114 
151  12 
151  8 
151  98 
151  71 
152  9 
152  149 
152  25 
152  45 
153  15 
153  32 
153  88 
153  8 
154  95 
154  19 
154  74 
154  153 
155  26 
155  28 
155  123 
155  12 
156  153 
156  21 
156  12 
156  18 
157  115 
157  69 
157  2 
157  99 
158  111 
158  45 
158  112 
158  14 
159  69 
159  138 
159  10 
159  115 
160  82 
160  29 
160  11 
160  22 
161  119 
161  14 
161  4 
161  2 
162  20 
162  136 
162  133 
162  131 
163  2 
163  14 
163  7 
163  27 
164  28 
164  12 
164  5 
164  73 
165  73 
165  120 
165  72 
165  38 
166  75 
166  62 
166  50 
166  160 
167  72 
167  35 
167  84 
167  94 
168  89 
168  9 
168  4 
168  85 
169  62 
169  87 
169  55 
169  41 
170  144 
170  88 
170  62 
170  41 
171  32 
171  64 
171  16 
171  160 
172  90 
172  162 
172  17 
172  9 
173  6 
173  111 
173  51 
173  9 
174  154 
174  95 
174  9 
174  2 
175  53 
175  4 
175  141 
175  78 
176  84 
176  61 
176  8 
176  15 
177  9 
177  160 
177  2 
177  10 
178  30 
178  135 
178  107 
178  139 
179  77 
179  110 
179  100 
179  128 
180  72 
180  4 
180  144 
180  5 
181  8 
181  1 
181  12 
181  6 
182  10 
182  181 
182  6 
182  39 
183  121 
183  126 
183  11 
183  27 
184  106 
184  115 
184  72 
184  4 
185  159 
185  110 
185  45 
185  90 
186  110 
186  6 
186  1 
186  9 
187  51 
187  152 
187  53 
187  41 
188  16 
188  4 
188  36 
188  52 
189  10 
189  167 
189  153 
189  50 
190  7 
190  27 
190  69 
190  41 
191  57 
191  87 
191  10 
191  160 
192  79 
192  2 
192  5 
192  154 
193  179 
193  6 
193  53 
193  188 
194  90 
194  84 
194  6 
194  64 
195  17 
195  75 
195  8 
195  66 
196  188 
196  47 
196  20 
196  180 
197  111 
197  145 
197  1 
197  69 
198  70 
198  12 
198  185 
198  73 
199  153 
199  4 
199  104 
199  5 
200  197 
200  71 
200  69 
200  167 
1  201 
1  202 
1  203 
2  204 
2  205 
3  204 
3  201 
3  205 
3  206 
4  204 
4  201 
4  206 
4  203 
5  207 
5  202 
5  206 
5  203 
6  205 
6  206 
7  204 
7  207 
7  206 
7  203 
7  208 
8  204 
8  202 
8  203 
9  204 
9  207 
10  201 
10  207 
10  206 
10  203 
11  201 
11  207 
11  206 
11  208 
12  201 
12  205 
12  206 
12  203 
13  207 
13  202 
13  203 
14  204 
14  201 
14  202 
15  204 
15  205 
15  207 
15  202 
15  206 
15  208 
16  204 
16  201 
16  202 
16  206 
17  204 
17  201 
17  205 
17  202 
17  208 
18  201 
18  205 
18  207 
18  202 
18  208 
19  207 
19  206 
19  208 
20  201 
20  207 
20  202 
20  208 
21  204 
21  207 
21  202 
21  206 
21  203 
21  208 
22  201 
22  205 
22  203 
22  208 
23  201 
23  205 
23  207 
23  202 
23  203 
23  208 
24  205 
24  203 
24  208 
25  206 
25  203 
26  204 
26  201 
26  205 
26  207 
26  202 
26  206 
26  203 
27  204 
27  205 
27  206 
27  203 
27  208 
28  205 
28  207 
28  202 
28  208 
29  201 
29  205 
29  202 
29  206 
29  203 
30  204 
30  201 
30  205 
30  207 
30  202 
30  206 
30  203 
30  208 
31  204 
31  205 
31  203 
32  205 
32  207 
32  202 
32  206 
32  208 
33  204 
33  201 
33  202 
33  203 
34  201 
34  205 
34  208 
35  201 
35  207 
35  208 
36  204 
36  202 
36  206 
36  203 
37  201 
37  205 
37  202 
37  206 
38  207 
38  206 
39  204 
39  206 
39  203 
39  208 
40  204 
40  201 
40  207 
40  206 
41  204 
41  207 
41  203 
42  204 
42  207 
42  202 
42  206 
43  204 
43  201 
43  207 
43  203 
43  208 
44  205 
44  206 
44  203 
45  204 
45  207 
45  206 
45  208 
46  204 
46  207 
46  202 
46  203 
46  208 
47  207 
48  201 
48  205 
48  207 
48  206 
48  203 
48  208 
49  204 
49  201 
49  205 
49  207 
49  202 
49  208 
50  201 
50  207 
50  206 
204  201 
201  205 
205  207 
207  202 
202  206 
206  203 
203  208 
204  205 
204  207 
204  202 
201  206 
205  202 
205  206 
205  203 
207  206 
202  201 
203  204 
203  202 
208  205 
208  207 
208  206 
209  173 
209  28 
209  93 
209  148 
210  138 
210  209 
210  157 
210  117 
211  2 
211  76 
211  30 
211  91 
212  176 
212  4 
212  198 
212  183 
213  168 
213  94 
213  198 
213  77 
214  79 
214  209 
214  96 
214  10 
215  46 
215  151 
215  167 
215  203 
216  181 
216  38 
216  94 
216  177 
217  157 
217  215 
217  179 
217  120 
218  150 
218  211 
218  216 
218  95 
219  210 
219  167 
219  36 
219  133 
220  137 
220  186 
220  219 
220  74 
221  4 
221  107 
221  105 
221  83 
222  44 
222  220 
222  221 
222  211 
223  115 
223  167 
223  133 
223  220 
224  171 
224  23 
224  9 
224  157 
225  212 
225  29 
225  210 
225  215 
226  201 
226  80 
226  217 
226  84 
227  157 
227  212 
227  181 
227  91 
228  134 
228  36 
228  84 
228  149 
229  220 
229  198 
229  211 
229  117 
230  214 
230  120 
230  17 
230  80 
231  222 
231  221 
231  120 
231  100 
232  184 
232  95 
232  93 
232  87 
233  209 
233  4 
233  231 
233  163 
234  157 
234  84 
234  119 
234  231 
235  220 
235  226 
235  89 
235  232 
236  48 
236  234 
236  210 
236  79 
237  103 
237  46 
237  87 
237  36 
238  56 
238  122 
238  162 
238  128 
239  225 
239  183 
239  49 
239  129 
240  151 
240  60 
240  149 
240  211 
241  54 
241  133 
241  211 
241  138 
242  87 
242  211 
242  23 
242  132 
243  231 
243  119 
243  207 
243  240 
244  241 
244  36 
244  204 
244  234 
245  61 
245  220 
245  120 
245  209 
246  231 
246  225 
246  118 
246  28 
247  211 
247  30 
247  123 
247  183 
248  63 
248  95 
248  164 
248  163 
249  82 
249  61 
249  16 
249  83 
250  243 
250  79 
250  196 
250  227 
251  25 
251  134 
251  220 
251  62 
252  61 
252  62 
252  76 
252  84 
253  30 
253  232 
253  219 
253  245 
254  239 
254  243 
254  113 
254  209 
255  228 
255  235 
255  3 
255  18 
256  247 
256  225 
256  65 
256  74 
257  88 
257  129 
257  156 
257  228 
258  225 
258  256 
258  63 
258  183 
259  86 
259  112 
259  186 
259  145 
260  259 
260  103 
260  161 
260  123 
261  91 
261  239 
261  260 
261  223 
262  58 
262  261 
262  163 
262  186 
263  131 
263  90 
263  198 
263  227 
264  4 
264  227 
264  17 
264  114 
265  215 
265  262 
265  117 
265  166 
266  260 
266  238 
266  131 
266  190 
267  91 
267  222 
267  227 
267  32 
268  70 
268  93 
268  109 
268  172 
269  125 
269  197 
269  139 
269  146 
270  207 
270  147 
270  146 
270  269 
271  108 
271  102 
271  231 
271  155 
272  117 
272  67 
272  218 
272  207 
273  19 
273  210 
273  220 
273  143 
274  225 
274  187 
274  214 
274  265 
275  161 
275  262 
275  227 
275  98 
276  143 
276  82 
276  4 
276  160 
277  84 
277  167 
277  171 
277  232 
278  268 
278  200 
278  234 
278  3 
279  143 
279  272 
279  271 
279  4 
280  206 
280  35 
280  54 
280  160 
281  186 
281  88 
281  278 
281  272 
282  43 
282  265 
282  259 
282  268 
283  271 
283  21 
283  278 
283  143 
284  274 
284  82 
284  179 
284  78 
285  281 
285  53 
285  280 
285  169 
286  281 
286  196 
286  32 
286  205 
287  21 
287  72 
287  17 
287  32 
288  261 
288  1 
288  219 
288  238 
289  174 
289  31 
289  158 
289  282 
290  276 
290  187 
290  260 
290  197 
291  219 
291  18 
291  220 
291  261 
292  28 
292  8 
292  268 
292  53 
293  147 
293  277 
293  116 
293  76 
294  143 
294  282 
294  237 
294  180 
295  220 
295  286 
295  96 
295  290 
296  197 
296  87 
296  200 
296  43 
297  104 
297  280 
297  41 
297  146 
298  21 
298  297 
298  28 
298  251 
299  77 
299  289 
299  268 
299  237 
300  130 
300  293 
300  289 
300  28 
301  227 
301  116 
301  300 
301  21 
302  261 
302  300 
302  296 
302  219 
303  167 
303  276 
303  202 
303  281 
304  260 
304  26 
304  123 
304  98 
305  197 
305  110 
305  300 
305  206 
306  31 
306  160 
306  116 
306  225 
307  68 
307  111 
307  279 
307  262 
308  68 
308  93 
308  199 
308  215 
309  221 
309  174 
309  151 
309  207 
310  158 
310  92 
310  288 
310  89 
311  297 
311  154 
311  176 
311  29 
312  90 
312  127 
312  136 
312  289 
313  129 
313  310 
313  171 
313  269 
314  61 
314  283 
314  113 
314  246 
315  53 
315  313 
315  73 
315  172 
316  244 
316  312 
316  31 
316  88 
317  27 
317  288 
317  112 
317  182 
318  1 
318  106 
318  22 
318  228 
319  175 
319  119 
319  311 
319  248 
320  230 
320  87 
320  283 
320  121 
321  244 
321  232 
321  70 
321  54 
322  310 
322  287 
322  77 
322  139 
323  123 
323  49 
323  128 
323  180 
324  176 
324  89 
324  309 
324  300 
325  322 
325  80 
325  302 
325  316 
326  18 
326  149 
326  145 
326  36 
327  250 
327  163 
327  300 
327  211 
328  269 
328  296 
328  319 
328  318 
329  254 
329  315 
329  285 
329  144 
330  275 
330  274 
330  253 
330  143 
331  228 
331  267 
331  87 
331  127 
332  281 
332  311 
332  217 
332  208 
333  203 
333  112 
333  6 
333  317 
334  328 
334  125 
334  299 
334  298 
335  309 
335  143 
335  328 
335  18 
336  1 
336  80 
336  313 
336  154 
337  139 
337  31 
337  239 
337  66 
338  320 
338  318 
338  287 
338  36 
339  139 
339  318 
339  316 
339  309 
340  316 
340  331 
340  113 
340  217 
341  171 
341  263 
341  113 
341  316 
342  287 
342  234 
342  93 
342  67 
343  259 
343  6 
343  326 
343  311 
344  259 
344  329 
344  82 
344  314 
345  317 
345  232 
345  239 
345  127 
346  87 
346  57 
346  344 
346  154 
347  271 
347  316 
347  1 
347  286 
348  313 
348  143 
348  87 
348  77 
349  87 
349  344 
349  72 
349  316 
350  289 
350  80 
350  22 
350  139 
351  123 
351  340 
351  104 
351  70 
352  22 
352  327 
352  313 
352  315 
353  316 
353  318 
353  228 
353  141 
354  316 
354  310 
354  259 
354  214 
355  239 
355  313 
355  309 
355  214 
356  99 
356  226 
356  353 
356  164 
357  257 
357  114 
357  65 
357  228 
358  330 
358  345 
358  214 
358  239 
359  87 
359  218 
359  44 
359  225 
360  326 
360  165 
360  263 
360  36 
361  304 
361  68 
361  212 
361  294 
362  50 
362  241 
362  152 
362  37 
363  302 
363  156 
363  236 
363  128 
364  175 
364  29 
364  23 
364  192 
365  51 
365  176 
365  209 
365  226 
366  74 
366  25 
366  300 
366  361 
367  348 
367  125 
367  35 
367  180 
368  63 
368  360 
368  25 
368  304 
369  222 
369  68 
369  193 
369  25 
370  179 
370  300 
370  38 
370  200 
371  212 
371  304 
371  177 
371  152 
372  30 
372  51 
372  245 
372  4 
373  324 
373  325 
373  23 
373  352 
374  319 
374  183 
374  120 
374  28 
375  313 
375  183 
375  192 
375  340 
376  240 
376  371 
376  364 
376  222 
377  208 
377  166 
377  361 
377  368 
378  371 
378  233 
378  293 
378  358 
379  194 
379  258 
379  267 
379  37 
380  37 
380  79 
380  318 
380  69 
381  379 
381  177 
381  378 
381  358 
382  293 
382  231 
382  306 
382  152 
383  166 
383  224 
383  373 
383  360 
384  96 
384  120 
384  114 
384  255 
385  156 
385  166 
385  368 
385  123 
386  341 
386  229 
386  15 
386  253 
387  341 
387  241 
387  290 
387  375 
388  183 
388  180 
388  255 
388  11 
389  347 
389  260 
389  217 
389  290 
390  28 
390  325 
390  34 
390  67 
391  240 
391  269 
391  162 
391  316 
392  263 
392  95 
392  316 
392  342 
393  373 
393  318 
393  145 
393  149 
394  378 
394  182 
394  4 
394  176 
395  374 
395  115 
395  192 
395  163 
396  26 
396  337 
396  229 
396  101 
397  340 
397  279 
397  191 
397  348 
398  224 
398  390 
398  393 
398  343 
399  30 
399  378 
399  205 
399  279 
400  38 
400  362 
400  26 
400  336 
401  176 
401  16 
401  159 
401  166 
402  222 
402  116 
402  366 
402  79 
403  380 
403  101 
403  293 
403  212 
404  222 
404  144 
404  188 
404  195 
405  385 
405  236 
405  111 
405  88 
406  258 
406  109 
406  279 
406  68 
407  212 
407  147 
407  168 
407  219 
408  25 
408  380 
408  122 
408  30 
409  135 
409  324 
409  186 
409  9 
410  6 
410  267 
410  242 
410  284 
411  60 
411  103 
411  6 
411  361 
412  267 
412  354 
412  244 
412  16 
413  409 
413  399 
413  25 
413  86 
414  330 
414  8 
414  375 
414  226 
415  299 
415  391 
415  311 
415  11 
416  274 
416  356 
416  329 
416  271 
417  331 
417  253 
417  267 
417  275 
418  43 
418  35 
418  32 
418  40 
419  40 
419  12 
419  214 
419  260 
420  315 
420  368 
420  328 
420  103 
421  361 
421  41 
421  415 
421  260 
422  418 
422  41 
422  244 
422  205 
423  121 
423  71 
423  386 
423  222 
424  190 
424  356 
424  16 
424  326 
425  123 
425  209 
425  344 
425  28 
426  418 
426  265 
426  372 
426  378 
427  207 
427  179 
427  226 
427  326 
428  423 
428  311 
428  287 
428  414 
429  294 
429  420 
429  56 
429  425 
430  362 
430  396 
430  392 
430  103 
431  219 
431  175 
431  411 
431  427 
432  409 
432  431 
432  206 
432  412 
433  318 
433  430 
433  288 
433  33 
434  378 
434  103 
434  140 
434  157 
435  373 
435  414 
435  183 
435  314 
436  427 
436  244 
436  21 
436  422 
437  50 
437  112 
437  16 
437  379 
438  11 
438  220 
438  410 
438  9 
439  140 
439  79 
439  404 
439  287 
440  202 
440  56 
440  170 
440  131 
441  244 
441  194 
441  200 
441  80 
442  267 
442  36 
442  426 
442  205 
443  48 
443  51 
443  92 
443  288 
444  425 
444  167 
444  267 
444  53 
445  356 
445  10 
445  359 
445  412 
446  209 
446  435 
446  441 
446  93 
447  414 
447  443 
447  416 
447  201 
448  81 
448  202 
448  364 
448  300 
449  344 
449  368 
449  107 
449  244 
450  177 
450  399 
450  373 
450  415 
451  267 
451  301 
451  39 
451  430 
452  188 
452  439 
452  436 
452  263 
453  444 
453  40 
453  103 
453  347 
454  139 
454  337 
454  326 
454  25 
455  373 
455  431 
455  434 
455  426 
456  442 
456  226 
456  112 
456  422 
457  170 
457  283 
457  432 
457  123 
458  50 
458  116 
458  431 
458  449 
459  50 
459  333 
459  423 
459  250 
460  209 
460  400 
460  181 
460  83 
461  316 
461  403 
461  257 
461  376 
462  94 
462  93 
462  342 
462  179 
463  162 
463  232 
463  277 
463  69 
464  115 
464  23 
464  105 
464  323 
465  179 
465  37 
465  74 
465  167 
466  221 
466  402 
466  446 
466  145 
467  195 
467  359 
467  38 
467  17 
468  238 
468  440 
468  349 
468  241 
469  130 
469  335 
469  129 
469  235 
470  164 
470  403 
470  266 
470  469 
471  84 
471  451 
471  460 
471  365 
472  283 
472  462 
472  197 
472  460 
473  461 
473  129 
473  235 
473  31 
474  66 
474  183 
474  382 
474  61 
475  469 
475  214 
475  88 
475  461 
476  475 
476  91 
476  93 
476  284 
477  339 
477  457 
477  475 
477  15 
478  134 
478  360 
478  349 
478  208 
479  386 
479  475 
479  105 
479  368 
480  404 
480  106 
480  28 
480  117 
481  364 
481  156 
481  106 
481  37 
482  264 
482  314 
482  373 
482  472 
483  119 
483  156 
483  46 
483  129 
484  391 
484  457 
484  185 
484  334 
485  272 
485  198 
485  469 
485  170 
486  452 
486  265 
486  165 
486  108 
487  57 
487  157 
487  180 
487  345 
488  200 
488  403 
488  465 
488  439 
489  15 
489  337 
489  314 
489  475 
490  476 
490  227 
490  472 
490  93 
491  475 
491  460 
491  477 
491  469 
492  368 
492  443 
492  289 
492  165 
493  423 
493  123 
493  491 
493  225 
494  102 
494  215 
494  19 
494  363 
495  23 
495  491 
495  105 
495  192 
496  323 
496  130 
496  365 
496  396 
497  329 
497  47 
497  399 
497  241 
498  465 
498  480 
498  484 
498  419 
499  127 
499  476 
499  464 
499  456 
500  491 
500  125 
500  295 
500  386 
501  170 
501  190 
501  226 
501  93 
502  173 
502  335 
502  44 
502  210 
503  492 
503  50 
503  467 
503  198 
504  115 
504  102 
504  272 
504  467 
505  250 
505  462 
505  145 
505  461 
506  468 
506  162 
506  93 
506  51 
507  46 
507  495 
507  280 
507  320 
508  61 
508  281 
508  269 
508  472 
509  457 
509  257 
509  281 
509  383 
510  317 
510  13 
510  109 
510  9 
511  235 
511  395 
511  33 
511  151 
512  275 
512  162 
512  511 
512  34 
513  48 
513  443 
513  479 
513  66 
514  486 
514  318 
514  132 
514  163 
515  514 
515  471 
515  19 
515  419 
516  147 
516  50 
516  510 
516  341 
517  310 
517  197 
517  515 
517  66 
518  451 
518  90 
518  514 
518  417 
519  158 
519  496 
519  231 
519  479 
520  281 
520  285 
520  373 
520  316 
521  336 
521  164 
521  18 
521  256 
522  270 
522  202 
522  493 
522  150 
523  378 
523  180 
523  505 
523  483 
524  334 
524  164 
524  66 
524  281 
525  252 
525  300 
525  372 
525  469 
526  158 
526  445 
526  397 
526  334 
527  322 
527  127 
527  339 
527  12 
528  131 
528  302 
528  446 
528  526 
529  363 
529  505 
529  50 
529  509 
530  442 
530  298 
530  192 
530  111 
531  197 
531  505 
531  429 
531  352 
532  395 
532  505 
532  325 
532  469 
533  340 
533  113 
533  241 
533  213 
534  162 
534  478 
534  511 
534  465 
535  330 
535  373 
535  25 
535  273 
536  224 
536  529 
536  323 
536  513 
537  483 
537  15 
537  4 
537  410 
538  434 
538  522 
538  31 
538  221 
539  478 
539  481 
539  519 
539  398 
540  25 
540  162 
540  212 
540  539 
541  103 
541  540 
541  433 
541  111 
542  518 
542  462 
542  398 
542  123 
543  320 
543  526 
543  292 
543  522 
544  492 
544  176 
544  344 
544  11 
545  391 
545  414 
545  310 
545  239 
546  454 
546  64 
546  270 
546  517 
547  195 
547  540 
547  56 
547  184 
548  108 
548  516 
548  379 
548  58 
549  510 
549  191 
549  325 
549  172 
550  401 
550  174 
550  469 
550  292 
551  301 
551  419 
551  339 
551  138 
552  395 
552  129 
552  4 
552  380 
553  107 
553  128 
553  195 
553  91 
554  19 
554  232 
554  270 
554  433 
555  522 
555  465 
555  546 
555  387 
556  543 
556  133 
556  189 
556  466 
557  443 
557  179 
557  339 
557  131 
558  528 
558  64 
558  257 
558  208 
 

