1  2 
1  3 
1  4 
1  5 
1  6 
1  7 
1  8 
1  9 
1  10 
2  3 
2  4 
2  5 
2  6 
2  7 
2  8 
2  9 
2  10 
3  4 
3  5 
3  6 
3  7 
3  8 
3  9 
3  10 
4  5 
4  6 
4  7 
4  8 
4  9 
4  10 
5  6 
5  7 
5  8 
5  9 
5  10 
6  7 
6  8 
6  9 
6  10 
7  8 
7  9 
7  10 
8  9 
8  10 
9  10 
11  7 
11  4 
11  5 
11  10 
12  5 
12  7 
12  9 
12  6 
13  1 
13  6 
13  5 
13  3 
14  12 
14  5 
14  10 
14  9 
15  7 
15  4 
15  5 
15  6 
16  12 
16  7 
16  4 
16  6 
17  3 
17  11 
17  8 
17  7 
18  4 
18  11 
18  8 
18  10 
19  10 
19  1 
19  3 
19  5 
20  5 
20  10 
20  11 
20  13 
21  5 
21  7 
21  17 
21  4 
22  9 
22  4 
22  2 
22  3 
23  5 
23  19 
23  2 
23  6 
24  3 
24  22 
24  8 
24  21 
25  19 
25  16 
25  22 
25  8 
26  5 
26  6 
26  10 
26  21 
27  9 
27  10 
27  6 
27  2 
28  19 
28  6 
28  1 
28  21 
29  8 
29  22 
29  4 
29  2 
30  9 
30  3 
30  5 
30  12 
31  5 
31  4 
31  10 
31  2 
32  4 
32  22 
32  8 
32  6 
33  17 
33  30 
33  13 
33  1 
34  2 
34  5 
34  13 
34  6 
35  21 
35  33 
35  1 
35  10 
36  15 
36  5 
36  31 
36  22 
37  32 
37  28 
37  15 
37  18 
38  24 
38  12 
38  9 
38  5 
39  30 
39  37 
39  15 
39  3 
40  29 
40  8 
40  5 
40  4 
41  22 
41  10 
41  3 
41  25 
42  5 
42  28 
42  3 
42  39 
43  6 
43  18 
43  16 
43  37 
44  1 
44  27 
44  11 
44  28 
45  10 
45  5 
45  27 
45  42 
46  7 
46  27 
46  5 
46  6 
47  37 
47  44 
47  8 
47  20 
48  1 
48  8 
48  11 
48  22 
49  36 
49  8 
49  28 
49  31 
50  10 
50  7 
50  40 
50  30 
51  7 
51  1 
51  3 
51  5 
52  6 
52  8 
52  15 
52  1 
53  9 
53  51 
53  32 
53  11 
54  47 
54  30 
54  6 
54  32 
55  32 
55  10 
55  7 
55  6 
56  24 
56  39 
56  13 
56  21 
57  14 
57  10 
57  28 
57  2 
58  8 
58  3 
58  21 
58  37 
59  8 
59  47 
59  35 
59  46 
60  13 
60  8 
60  47 
60  10 
61  60 
61  3 
61  5 
61  9 
62  10 
62  46 
62  40 
62  3 
63  21 
63  8 
63  47 
63  15 
64  41 
64  4 
64  8 
64  9 
65  10 
65  30 
65  52 
65  15 
66  26 
66  8 
66  21 
66  54 
67  1 
67  35 
67  34 
67  45 
68  14 
68  49 
68  29 
68  5 
69  5 
69  34 
69  9 
69  47 
70  8 
70  23 
70  3 
70  44 
71  5 
71  8 
71  7 
71  70 
72  4 
72  10 
72  22 
72  36 
73  38 
73  2 
73  22 
73  6 
74  20 
74  21 
74  4 
74  43 
75  40 
75  30 
75  68 
75  2 
76  22 
76  47 
76  7 
76  54 
77  5 
77  1 
77  21 
77  6 
78  39 
78  10 
78  21 
78  20 
79  20 
79  14 
79  9 
79  6 
80  32 
80  34 
80  13 
80  49 
81  52 
81  4 
81  46 
81  7 
82  21 
82  3 
82  77 
82  24 
83  22 
83  43 
83  12 
83  78 
84  1 
84  5 
84  77 
84  9 
85  78 
85  55 
85  56 
85  3 
86  21 
86  8 
86  72 
86  5 
87  57 
87  12 
87  74 
87  4 
88  77 
88  78 
88  13 
88  47 
89  10 
89  32 
89  70 
89  51 
90  40 
90  21 
90  19 
90  7 
91  46 
91  27 
91  66 
91  38 
92  4 
92  27 
92  21 
92  54 
93  15 
93  72 
93  70 
93  13 
94  2 
94  8 
94  87 
94  64 
95  8 
95  12 
95  60 
95  90 
96  2 
96  53 
96  33 
96  5 
97  40 
97  82 
97  22 
97  30 
98  11 
98  28 
98  74 
98  70 
99  10 
99  2 
99  5 
99  52 
100  38 
100  3 
100  37 
100  82 
101  90 
101  91 
101  8 
101  11 
102  57 
102  47 
102  5 
102  30 
103  3 
103  14 
103  94 
103  7 
104  7 
104  67 
104  22 
104  42 
105  6 
105  5 
105  7 
105  77 
106  61 
106  55 
106  5 
106  47 
107  9 
107  40 
107  77 
107  21 
108  77 
108  56 
108  50 
108  21 
109  41 
109  4 
109  5 
109  30 
110  22 
110  12 
110  3 
110  51 
111  78 
111  97 
111  21 
111  94 
112  7 
112  33 
112  6 
112  8 
113  4 
113  32 
113  48 
113  21 
114  13 
114  90 
114  89 
114  44 
115  65 
115  77 
115  32 
115  14 
116  86 
116  5 
116  7 
116  13 
117  21 
117  71 
117  34 
117  1 
118  19 
118  110 
118  59 
118  14 
119  24 
119  1 
119  10 
119  22 
120  22 
120  30 
120  35 
120  3 
121  110 
121  112 
121  31 
121  25 
122  10 
122  32 
122  40 
122  86 
123  72 
123  85 
123  15 
123  113 
124  91 
124  14 
124  27 
124  6 
125  11 
125  9 
125  74 
125  7 
126  43 
126  47 
126  35 
126  3 
127  79 
127  9 
127  12 
127  14 
128  37 
128  52 
128  25 
128  68 
129  82 
129  90 
129  28 
129  44 
130  92 
130  102 
130  121 
130  27 
131  22 
131  2 
131  101 
131  119 
132  21 
132  30 
132  4 
132  120 
133  9 
133  12 
133  107 
133  31 
134  36 
134  103 
134  5 
134  65 
135  7 
135  5 
135  2 
135  8 
136  83 
136  7 
136  48 
136  85 
137  92 
137  24 
137  4 
137  77 
138  61 
138  52 
138  81 
138  22 
139  73 
139  9 
139  24 
139  87 
140  104 
140  11 
140  27 
140  38 
141  124 
141  108 
141  90 
141  10 
142  5 
142  2 
142  15 
142  74 
143  12 
143  4 
143  119 
143  28 
144  11 
144  38 
144  100 
144  50 
145  15 
145  24 
145  5 
145  8 
146  27 
146  48 
146  125 
146  115 
147  25 
147  59 
147  49 
147  24 
148  11 
148  117 
148  97 
148  115 
149  6 
149  67 
149  21 
149  68 
150  111 
150  39 
150  15 
150  142 
151  133 
151  68 
151  28 
151  108 
152  146 
152  70 
152  87 
152  36 
153  22 
153  9 
153  5 
153  109 
154  150 
154  53 
154  51 
154  72 
155  147 
155  18 
155  6 
155  72 
156  39 
156  19 
156  4 
156  36 
157  63 
157  96 
157  98 
157  78 
158  7 
158  40 
158  21 
158  8 
159  57 
159  5 
159  3 
159  70 
160  66 
160  113 
160  54 
160  117 
161  5 
161  32 
161  2 
161  101 
162  76 
162  150 
162  102 
162  50 
163  72 
163  7 
163  5 
163  8 
164  10 
164  38 
164  67 
164  110 
165  94 
165  2 
165  3 
165  22 
166  7 
166  4 
166  21 
166  35 
167  55 
167  31 
167  67 
167  134 
168  13 
168  58 
168  31 
168  57 
169  17 
169  157 
169  55 
169  65 
170  45 
170  6 
170  51 
170  15 
171  35 
171  15 
171  69 
171  2 
172  164 
172  10 
172  47 
172  36 
173  15 
173  8 
173  150 
173  34 
174  2 
174  37 
174  5 
174  145 
175  31 
175  107 
175  7 
175  112 
176  91 
176  133 
176  68 
176  35 
177  27 
177  162 
177  47 
177  43 
178  90 
178  7 
178  15 
178  80 
179  38 
179  153 
179  127 
179  54 
180  168 
180  92 
180  144 
180  5 
181  170 
181  177 
181  4 
181  1 
182  96 
182  165 
182  51 
182  94 
183  173 
183  85 
183  40 
183  92 
184  105 
184  97 
184  136 
184  9 
185  168 
185  9 
185  57 
185  172 
186  42 
186  7 
186  124 
186  98 
187  10 
187  38 
187  9 
187  2 
188  154 
188  37 
188  107 
188  180 
189  1 
189  100 
189  56 
189  2 
190  8 
190  125 
190  100 
190  37 
191  7 
191  56 
191  154 
191  3 
192  1 
192  19 
192  178 
192  109 
193  20 
193  97 
193  28 
193  104 
194  163 
194  191 
194  10 
194  23 
195  133 
195  108 
195  168 
195  81 
196  19 
196  15 
196  8 
196  179 
197  19 
197  100 
197  71 
197  6 
198  46 
198  173 
198  94 
198  181 
199  51 
199  25 
199  86 
199  11 
200  8 
200  4 
200  69 
200  104 
1  201 
1  202 
2  201 
2  203 
2  202 
3  204 
3  205 
3  202 
4  204 
4  206 
4  205 
4  202 
5  206 
5  203 
5  205 
5  202 
6  207 
6  203 
6  205 
6  208 
7  207 
7  204 
7  206 
7  203 
7  208 
8  203 
8  208 
8  202 
9  207 
9  201 
9  205 
10  207 
10  201 
10  206 
10  202 
11  207 
11  201 
11  204 
11  206 
11  208 
11  202 
12  207 
12  208 
13  206 
13  203 
14  207 
14  201 
14  204 
14  208 
15  207 
15  204 
15  206 
15  203 
15  208 
15  202 
16  207 
16  204 
16  206 
16  205 
16  202 
17  207 
17  201 
17  204 
17  206 
17  202 
18  207 
18  201 
18  204 
18  203 
18  205 
18  208 
19  204 
19  206 
19  205 
19  208 
19  202 
20  201 
20  204 
20  203 
20  205 
21  201 
21  204 
21  203 
21  205 
21  208 
21  202 
22  203 
22  205 
22  208 
23  207 
23  204 
23  206 
24  204 
24  206 
24  203 
24  208 
25  204 
25  203 
25  205 
26  207 
26  204 
26  206 
26  203 
26  202 
27  207 
27  204 
27  206 
27  203 
27  205 
27  208 
28  206 
28  203 
28  208 
28  202 
29  206 
30  207 
30  201 
30  204 
30  206 
30  203 
31  207 
31  204 
32  201 
32  203 
32  205 
32  208 
33  207 
33  204 
33  203 
33  205 
33  202 
34  204 
34  206 
34  208 
35  207 
35  201 
35  206 
35  203 
35  205 
35  208 
35  202 
36  207 
36  204 
36  202 
37  204 
37  203 
37  205 
37  202 
38  207 
38  201 
38  208 
39  207 
39  204 
39  206 
39  203 
39  205 
39  202 
40  207 
40  206 
40  208 
40  202 
41  205 
41  202 
42  207 
42  204 
42  205 
43  201 
43  204 
43  206 
43  203 
44  207 
44  203 
44  205 
44  208 
44  202 
45  206 
45  203 
45  205 
46  207 
46  204 
46  208 
47  201 
47  204 
47  206 
47  208 
48  207 
48  201 
48  206 
48  203 
48  208 
49  205 
50  206 
50  208 
50  202 
207  201 
201  204 
204  206 
206  203 
203  205 
205  208 
208  202 
207  204 
207  206 
207  203 
207  205 
207  208 
201  206 
201  205 
204  205 
204  208 
206  205 
206  208 
203  208 
202  201 
202  204 
202  206 
202  205 
51  207 
51  206 
51  203 
51  208 
51  202 
52  207 
52  204 
52  203 
52  208 
52  202 
53  206 
53  205 
53  208 
54  204 
54  206 
54  203 
54  205 
209  138 
209  83 
209  178 
209  159 
210  166 
210  127 
210  65 
210  74 
211  38 
211  146 
211  162 
211  80 
212  193 
212  79 
212  110 
212  174 
213  89 
213  123 
213  85 
213  174 
214  165 
214  87 
214  78 
214  157 
215  138 
215  57 
215  209 
215  88 
216  213 
216  175 
216  13 
216  87 
217  85 
217  101 
217  165 
217  195 
218  70 
218  130 
218  209 
218  216 
219  175 
219  180 
219  89 
219  217 
220  189 
220  170 
220  118 
220  183 
221  215 
221  165 
221  163 
221  170 
222  171 
222  130 
222  219 
222  190 
223  211 
223  170 
223  62 
223  181 
224  157 
224  195 
224  194 
224  213 
225  113 
225  140 
225  56 
225  141 
226  200 
226  47 
226  8 
226  189 
227  219 
227  195 
227  211 
227  123 
228  189 
228  104 
228  49 
228  16 
55  205 
55  208 
55  202 
56  207 
56  206 
56  203 
57  208 
57  202 
58  201 
58  204 
58  208 
59  201 
59  206 
59  203 
59  205 
59  208 
59  202 
229  158 
229  209 
229  50 
229  194 
230  200 
230  209 
230  199 
230  68 
231  100 
231  60 
231  1 
231  186 
232  200 
232  231 
232  90 
232  76 
233  157 
233  220 
233  8 
233  73 
234  113 
234  105 
234  150 
234  35 
235  231 
235  230 
235  221 
235  8 
236  232 
236  8 
236  6 
236  196 
237  16 
237  102 
237  185 
237  150 
238  177 
238  199 
238  193 
238  85 
239  199 
239  6 
239  232 
239  231 
240  82 
240  185 
240  231 
240  49 
241  185 
241  4 
241  30 
241  105 
242  140 
242  114 
242  200 
242  39 
243  29 
243  145 
243  227 
243  181 
244  105 
244  117 
244  59 
244  139 
245  134 
245  72 
245  199 
245  76 
246  139 
246  241 
246  235 
246  150 
247  36 
247  199 
247  231 
247  157 
248  37 
248  239 
248  244 
248  121 
60  201 
60  204 
60  205 
60  208 
60  202 
249  68 
249  176 
249  69 
249  71 
250  231 
250  223 
250  203 
250  136 
251  204 
251  108 
251  210 
251  56 
252  143 
252  77 
252  249 
252  35 
253  8 
253  251 
253  43 
253  167 
254  124 
254  100 
254  226 
254  173 
255  43 
255  52 
255  68 
255  49 
256  49 
256  158 
256  8 
256  28 
257  40 
257  21 
257  132 
257  155 
258  145 
258  2 
258  153 
258  108 
259  247 
259  214 
259  137 
259  204 
260  204 
260  234 
260  170 
260  48 
261  117 
261  7 
261  172 
261  97 
262  249 
262  42 
262  161 
262  45 
263  173 
263  258 
263  254 
263  49 
264  209 
264  78 
264  4 
264  45 
265  127 
265  255 
265  164 
265  56 
266  164 
266  47 
266  265 
266  137 
267  97 
267  42 
267  78 
267  133 
268  28 
268  54 
268  249 
268  265 
61  207 
61  203 
62  207 
62  201 
62  206 
62  203 
62  202 
63  207 
63  204 
63  206 
63  203 
63  205 
64  207 
64  206 
64  202 
65  204 
65  205 
65  208 
65  202 
1  269 
4  269 
5  269 
6  269 
8  269 
11  269 
12  269 
13  269 
15  269 
17  269 
21  269 
25  269 
26  269 
29  269 
34  269 
40  269 
47  269 
50  269 
52  269 
54  269 
55  269 
56  269 
57  269 
58  269 
59  269 
63  269 
64  269 
65  269 
201  203 
201  208 
204  203 
203  202 
269  207 
269  201 
269  204 
269  206 
269  205 
270  44 
270  173 
270  31 
270  230 
271  263 
271  7 
271  152 
271  270 
272  99 
272  156 
272  264 
272  271 
273  80 
273  79 
273  270 
273  104 
274  142 
274  178 
274  181 
274  47 
275  161 
275  200 
275  185 
275  182 
276  21 
276  66 
276  207 
276  190 
277  182 
277  269 
277  46 
277  264 
278  23 
278  94 
278  1 
278  224 
279  149 
279  159 
279  272 
279  156 
280  14 
280  207 
280  278 
280  272 
281  233 
281  47 
281  276 
281  278 
282  278 
282  273 
282  275 
282  182 
283  143 
283  219 
283  235 
283  64 
284  125 
284  75 
284  152 
284  34 
285  263 
285  277 
285  43 
285  36 
286  171 
286  274 
286  170 
286  192 
287  140 
287  181 
287  276 
287  150 
288  159 
288  167 
288  276 
288  60 
289  94 
289  286 
289  258 
289  69 
66  201 
66  204 
66  206 
66  269 
67  207 
68  201 
68  206 
68  205 
68  269 
69  206 
69  203 
69  202 
69  269 
290  212 
290  206 
290  75 
290  131 
291  68 
291  14 
291  107 
291  135 
292  92 
292  236 
292  147 
292  285 
293  29 
293  139 
293  240 
293  151 
294  224 
294  18 
294  175 
294  119 
295  158 
295  276 
295  271 
295  88 
296  81 
296  152 
296  264 
296  51 
297  280 
297  154 
297  295 
297  264 
298  168 
298  12 
298  51 
298  37 
299  92 
299  51 
299  220 
299  116 
300  1 
300  174 
300  125 
300  108 
301  62 
301  129 
301  110 
301  182 
302  212 
302  292 
302  49 
302  290 
303  291 
303  129 
303  280 
303  151 
304  114 
304  80 
304  237 
304  65 
305  270 
305  201 
305  117 
305  94 
306  276 
306  291 
306  126 
306  154 
307  295 
307  255 
307  301 
307  299 
308  15 
308  115 
308  250 
308  93 
309  87 
309  240 
309  154 
309  79 
70  207 
70  201 
70  204 
70  206 
70  205 
70  208 
70  202 
70  269 
310  69 
310  181 
310  86 
310  187 
311  176 
311  40 
311  31 
311  158 
312  60 
312  155 
312  23 
312  158 
313  57 
313  267 
313  161 
313  312 
314  164 
314  19 
314  261 
314  243 
315  21 
315  4 
315  231 
315  16 
316  83 
316  272 
316  148 
316  189 
317  174 
317  160 
317  173 
317  51 
318  120 
318  6 
318  177 
318  208 
319  314 
319  263 
319  168 
319  64 
320  87 
320  258 
320  150 
320  302 
321  210 
321  231 
321  257 
321  319 
322  213 
322  189 
322  149 
322  108 
323  17 
323  261 
323  31 
323  92 
324  105 
324  29 
324  286 
324  5 
325  290 
325  90 
325  40 
325  195 
326  148 
326  321 
326  295 
326  245 
327  245 
327  147 
327  308 
327  81 
328  252 
328  88 
328  57 
328  181 
329  160 
329  287 
329  140 
329  155 
71  207 
71  205 
71  208 
71  202 
71  269 
72  207 
72  201 
72  269 
330  86 
330  308 
330  104 
330  92 
331  204 
331  320 
331  113 
331  218 
332  6 
332  170 
332  75 
332  72 
333  192 
333  270 
333  237 
333  268 
334  315 
334  200 
334  296 
334  252 
335  307 
335  323 
335  50 
335  192 
336  180 
336  62 
336  152 
336  118 
337  145 
337  67 
337  137 
337  303 
338  337 
338  99 
338  212 
338  237 
339  145 
339  52 
339  226 
339  139 
340  102 
340  330 
340  147 
340  27 
341  188 
341  231 
341  157 
341  334 
342  79 
342  7 
342  230 
342  196 
343  341 
343  269 
343  339 
343  299 
344  119 
344  315 
344  192 
344  61 
345  86 
345  328 
345  7 
345  193 
346  294 
346  210 
346  7 
346  119 
347  320 
347  241 
347  12 
347  101 
348  193 
348  94 
348  196 
348  341 
349  19 
349  7 
349  170 
349  230 
73  207 
73  201 
73  206 
73  203 
73  208 
73  202 
73  269 
74  207 
74  201 
74  204 
74  206 
74  203 
74  202 
74  269 
75  202 
75  269 
350  307 
350  277 
350  295 
350  137 
351  38 
351  156 
351  209 
351  350 
352  155 
352  119 
352  122 
352  350 
353  351 
353  81 
353  36 
353  79 
354  241 
354  351 
354  343 
354  236 
355  271 
355  353 
355  118 
355  161 
356  91 
356  295 
356  23 
356  262 
357  340 
357  94 
357  53 
357  74 
358  241 
358  288 
358  140 
358  95 
359  209 
359  312 
359  292 
359  278 
360  201 
360  192 
360  125 
360  142 
361  309 
361  184 
361  211 
361  220 
362  272 
362  331 
362  360 
362  86 
363  138 
363  119 
363  75 
363  290 
364  187 
364  85 
364  255 
364  201 
365  354 
365  138 
365  79 
365  133 
366  313 
366  137 
366  115 
366  132 
367  275 
367  315 
367  303 
367  86 
368  342 
368  28 
368  273 
368  254 
369  30 
369  353 
369  223 
369  81 
76  207 
76  201 
76  206 
76  203 
76  205 
76  202 
76  269 
370  215 
370  245 
370  14 
370  105 
371  231 
371  82 
371  36 
371  102 
372  262 
372  230 
372  31 
372  63 
373  221 
373  98 
373  141 
373  239 
374  348 
374  15 
374  66 
374  74 
375  216 
375  279 
375  137 
375  221 
376  29 
376  111 
376  137 
376  373 
377  92 
377  50 
377  350 
377  75 
378  205 
378  355 
378  173 
378  84 
379  94 
379  65 
379  363 
379  15 
380  37 
380  166 
380  137 
380  311 
381  280 
381  119 
381  374 
381  140 
382  381 
382  147 
382  18 
382  215 
383  279 
383  83 
383  375 
383  226 
384  355 
384  128 
384  74 
384  43 
385  17 
385  372 
385  384 
385  13 
386  147 
386  214 
386  171 
386  20 
387  372 
387  29 
387  155 
387  176 
388  214 
388  111 
388  171 
388  193 
389  139 
389  18 
389  289 
389  384 
77  203 
77  269 
78  207 
78  206 
78  203 
78  202 
78  269 
79  201 
79  204 
79  206 
79  203 
79  205 
79  208 
80  201 
80  204 
80  206 
80  208 
80  202 
390  98 
390  191 
390  216 
390  235 
391  39 
391  200 
391  359 
391  66 
392  29 
392  190 
392  2 
392  237 
393  66 
393  48 
393  348 
393  237 
394  351 
394  193 
394  132 
394  58 
395  46 
395  134 
395  87 
395  137 
396  375 
396  297 
396  311 
396  313 
397  40 
397  183 
397  119 
397  386 
398  386 
398  155 
398  63 
398  235 
399  312 
399  19 
399  391 
399  351 
400  230 
400  143 
400  280 
400  9 
401  296 
401  359 
401  179 
401  367 
402  350 
402  290 
402  264 
402  26 
403  159 
403  188 
403  194 
403  296 
404  226 
404  256 
404  350 
404  330 
405  400 
405  120 
405  267 
405  388 
406  336 
406  162 
406  183 
406  228 
407  31 
407  297 
407  287 
407  74 
408  216 
408  147 
408  8 
408  369 
409  127 
409  279 
409  285 
409  39 
81  204 
81  205 
81  269 
82  207 
82  201 
83  207 
83  201 
83  204 
83  202 
83  269 
410  120 
410  400 
410  257 
410  83 
411  79 
411  315 
411  249 
411  378 
412  138 
412  191 
412  376 
412  131 
413  27 
413  225 
413  191 
413  91 
414  78 
414  128 
414  215 
414  47 
415  71 
415  69 
415  244 
415  363 
416  131 
416  213 
416  180 
416  269 
417  303 
417  265 
417  388 
417  290 
418  197 
418  21 
418  27 
418  18 
419  60 
419  388 
419  299 
419  21 
420  206 
420  171 
420  324 
420  350 
421  370 
421  316 
421  40 
421  331 
422  323 
422  414 
422  388 
422  396 
423  415 
423  221 
423  219 
423  4 
424  153 
424  72 
424  152 
424  88 
425  270 
425  55 
425  112 
425  370 
426  95 
426  212 
426  318 
426  412 
427  93 
427  28 
427  329 
427  410 
428  349 
428  408 
428  420 
428  207 
429  99 
429  346 
429  193 
429  232 
84  207 
84  206 
84  203 
84  208 
84  202 
84  269 
85  201 
85  204 
85  206 
85  203 
85  202 
86  201 
86  206 
86  203 
86  205 
86  269 
430  54 
430  330 
430  410 
430  422 
431  50 
431  209 
431  63 
431  37 
432  245 
432  234 
432  286 
432  294 
433  305 
433  388 
433  56 
433  137 
434  72 
434  376 
434  286 
434  431 
435  322 
435  297 
435  394 
435  299 
436  76 
436  62 
436  337 
436  377 
437  55 
437  435 
437  5 
437  53 
438  359 
438  431 
438  274 
438  202 
439  16 
439  432 
439  17 
439  218 
440  348 
440  279 
440  95 
440  309 
441  157 
441  129 
441  324 
441  426 
442  338 
442  394 
442  38 
442  72 
443  358 
443  15 
443  30 
443  210 
444  53 
444  382 
444  357 
444  236 
445  210 
445  276 
445  248 
445  109 
446  361 
446  248 
446  6 
446  17 
447  270 
447  114 
447  353 
447  130 
448  84 
448  431 
448  130 
448  440 
449  435 
449  290 
449  381 
449  223 
87  207 
87  206 
87  205 
87  208 
87  202 
450  78 
450  277 
450  61 
450  409 
451  394 
451  393 
451  261 
451  189 
452  68 
452  318 
452  289 
452  397 
453  448 
453  318 
453  258 
453  91 
454  71 
454  432 
454  62 
454  42 
455  33 
455  344 
455  453 
455  414 
456  236 
456  368 
456  340 
456  209 
457  114 
457  71 
457  142 
457  208 
458  386 
458  330 
458  362 
458  68 
459  67 
459  445 
459  363 
459  120 
460  216 
460  128 
460  47 
460  133 
461  282 
461  9 
461  35 
461  24 
462  31 
462  155 
462  428 
462  139 
463  12 
463  2 
463  453 
463  3 
464  66 
464  339 
464  405 
464  221 
465  311 
465  289 
465  215 
465  32 
466  68 
466  458 
466  50 
466  89 
467  133 
467  48 
467  49 
467  118 
468  2 
468  453 
468  359 
468  142 
469  55 
469  318 
469  139 
469  400 
88  207 
88  201 
88  206 
88  203 
88  205 
88  202 
89  207 
89  201 
89  204 
89  203 
89  205 
89  208 
89  269 
90  201 
90  204 
90  203 
90  269 
470  218 
470  389 
470  3 
470  413 
471  168 
471  347 
471  132 
471  364 
472  211 
472  279 
472  114 
472  112 
473  294 
473  112 
473  346 
473  472 
474  189 
474  234 
474  42 
474  263 
475  212 
475  265 
475  96 
475  103 
476  466 
476  104 
476  139 
476  93 
477  401 
477  320 
477  50 
477  294 
478  417 
478  313 
478  470 
478  300 
479  444 
479  334 
479  205 
479  82 
480  443 
480  83 
480  472 
480  145 
481  139 
481  111 
481  332 
481  370 
482  159 
482  385 
482  189 
482  396 
483  324 
483  82 
483  45 
483  96 
484  378 
484  283 
484  478 
484  31 
485  386 
485  447 
485  167 
485  370 
486  29 
486  173 
486  225 
486  96 
487  472 
487  48 
487  351 
487  385 
488  130 
488  104 
488  473 
488  139 
489  79 
489  472 
489  300 
489  478 
 

