1  2 
1  3 
1  4 
1  5 
1  6 
1  7 
1  8 
1  9 
1  10 
2  3 
2  4 
2  5 
2  6 
2  7 
2  8 
2  9 
2  10 
3  4 
3  5 
3  6 
3  7 
3  8 
3  9 
3  10 
4  5 
4  6 
4  7 
4  8 
4  9 
4  10 
5  6 
5  7 
5  8 
5  9 
5  10 
6  7 
6  8 
6  9 
6  10 
7  8 
7  9 
7  10 
8  9 
8  10 
9  10 
11  7 
11  1 
11  8 
11  10 
12  3 
12  1 
12  6 
12  9 
13  3 
13  4 
13  9 
13  5 
14  6 
14  3 
14  1 
14  10 
15  5 
15  8 
15  2 
15  10 
16  11 
16  10 
16  2 
16  3 
17  15 
17  3 
17  9 
17  16 
18  8 
18  2 
18  7 
18  4 
19  2 
19  17 
19  7 
19  4 
20  5 
20  3 
20  8 
20  6 
21  11 
21  16 
21  2 
21  7 
22  1 
22  10 
22  6 
22  4 
23  22 
23  3 
23  13 
23  15 
24  1 
24  4 
24  3 
24  14 
25  6 
25  5 
25  15 
25  3 
26  2 
26  15 
26  19 
26  5 
27  26 
27  17 
27  10 
27  1 
28  5 
28  10 
28  3 
28  7 
29  10 
29  25 
29  28 
29  8 
30  3 
30  5 
30  15 
30  29 
31  6 
31  29 
31  5 
31  19 
32  6 
32  9 
32  10 
32  7 
33  16 
33  23 
33  12 
33  11 
34  8 
34  2 
34  4 
34  7 
35  21 
35  5 
35  17 
35  6 
36  10 
36  3 
36  11 
36  15 
37  3 
37  17 
37  10 
37  23 
38  4 
38  2 
38  22 
38  5 
39  8 
39  22 
39  9 
39  2 
40  35 
40  16 
40  21 
40  6 
41  10 
41  22 
41  15 
41  29 
42  15 
42  7 
42  16 
42  3 
43  12 
43  2 
43  4 
43  18 
44  11 
44  3 
44  19 
44  20 
45  30 
45  2 
45  18 
45  4 
46  9 
46  10 
46  7 
46  8 
47  35 
47  13 
47  21 
47  10 
48  8 
48  5 
48  7 
48  11 
49  7 
49  22 
49  33 
49  28 
50  3 
50  18 
50  17 
50  16 
51  6 
51  37 
51  4 
51  9 
52  27 
52  6 
52  4 
52  10 
53  5 
53  50 
53  13 
53  15 
54  1 
54  23 
54  10 
54  50 
55  2 
55  4 
55  54 
55  27 
56  3 
56  46 
56  18 
56  2 
57  13 
57  21 
57  18 
57  5 
58  7 
58  57 
58  3 
58  53 
59  56 
59  11 
59  5 
59  17 
60  7 
60  56 
60  33 
60  6 
61  52 
61  9 
61  41 
61  2 
62  20 
62  8 
62  5 
62  36 
63  18 
63  30 
63  51 
63  11 
64  36 
64  1 
64  57 
64  47 
65  4 
65  64 
65  47 
65  1 
66  8 
66  25 
66  5 
66  19 
67  2 
67  57 
67  6 
67  28 
68  5 
68  60 
68  3 
68  62 
69  2 
69  16 
69  3 
69  20 
70  5 
70  4 
70  46 
70  66 
71  10 
71  39 
71  1 
71  6 
72  9 
72  30 
72  31 
72  45 
73  70 
73  40 
73  13 
73  41 
74  62 
74  4 
74  1 
74  11 
75  41 
75  70 
75  17 
75  2 
76  5 
76  32 
76  24 
76  18 
77  13 
77  76 
77  4 
77  8 
78  29 
78  66 
78  59 
78  3 
79  78 
79  76 
79  16 
79  62 
80  6 
80  1 
80  13 
80  50 
81  19 
81  10 
81  47 
81  70 
82  63 
82  8 
82  16 
82  5 
83  14 
83  50 
83  51 
83  71 
84  77 
84  11 
84  1 
84  4 
85  20 
85  40 
85  1 
85  4 
86  9 
86  18 
86  13 
86  8 
87  5 
87  74 
87  54 
87  69 
88  2 
88  5 
88  19 
88  22 
89  6 
89  10 
89  2 
89  24 
90  89 
90  19 
90  72 
90  55 
91  8 
91  11 
91  16 
91  26 
92  74 
92  14 
92  38 
92  16 
93  55 
93  4 
93  51 
93  11 
94  4 
94  6 
94  9 
94  8 
95  30 
95  18 
95  10 
95  64 
96  11 
96  46 
96  40 
96  2 
97  70 
97  19 
97  24 
97  30 
98  35 
98  11 
98  1 
98  3 
99  11 
99  1 
99  65 
99  76 
100  15 
100  11 
100  2 
100  10 
101  75 
101  1 
101  17 
101  89 
102  51 
102  52 
102  2 
102  18 
103  6 
103  99 
103  5 
103  33 
104  54 
104  92 
104  38 
104  2 
105  49 
105  48 
105  4 
105  15 
106  43 
106  82 
106  59 
106  6 
107  76 
107  33 
107  43 
107  24 
108  7 
108  32 
108  96 
108  99 
109  15 
109  21 
109  105 
109  32 
110  71 
110  93 
110  44 
110  11 
111  3 
111  10 
111  61 
111  106 
112  7 
112  77 
112  1 
112  101 
113  9 
113  4 
113  92 
113  78 
114  13 
114  10 
114  5 
114  2 
115  8 
115  85 
115  108 
115  15 
116  85 
116  9 
116  1 
116  7 
117  113 
117  13 
117  70 
117  60 
118  8 
118  50 
118  3 
118  57 
119  40 
119  57 
119  114 
119  44 
120  11 
120  77 
120  40 
120  10 
121  60 
121  66 
121  9 
121  15 
122  89 
122  70 
122  6 
122  28 
123  28 
123  71 
123  31 
123  60 
124  97 
124  10 
124  123 
124  2 
125  91 
125  4 
125  69 
125  62 
126  103 
126  119 
126  47 
126  7 
127  78 
127  55 
127  33 
127  45 
128  77 
128  15 
128  7 
128  41 
129  64 
129  9 
129  30 
129  6 
130  5 
130  4 
130  61 
130  31 
131  3 
131  4 
131  5 
131  35 
132  98 
132  15 
132  33 
132  4 
133  10 
133  6 
133  128 
133  75 
134  83 
134  68 
134  102 
134  5 
135  133 
135  11 
135  34 
135  5 
136  2 
136  19 
136  23 
136  48 
137  6 
137  7 
137  48 
137  88 
138  3 
138  5 
138  45 
138  100 
139  6 
139  83 
139  68 
139  10 
140  89 
140  120 
140  6 
140  4 
141  76 
141  11 
141  96 
141  6 
142  7 
142  100 
142  67 
142  57 
143  33 
143  24 
143  5 
143  66 
144  7 
144  3 
144  29 
144  2 
145  97 
145  48 
145  78 
145  10 
146  31 
146  60 
146  117 
146  24 
147  104 
147  50 
147  2 
147  63 
148  96 
148  7 
148  66 
148  77 
149  51 
149  144 
149  97 
149  4 
150  125 
150  35 
150  37 
150  14 
151  10 
151  50 
151  6 
151  2 
152  22 
152  150 
152  94 
152  6 
153  5 
153  23 
153  18 
153  10 
154  34 
154  40 
154  4 
154  11 
155  26 
155  4 
155  97 
155  123 
156  10 
156  55 
156  13 
156  9 
157  4 
157  18 
157  1 
157  9 
158  15 
158  11 
158  49 
158  98 
159  91 
159  23 
159  45 
159  75 
160  11 
160  100 
160  140 
160  156 
161  98 
161  36 
161  41 
161  90 
162  12 
162  27 
162  23 
162  92 
163  117 
163  101 
163  7 
163  4 
164  19 
164  10 
164  11 
164  16 
165  67 
165  61 
165  31 
165  77 
166  27 
166  7 
166  6 
166  114 
167  4 
167  82 
167  63 
167  13 
168  36 
168  10 
168  149 
168  111 
169  103 
169  72 
169  41 
169  141 
170  106 
170  16 
170  4 
170  57 
171  57 
171  145 
171  24 
171  100 
172  2 
172  152 
172  10 
172  85 
173  46 
173  27 
173  154 
173  47 
174  156 
174  15 
174  2 
174  170 
175  41 
175  97 
175  100 
175  168 
176  163 
176  4 
176  10 
176  138 
177  4 
177  53 
177  90 
177  20 
178  40 
178  4 
178  165 
178  68 
179  22 
179  98 
179  14 
179  13 
180  28 
180  56 
180  123 
180  145 
181  18 
181  148 
181  4 
181  7 
182  9 
182  152 
182  43 
182  40 
183  1 
183  9 
183  69 
183  142 
184  114 
184  60 
184  10 
184  51 
185  15 
185  2 
185  175 
185  9 
186  116 
186  19 
186  145 
186  112 
187  135 
187  96 
187  5 
187  127 
188  3 
188  150 
188  174 
188  22 
189  76 
189  158 
189  71 
189  77 
190  29 
190  160 
190  183 
190  9 
191  86 
191  55 
191  38 
191  105 
192  157 
192  46 
192  168 
192  19 
193  124 
193  15 
193  39 
193  28 
194  10 
194  18 
194  27 
194  51 
195  12 
195  18 
195  168 
195  117 
196  32 
196  13 
196  49 
196  174 
197  8 
197  125 
197  53 
197  37 
198  57 
198  44 
198  7 
198  3 
199  64 
199  14 
199  87 
199  136 
200  21 
200  151 
200  83 
200  188 
1  201 
1  202 
1  203 
2  204 
2  205 
2  203 
3  201 
3  204 
3  202 
3  206 
4  201 
4  202 
4  207 
4  208 
4  205 
5  204 
5  202 
5  207 
5  203 
6  208 
6  205 
6  203 
7  202 
7  208 
7  203 
8  204 
8  202 
8  207 
8  208 
8  206 
8  205 
8  203 
9  201 
9  207 
9  206 
10  201 
10  202 
10  207 
10  205 
10  203 
11  201 
11  206 
11  203 
12  204 
12  202 
12  207 
12  205 
13  204 
13  208 
13  206 
13  205 
14  202 
14  207 
14  208 
14  205 
14  203 
15  201 
15  204 
15  202 
15  208 
16  201 
16  208 
16  206 
16  203 
17  201 
17  204 
17  202 
17  207 
17  206 
17  205 
17  203 
18  204 
18  202 
18  208 
18  206 
18  205 
19  201 
19  202 
19  207 
19  208 
19  206 
19  203 
20  204 
20  202 
20  206 
201  204 
204  202 
202  207 
207  208 
208  206 
206  205 
205  203 
201  202 
201  207 
201  208 
201  206 
201  205 
204  207 
204  208 
204  206 
202  206 
202  205 
207  205 
208  202 
208  205 
203  207 
203  206 
209  144 
209  74 
209  7 
209  157 
210  117 
210  41 
210  202 
210  156 
211  146 
211  47 
211  183 
211  165 
212  59 
212  185 
212  193 
212  109 
213  142 
213  32 
213  5 
213  35 
214  16 
214  188 
214  213 
214  86 
215  164 
215  188 
215  63 
215  129 
216  12 
216  143 
216  164 
216  169 
217  22 
217  109 
217  118 
217  47 
218  88 
218  170 
218  119 
218  167 
219  169 
219  164 
219  125 
219  204 
220  67 
220  92 
220  63 
220  159 
221  1 
221  56 
221  204 
221  28 
222  199 
222  20 
222  156 
222  129 
223  25 
223  190 
223  63 
223  73 
224  44 
224  141 
224  121 
224  50 
225  185 
225  39 
225  203 
225  13 
226  211 
226  206 
226  175 
226  223 
227  37 
227  87 
227  79 
227  16 
228  222 
228  71 
228  184 
228  144 
229  71 
229  137 
229  177 
229  92 
230  154 
230  128 
230  218 
230  14 
231  5 
231  38 
231  230 
231  19 
232  156 
232  111 
232  158 
232  224 
233  213 
233  157 
233  24 
233  155 
234  205 
234  129 
234  45 
234  105 
235  39 
235  218 
235  16 
235  231 
236  164 
236  76 
236  18 
236  149 
237  74 
237  8 
237  9 
237  208 
238  141 
238  165 
238  156 
238  52 
239  160 
239  72 
239  2 
239  38 
240  141 
240  69 
240  119 
240  48 
241  121 
241  194 
241  106 
241  85 
242  196 
242  100 
242  150 
242  231 
243  221 
243  227 
243  230 
243  103 
244  15 
244  216 
244  111 
244  129 
245  24 
245  177 
245  225 
245  100 
246  71 
246  53 
246  125 
246  242 
247  178 
247  156 
247  184 
247  203 
248  127 
248  86 
248  71 
248  225 
249  214 
249  187 
249  54 
249  210 
250  230 
250  111 
250  100 
250  89 
251  231 
251  219 
251  149 
251  179 
252  121 
252  210 
252  109 
252  129 
253  231 
253  188 
253  134 
253  138 
254  70 
254  177 
254  91 
254  242 
255  156 
255  139 
255  22 
255  224 
256  59 
256  22 
256  20 
256  72 
257  216 
257  39 
257  71 
257  250 
258  244 
258  231 
258  234 
258  159 
259  132 
259  63 
259  207 
259  230 
260  166 
260  43 
260  167 
260  195 
261  66 
261  241 
261  139 
261  60 
262  259 
262  6 
262  220 
262  166 
263  148 
263  180 
263  104 
263  239 
264  259 
264  97 
264  190 
264  120 
265  261 
265  73 
265  180 
265  59 
266  123 
266  28 
266  24 
266  141 
267  101 
267  92 
267  232 
267  16 
268  148 
268  128 
268  23 
268  122 
269  267 
269  12 
269  196 
269  148 
270  225 
270  107 
270  63 
270  23 
271  189 
271  187 
271  269 
271  148 
272  199 
272  185 
272  180 
272  19 
273  272 
273  13 
273  192 
273  259 
274  200 
274  88 
274  245 
274  116 
275  167 
275  260 
275  34 
275  269 
276  248 
276  210 
276  18 
276  115 
277  27 
277  263 
277  80 
277  202 
278  100 
278  241 
278  225 
278  112 
279  159 
279  196 
279  278 
279  23 
280  148 
280  159 
280  182 
280  101 
281  59 
281  229 
281  228 
281  271 
282  260 
282  28 
282  242 
282  94 
283  268 
283  256 
283  274 
283  156 
284  32 
284  271 
284  60 
284  210 
285  282 
285  211 
285  56 
285  29 
286  241 
286  199 
286  171 
286  259 
287  271 
287  278 
287  1 
287  199 
288  25 
288  93 
288  229 
288  120 
289  204 
289  156 
289  28 
289  92 
290  28 
290  237 
290  191 
290  126 
291  81 
291  154 
291  288 
291  196 
292  115 
292  59 
292  286 
292  264 
293  45 
293  182 
293  266 
293  120 
294  59 
294  129 
294  273 
294  196 
295  129 
295  142 
295  1 
295  273 
296  156 
296  277 
296  280 
296  115 
297  270 
297  149 
297  5 
297  186 
298  159 
298  28 
298  186 
298  274 
299  168 
299  122 
299  97 
299  267 
300  259 
300  189 
300  295 
300  192 
301  267 
301  30 
301  60 
301  183 
302  37 
302  284 
302  298 
302  291 
303  259 
303  294 
303  196 
303  23 
304  199 
304  47 
304  270 
304  175 
305  10 
305  232 
305  170 
305  62 
306  212 
306  124 
306  288 
306  270 
307  73 
307  86 
307  241 
307  244 
308  280 
308  266 
308  277 
308  24 
309  119 
309  69 
309  72 
309  238 
310  238 
310  275 
310  236 
310  208 
311  180 
311  176 
311  153 
311  310 
312  284 
312  63 
312  16 
312  158 
313  141 
313  282 
313  234 
313  274 
314  288 
314  313 
314  310 
314  166 
315  179 
315  116 
315  194 
315  248 
316  286 
316  193 
316  299 
316  138 
317  164 
317  179 
317  86 
317  244 
318  196 
318  39 
318  317 
318  11 
319  310 
319  243 
319  176 
319  289 
320  15 
320  146 
320  34 
320  282 
321  174 
321  220 
321  160 
321  170 
322  242 
322  43 
322  116 
322  222 
323  1 
323  322 
323  234 
323  230 
324  230 
324  27 
324  207 
324  140 
325  66 
325  134 
325  128 
325  98 
326  313 
326  256 
326  316 
326  114 
327  155 
327  95 
327  31 
327  291 
328  13 
328  318 
328  56 
328  220 
329  107 
329  156 
329  123 
329  320 
330  311 
330  242 
330  179 
330  138 
331  174 
331  89 
331  320 
331  244 
332  285 
332  20 
332  131 
332  323 
333  287 
333  46 
333  111 
333  131 
334  309 
334  327 
334  140 
334  321 
335  82 
335  76 
335  148 
335  266 
336  219 
336  2 
336  217 
336  85 
337  232 
337  196 
337  249 
337  242 
338  174 
338  258 
338  138 
338  197 
339  85 
339  172 
339  220 
339  274 
340  309 
340  310 
340  323 
340  318 
341  208 
341  207 
341  169 
341  199 
342  250 
342  22 
342  217 
342  311 
343  326 
343  238 
343  257 
343  199 
344  287 
344  8 
344  190 
344  321 
345  180 
345  229 
345  338 
345  307 
346  311 
346  29 
346  16 
346  268 
347  277 
347  305 
347  182 
347  180 
348  194 
348  343 
348  179 
348  327 
349  145 
349  164 
349  170 
349  282 
350  211 
350  48 
350  349 
350  344 
351  337 
351  321 
351  256 
351  139 
352  312 
352  309 
352  7 
352  130 
353  325 
353  286 
353  112 
353  343 
354  313 
354  91 
354  34 
354  309 
355  155 
355  307 
355  179 
355  194 
356  339 
356  316 
356  310 
356  247 
357  278 
357  39 
357  159 
357  352 
358  74 
358  309 
358  180 
358  323 
359  233 
359  58 
359  73 
359  60 
360  211 
360  213 
360  143 
360  271 
361  299 
361  288 
361  136 
361  163 
362  120 
362  163 
362  85 
362  277 
363  133 
363  202 
363  276 
363  359 
364  360 
364  263 
364  301 
364  81 
365  277 
365  167 
365  360 
365  80 
366  194 
366  361 
366  93 
366  79 
367  145 
367  6 
367  155 
367  201 
368  226 
368  2 
368  96 
368  205 
369  225 
369  266 
369  133 
369  154 
370  145 
370  86 
370  97 
370  274 
371  285 
371  362 
371  3 
371  361 
372  150 
372  191 
372  228 
372  101 
373  154 
373  68 
373  306 
373  228 
374  222 
374  369 
374  70 
374  200 
375  356 
375  176 
375  332 
375  43 
376  369 
376  336 
376  274 
376  366 
377  330 
377  368 
377  112 
377  49 
378  215 
378  257 
378  323 
378  192 
379  91 
379  321 
379  85 
379  285 
380  374 
380  203 
380  129 
380  198 
381  250 
381  190 
381  165 
381  29 
382  196 
382  369 
382  185 
382  309 
383  196 
383  215 
383  367 
383  244 
384  181 
384  306 
384  219 
384  240 
385  14 
385  378 
385  34 
385  66 
386  181 
386  375 
386  143 
386  194 
387  385 
387  375 
387  85 
387  364 
388  277 
388  36 
388  48 
388  24 
389  352 
389  168 
389  234 
389  133 
390  245 
390  81 
390  181 
390  154 
391  266 
391  364 
391  91 
391  367 
392  120 
392  6 
392  13 
392  375 
393  327 
393  386 
393  173 
393  226 
394  169 
394  212 
394  245 
394  87 
395  157 
395  370 
395  151 
395  369 
396  362 
396  191 
396  114 
396  279 
397  48 
397  57 
397  209 
397  348 
398  328 
398  58 
398  387 
398  375 
399  180 
399  89 
399  381 
399  227 
400  390 
400  346 
400  369 
400  372 
401  155 
401  293 
401  169 
401  390 
402  385 
402  392 
402  87 
402  394 
403  6 
403  323 
403  360 
403  382 
404  279 
404  95 
404  237 
404  267 
405  147 
405  276 
405  311 
405  128 
406  369 
406  356 
406  323 
406  203 
407  226 
407  360 
407  369 
407  142 
408  383 
408  360 
408  98 
408  87 
409  194 
409  314 
409  135 
409  302 
410  164 
410  336 
410  377 
410  74 
411  206 
411  359 
411  160 
411  172 
412  167 
412  410 
412  109 
412  23 
413  367 
413  307 
413  294 
413  27 
414  243 
414  53 
414  251 
414  121 
415  5 
415  15 
415  219 
415  196 
416  153 
416  306 
416  84 
416  319 
417  122 
417  157 
417  42 
417  172 
418  234 
418  91 
418  409 
418  76 
419  312 
419  186 
419  82 
419  22 
420  244 
420  123 
420  226 
420  311 
421  302 
421  123 
421  371 
421  307 
422  253 
422  397 
422  184 
422  38 
423  317 
423  207 
423  28 
423  11 
424  197 
424  317 
424  241 
424  389 
425  33 
425  103 
425  344 
425  424 
426  88 
426  91 
426  425 
426  333 
427  3 
427  384 
427  23 
427  186 
428  417 
428  243 
428  200 
428  360 
429  310 
429  422 
429  147 
429  253 
430  256 
430  364 
430  231 
430  232 
431  67 
431  17 
431  371 
431  350 
432  85 
432  13 
432  196 
432  189 
433  291 
433  387 
433  13 
433  314 
434  18 
434  109 
434  209 
434  398 
435  49 
435  334 
435  417 
435  173 
436  91 
436  27 
436  121 
436  307 
437  59 
437  248 
437  172 
437  223 
438  201 
438  412 
438  122 
438  196 
439  305 
439  386 
439  103 
439  422 
440  305 
440  411 
440  269 
440  99 
441  4 
441  293 
441  154 
441  417 
442  299 
442  317 
442  320 
442  185 
443  72 
443  437 
443  267 
443  355 
444  54 
444  425 
444  115 
444  11 
445  194 
445  197 
445  196 
445  234 
446  35 
446  231 
446  439 
446  27 
447  345 
447  172 
447  147 
447  136 
448  415 
448  121 
448  439 
448  347 
449  168 
449  402 
449  425 
449  158 
450  279 
450  123 
450  18 
450  307 
451  234 
451  11 
451  33 
451  434 
452  189 
452  155 
452  56 
452  17 
453  349 
453  407 
453  278 
453  309 
454  299 
454  438 
454  409 
454  121 
455  426 
455  296 
455  160 
455  236 
456  369 
456  427 
456  224 
456  361 
457  371 
457  434 
457  82 
457  188 
458  267 
458  17 
458  154 
458  362 
459  171 
459  373 
459  211 
459  199 
460  103 
460  190 
460  152 
460  244 
461  241 
461  327 
461  259 
461  38 
462  86 
462  452 
462  335 
462  351 
463  379 
463  193 
463  171 
463  28 
464  183 
464  33 
464  374 
464  158 
465  288 
465  311 
465  297 
465  463 
466  101 
466  140 
466  381 
466  161 
467  363 
467  17 
467  431 
467  346 
468  99 
468  219 
468  213 
468  17 
469  336 
469  147 
469  73 
469  91 
470  468 
470  53 
470  235 
470  148 
471  399 
471  372 
471  464 
471  383 
472  113 
472  280 
472  335 
472  53 
473  105 
473  393 
473  158 
473  440 
474  99 
474  188 
474  425 
474  462 
475  424 
475  222 
475  71 
475  89 
476  61 
476  428 
476  43 
476  10 
477  176 
477  346 
477  423 
477  26 
478  24 
478  249 
478  450 
478  297 
479  7 
479  225 
479  464 
479  86 
480  37 
480  235 
480  109 
480  465 
481  299 
481  480 
481  310 
481  27 
482  474 
482  195 
482  444 
482  373 
483  478 
483  266 
483  197 
483  423 
484  246 
484  479 
484  262 
484  218 
485  209 
485  459 
485  479 
485  431 
486  207 
486  80 
486  15 
486  154 
487  484 
487  94 
487  213 
487  444 
488  158 
488  137 
488  382 
488  234 
489  260 
489  256 
489  202 
489  488 
490  469 
490  53 
490  451 
490  39 
491  15 
491  396 
491  121 
491  202 
492  8 
492  453 
492  223 
492  226 
493  242 
493  372 
493  195 
493  476 
494  7 
494  72 
494  464 
494  20 
495  364 
495  479 
495  28 
495  483 
496  470 
496  424 
496  309 
496  13 
497  262 
497  40 
497  73 
497  70 
498  32 
498  379 
498  215 
498  172 
499  264 
499  93 
499  351 
499  372 
500  371 
500  5 
500  23 
500  431 
501  20 
501  229 
501  219 
501  462 
502  83 
502  95 
502  428 
502  327 
503  404 
503  241 
503  244 
503  459 
504  415 
504  470 
504  284 
504  172 
505  484 
505  159 
505  369 
505  244 
506  392 
506  89 
506  478 
506  363 
507  486 
507  464 
507  8 
507  221 
508  505 
508  400 
508  343 
508  64 
509  13 
509  158 
509  288 
509  384 
510  290 
510  140 
510  442 
510  72 
511  377 
511  208 
511  156 
511  84 
512  464 
512  240 
512  78 
512  330 
513  451 
513  133 
513  443 
513  262 
514  208 
514  159 
514  300 
514  199 
515  194 
515  330 
515  346 
515  76 
516  387 
516  510 
516  269 
516  512 
517  273 
517  293 
517  235 
517  60 
518  156 
518  286 
518  179 
518  393 
519  60 
519  355 
519  516 
519  55 
520  99 
520  235 
520  510 
520  370 
521  434 
521  319 
521  5 
521  59 
522  512 
522  46 
522  391 
522  178 
523  14 
523  146 
523  292 
523  504 
524  521 
524  70 
524  205 
524  503 
525  475 
525  357 
525  378 
525  438 
526  347 
526  464 
526  159 
526  233 
527  525 
527  83 
527  218 
527  421 
528  526 
528  247 
528  239 
528  108 
529  39 
529  438 
529  452 
529  219 
530  522 
530  511 
530  38 
530  517 
531  164 
531  65 
531  437 
531  381 
532  81 
532  353 
532  305 
532  517 
533  192 
533  329 
533  520 
533  445 
534  272 
534  218 
534  273 
534  355 
535  351 
535  528 
535  175 
535  281 
536  271 
536  209 
536  526 
536  394 
537  38 
537  388 
537  133 
537  434 
538  447 
538  534 
538  251 
538  355 
539  326 
539  504 
539  335 
539  510 
540  307 
540  404 
540  91 
540  223 
541  330 
541  175 
541  446 
541  374 
542  239 
542  331 
542  87 
542  209 
543  334 
543  177 
543  511 
543  351 
544  422 
544  221 
544  185 
544  498 
545  80 
545  360 
545  280 
545  517 
546  117 
546  5 
546  36 
546  3 
547  480 
547  86 
547  239 
547  537 
548  347 
548  204 
548  266 
548  518 
549  361 
549  62 
549  325 
549  440 
550  194 
550  293 
550  347 
550  510 
551  346 
551  530 
551  548 
551  389 
552  296 
552  227 
552  525 
552  87 
553  84 
553  114 
553  501 
553  515 
554  420 
554  260 
554  12 
554  354 
555  93 
555  248 
555  209 
555  137 
556  408 
556  396 
556  521 
556  267 
557  103 
557  537 
557  305 
557  116 
558  443 
558  207 
558  65 
558  302 
559  534 
559  163 
559  377 
559  186 
560  150 
560  452 
560  475 
560  168 
561  382 
561  250 
561  317 
561  179 
562  139 
562  229 
562  395 
562  415 
563  117 
563  39 
563  199 
563  121 
564  166 
564  438 
564  244 
564  57 
565  3 
565  510 
565  21 
565  559 
566  237 
566  366 
566  135 
566  548 
567  401 
567  52 
567  562 
567  2 
568  218 
568  152 
568  142 
568  562 
569  481 
569  258 
569  201 
569  166 
570  14 
570  161 
570  96 
570  21 
571  163 
571  502 
571  448 
571  43 
572  420 
572  567 
572  216 
572  116 
573  438 
573  221 
573  92 
573  302 
574  442 
574  441 
574  499 
574  127 
575  508 
575  81 
575  265 
575  226 
576  415 
576  273 
576  498 
576  186 
577  518 
577  157 
577  412 
577  332 
578  520 
578  334 
578  29 
578  535 
579  499 
579  486 
579  380 
579  209 
580  243 
580  117 
580  163 
580  292 
581  297 
581  338 
581  472 
581  242 
582  570 
582  8 
582  420 
582  559 
583  415 
583  182 
583  501 
583  114 
584  161 
584  583 
584  420 
584  348 
585  389 
585  104 
585  382 
585  497 
586  202 
586  23 
586  472 
586  336 
587  202 
587  210 
587  152 
587  14 
588  90 
588  545 
588  438 
588  586 
589  185 
589  422 
589  36 
589  587 
590  500 
590  113 
590  72 
590  589 
591  278 
591  164 
591  172 
591  438 
592  452 
592  354 
592  576 
592  286 
593  562 
593  563 
593  281 
593  452 
594  201 
594  62 
594  429 
594  237 
595  430 
595  532 
595  590 
595  549 
596  539 
596  267 
596  273 
596  590 
597  24 
597  302 
597  75 
597  439 
598  441 
598  444 
598  584 
598  292 
599  131 
599  324 
599  1 
599  233 
600  267 
600  592 
600  566 
600  121 
601  570 
601  412 
601  567 
601  73 
602  572 
602  345 
602  132 
602  467 
603  211 
603  601 
603  22 
603  415 
604  267 
604  55 
604  226 
604  327 
605  90 
605  541 
605  104 
605  382 
606  394 
606  126 
606  3 
606  497 
607  503 
607  244 
607  139 
607  209 
608  596 
608  577 
608  590 
608  562 
609  537 
609  235 
609  103 
609  601 
610  599 
610  287 
610  227 
610  94 
611  402 
611  300 
611  265 
611  149 
612  557 
612  88 
612  524 
612  354 
613  249 
613  530 
613  272 
613  377 
614  301 
614  71 
614  74 
614  204 
615  353 
615  611 
615  77 
615  34 
616  469 
616  372 
616  614 
616  15 
617  102 
617  366 
617  66 
617  527 
618  283 
618  376 
618  70 
618  214 
619  477 
619  563 
619  444 
619  98 
620  101 
620  292 
620  61 
620  444 
621  328 
621  610 
621  400 
621  46 
622  301 
622  501 
622  579 
622  411 
623  288 
623  236 
623  257 
623  336 
624  559 
624  304 
624  114 
624  501 
625  64 
625  461 
625  336 
625  255 
626  437 
626  228 
626  614 
626  165 
627  411 
627  323 
627  170 
627  622 
628  177 
628  221 
628  299 
628  3 
629  455 
629  389 
629  350 
629  615 
630  618 
630  396 
630  177 
630  66 
631  444 
631  237 
631  366 
631  381 
632  478 
632  273 
632  252 
632  465 
633  606 
633  624 
633  534 
633  395 
634  39 
634  304 
634  611 
634  16 
635  431 
635  612 
635  478 
635  186 
636  37 
636  616 
636  328 
636  282 
637  609 
637  9 
637  85 
637  614 
638  478 
638  614 
638  455 
638  230 
639  208 
639  5 
639  611 
639  526 
640  199 
640  629 
640  585 
640  263 
641  233 
641  129 
641  634 
641  352 
642  499 
642  90 
642  395 
642  586 
643  196 
643  592 
643  85 
643  12 
644  485 
644  417 
644  633 
644  437 
645  71 
645  615 
645  630 
645  125 
646  509 
646  579 
646  614 
646  66 
647  90 
647  193 
647  452 
647  575 
648  534 
648  135 
648  5 
648  428 
649  166 
649  62 
649  112 
649  147 
650  621 
650  364 
650  614 
650  230 
651  69 
651  166 
651  186 
651  337 
652  340 
652  70 
652  570 
652  649 
653  167 
653  320 
653  560 
653  141 
654  643 
654  337 
654  362 
654  114 
655  152 
655  349 
655  226 
655  500 
656  407 
656  579 
656  11 
656  372 
657  506 
657  653 
657  592 
657  395 
658  651 
658  189 
658  218 
658  93 
659  101 
659  79 
659  13 
659  227 
660  194 
660  651 
660  540 
660  541 
661  640 
661  245 
661  285 
661  124 
662  2 
662  649 
662  633 
662  399 
663  661 
663  649 
663  579 
663  197 
664  470 
664  588 
664  133 
664  270 
665  240 
665  34 
665  656 
665  124 
666  541 
666  263 
666  194 
666  616 
667  320 
667  387 
667  590 
667  194 
668  361 
668  492 
668  121 
668  45 
669  145 
669  99 
669  282 
669  172 
670  313 
670  214 
670  76 
670  210 
671  598 
671  65 
671  36 
671  164 
672  124 
672  318 
672  456 
672  544 
673  668 
673  19 
673  484 
673  525 
674  39 
674  322 
674  672 
674  450 
675  83 
675  668 
675  492 
675  312 
676  606 
676  667 
676  660 
676  566 
677  254 
677  34 
677  623 
677  551 
678  356 
678  496 
678  529 
678  126 
679  395 
679  668 
679  578 
679  492 
680  9 
680  147 
680  313 
680  124 
681  204 
681  320 
681  671 
681  110 
682  411 
682  16 
682  179 
682  23 
683  593 
683  397 
683  200 
683  590 
684  234 
684  442 
684  400 
684  615 
685  229 
685  196 
685  665 
685  320 
686  55 
686  197 
686  407 
686  318 
687  310 
687  28 
687  83 
687  9 
688  357 
688  324 
688  431 
688  685 
689  403 
689  372 
689  155 
689  209 
690  164 
690  268 
690  525 
690  590 
691  665 
691  193 
691  197 
691  471 
692  443 
692  671 
692  379 
692  400 
693  692 
693  593 
693  361 
693  432 
694  387 
694  582 
694  665 
694  402 
695  659 
695  671 
695  418 
695  683 
696  76 
696  177 
696  468 
696  680 
697  673 
697  691 
697  474 
697  236 
698  125 
698  468 
698  686 
698  407 
699  673 
699  484 
699  399 
699  687 
700  190 
700  660 
700  373 
700  649 
701  2 
701  201 
701  462 
701  55 
702  401 
702  473 
702  668 
702  47 
703  606 
703  468 
703  443 
703  649 
704  117 
704  221 
704  23 
704  315 
705  69 
705  703 
705  669 
705  484 
706  431 
706  668 
706  214 
706  680 
707  87 
707  28 
707  533 
707  703 
708  593 
708  669 
708  685 
708  614 
709  237 
709  163 
709  99 
709  149 
710  709 
710  486 
710  407 
710  612 
711  620 
711  688 
711  103 
711  33 
712  461 
712  487 
712  457 
712  249 
713  254 
713  29 
713  164 
713  579 
714  606 
714  148 
714  413 
714  323 
715  443 
715  262 
715  128 
715  553 
716  79 
716  613 
716  559 
716  190 
717  523 
717  158 
717  242 
717  405 
718  89 
718  560 
718  385 
718  465 
719  478 
719  581 
719  58 
719  175 
720  460 
720  61 
720  540 
720  448 
721  238 
721  718 
721  24 
721  329 
722  559 
722  717 
722  524 
722  40 
723  124 
723  507 
723  82 
723  707 
724  557 
724  172 
724  318 
724  563 
725  579 
725  589 
725  189 
725  218 
726  723 
726  272 
726  725 
726  546 
727  724 
727  657 
727  127 
727  238 
728  374 
728  563 
728  52 
728  300 
729  526 
729  478 
729  355 
729  99 
730  610 
730  60 
730  728 
730  685 
731  258 
731  263 
731  211 
731  657 
732  688 
732  692 
732  617 
732  610 
733  133 
733  562 
733  711 
733  337 
734  614 
734  261 
734  402 
734  127 
735  210 
735  233 
735  418 
735  488 
736  60 
736  238 
736  527 
736  344 
737  728 
737  438 
737  313 
737  712 
738  433 
738  532 
738  474 
738  257 
739  99 
739  500 
739  100 
739  734 
740  731 
740  100 
740  185 
740  203 
741  223 
741  294 
741  720 
741  232 
742  727 
742  703 
742  376 
742  142 
743  468 
743  697 
743  531 
743  608 
744  196 
744  8 
744  236 
744  685 
745  645 
745  671 
745  133 
745  183 
746  711 
746  458 
746  725 
746  462 
747  711 
747  100 
747  746 
747  559 
748  711 
748  348 
748  240 
748  727 
749  48 
749  221 
749  55 
749  13 
750  196 
750  714 
750  736 
750  747 
751  461 
751  438 
751  720 
751  106 
752  323 
752  80 
752  167 
752  218 
753  636 
753  641 
753  489 
753  69 
754  728 
754  32 
754  638 
754  553 
755  18 
755  233 
755  606 
755  660 
756  560 
756  517 
756  452 
756  272 
757  182 
757  746 
757  734 
757  155 
758  637 
758  524 
758  233 
758  64 
759  214 
759  610 
759  511 
759  274 
760  431 
760  195 
760  372 
760  162 
761  678 
761  534 
761  325 
761  65 
762  250 
762  691 
762  393 
762  533 
763  64 
763  222 
763  326 
763  237 
764  623 
764  415 
764  154 
764  352 
765  597 
765  392 
765  452 
765  514 
766  536 
766  591 
766  133 
766  9 
767  517 
767  654 
767  11 
767  565 
768  709 
768  438 
768  680 
768  441 
769  308 
769  642 
769  474 
769  266 
770  696 
770  508 
770  383 
770  475 
771  540 
771  277 
771  766 
771  393 
772  528 
772  656 
772  37 
772  275 
773  389 
773  462 
773  716 
773  522 
774  120 
774  349 
774  589 
774  429 
775  157 
775  492 
775  320 
775  485 
776  513 
776  471 
776  402 
776  766 
777  563 
777  361 
777  192 
777  717 
778  472 
778  326 
778  373 
778  733 
779  235 
779  562 
779  447 
779  202 
780  339 
780  760 
780  266 
780  363 
781  140 
781  462 
781  491 
781  772 
782  277 
782  773 
782  778 
782  188 
783  419 
783  284 
783  152 
783  413 
784  780 
784  229 
784  175 
784  339 
785  80 
785  203 
785  728 
785  298 
786  652 
786  172 
786  715 
786  336 
787  43 
787  410 
787  190 
787  204 
788  687 
788  400 
788  378 
788  49 
789  184 
789  444 
789  514 
789  530 
790  369 
790  687 
790  585 
790  83 
791  26 
791  383 
791  471 
791  247 
792  157 
792  505 
792  339 
792  493 
793  721 
793  545 
793  464 
793  228 
794  741 
794  394 
794  591 
794  360 
795  276 
795  394 
795  626 
795  339 
796  733 
796  532 
796  266 
796  621 
797  306 
797  506 
797  49 
797  400 
798  783 
798  304 
798  537 
798  657 
799  250 
799  277 
799  532 
799  321 
800  526 
800  687 
800  788 
800  42 
801  316 
801  549 
801  48 
801  363 
802  787 
802  788 
802  562 
802  79 
803  79 
803  193 
803  303 
803  170 
804  658 
804  21 
804  246 
804  339 
805  327 
805  796 
805  203 
805  275 
806  327 
806  626 
806  332 
806  57 
807  689 
807  310 
807  683 
807  467 
808  47 
808  288 
808  109 
808  726 
809  52 
809  350 
809  685 
809  699 
810  357 
810  206 
810  411 
810  168 
811  492 
811  588 
811  755 
811  5 
812  167 
812  791 
812  54 
812  475 
813  809 
813  142 
813  116 
813  85 
814  472 
814  548 
814  740 
814  808 
815  444 
815  559 
815  188 
815  275 
816  393 
816  487 
816  354 
816  9 
817  762 
817  124 
817  333 
817  491 
818  727 
818  192 
818  395 
818  51 
819  244 
819  803 
819  463 
819  348 
820  456 
820  29 
820  750 
820  221 
821  23 
821  807 
821  407 
821  196 
822  172 
822  698 
822  725 
822  359 
823  167 
823  812 
823  786 
823  693 
824  311 
824  809 
824  449 
824  451 
825  292 
825  672 
825  24 
825  355 
826  3 
826  813 
826  761 
826  519 
827  455 
827  450 
827  315 
827  499 
828  144 
828  624 
828  489 
828  761 
829  611 
829  728 
829  695 
829  686 
830  294 
830  7 
830  389 
830  577 
831  315 
831  810 
831  594 
831  107 
832  335 
832  818 
832  717 
832  137 
833  815 
833  95 
833  762 
833  551 
834  527 
834  337 
834  810 
834  112 
835  375 
835  460 
835  651 
835  288 
836  69 
836  35 
836  832 
836  482 
837  834 
837  275 
837  810 
837  815 
838  321 
838  460 
838  240 
838  625 
839  45 
839  687 
839  463 
839  275 
840  222 
840  425 
840  386 
840  151 
841  583 
841  285 
841  168 
841  699 
842  711 
842  408 
842  812 
842  818 
843  377 
843  423 
843  807 
843  406 
844  699 
844  594 
844  296 
844  141 
845  616 
845  277 
845  319 
845  836 
846  306 
846  479 
846  740 
846  724 
847  495 
847  819 
847  447 
847  143 
848  327 
848  809 
848  747 
848  80 
849  616 
849  510 
849  803 
849  515 
850  813 
850  551 
850  692 
850  286 
851  244 
851  181 
851  836 
851  499 
852  35 
852  313 
852  179 
852  661 
853  830 
853  424 
853  527 
853  302 
854  100 
854  323 
854  683 
854  429 
855  306 
855  524 
855  645 
855  518 
856  542 
856  97 
856  573 
856  433 
857  13 
857  485 
857  244 
857  259 
858  451 
858  209 
858  136 
858  213 
859  334 
859  826 
859  547 
859  524 
860  407 
860  638 
860  199 
860  595 
861  448 
861  391 
861  254 
861  764 
862  281 
862  482 
862  253 
862  279 
863  803 
863  513 
863  570 
863  391 
864  218 
864  654 
864  228 
864  17 
865  194 
865  277 
865  65 
865  178 
866  771 
866  521 
866  140 
866  85 
867  816 
867  278 
867  108 
867  831 
868  301 
868  656 
868  159 
868  795 
869  509 
869  804 
869  622 
869  793 
870  602 
870  484 
870  404 
870  631 
871  27 
871  436 
871  92 
871  253 
872  202 
872  753 
872  513 
872  559 
873  742 
873  531 
873  429 
873  398 
874  604 
874  579 
874  541 
874  536 
875  320 
875  553 
875  781 
875  427 
876  338 
876  541 
876  623 
876  631 
877  642 
877  346 
877  225 
877  803 
878  735 
878  203 
878  840 
878  74 
879  321 
879  269 
879  339 
879  80 
880  783 
880  733 
880  87 
880  246 
881  246 
881  748 
881  300 
881  860 
882  435 
882  521 
882  363 
882  26 
883  441 
883  228 
883  48 
883  253 
884  521 
884  487 
884  612 
884  320 
885  713 
885  841 
885  163 
885  851 
886  541 
886  597 
886  493 
886  509 
887  358 
887  724 
887  847 
887  453 
888  642 
888  589 
888  724 
888  501 
889  595 
889  535 
889  251 
889  276 
890  829 
890  875 
890  580 
890  82 
891  877 
891  371 
891  637 
891  871 
892  24 
892  739 
892  417 
892  624 
893  637 
893  253 
893  859 
893  311 
894  81 
894  732 
894  609 
894  553 
895  494 
895  420 
895  321 
895  851 
896  270 
896  48 
896  661 
896  563 
897  556 
897  493 
897  250 
897  338 
898  712 
898  860 
898  108 
898  379 
899  257 
899  718 
899  113 
899  814 
900  570 
900  432 
900  804 
900  836 
901  482 
901  494 
901  878 
901  526 
902  301 
902  305 
902  878 
902  862 
903  376 
903  158 
903  801 
903  203 
904  642 
904  446 
904  283 
904  111 
905  21 
905  364 
905  655 
905  895 
906  711 
906  793 
906  881 
906  226 
907  422 
907  67 
907  704 
907  416 
908  339 
908  488 
908  604 
908  705 
 

