1  2 
1  3 
1  4 
1  5 
1  6 
1  7 
1  8 
1  9 
1  10 
2  3 
2  4 
2  5 
2  6 
2  7 
2  8 
2  9 
2  10 
3  4 
3  5 
3  6 
3  7 
3  8 
3  9 
3  10 
4  5 
4  6 
4  7 
4  8 
4  9 
4  10 
5  6 
5  7 
5  8 
5  9 
5  10 
6  7 
6  8 
6  9 
6  10 
7  8 
7  9 
7  10 
8  9 
8  10 
9  10 
11  8 
11  1 
11  7 
11  5 
12  10 
12  6 
12  5 
12  3 
13  6 
13  8 
13  4 
13  1 
14  2 
14  9 
14  6 
14  3 
15  3 
15  7 
15  2 
15  1 
16  2 
16  10 
16  4 
16  5 
17  10 
17  7 
17  6 
17  13 
18  3 
18  8 
18  10 
18  11 
19  7 
19  14 
19  1 
19  10 
20  9 
20  10 
20  17 
20  2 
21  4 
21  9 
21  17 
21  12 
22  5 
22  6 
22  7 
22  2 
23  18 
23  2 
23  5 
23  7 
24  17 
24  5 
24  21 
24  9 
25  14 
25  7 
25  19 
25  2 
26  1 
26  15 
26  2 
26  17 
27  7 
27  18 
27  12 
27  4 
28  9 
28  4 
28  5 
28  22 
29  23 
29  1 
29  13 
29  19 
30  8 
30  7 
30  12 
30  3 
31  2 
31  9 
31  7 
31  10 
32  14 
32  5 
32  13 
32  7 
33  26 
33  10 
33  27 
33  5 
34  22 
34  13 
34  6 
34  20 
35  4 
35  34 
35  10 
35  2 
36  9 
36  7 
36  11 
36  2 
37  32 
37  13 
37  7 
37  19 
38  13 
38  7 
38  33 
38  4 
39  1 
39  18 
39  22 
39  6 
40  22 
40  38 
40  28 
40  24 
41  40 
41  35 
41  32 
41  6 
42  40 
42  33 
42  9 
42  27 
43  10 
43  1 
43  3 
43  24 
44  12 
44  21 
44  6 
44  25 
45  24 
45  5 
45  10 
45  7 
46  10 
46  34 
46  28 
46  3 
47  3 
47  8 
47  7 
47  13 
48  31 
48  4 
48  16 
48  25 
49  10 
49  40 
49  9 
49  24 
50  11 
50  48 
50  18 
50  29 
51  32 
51  9 
51  43 
51  12 
52  7 
52  14 
52  38 
52  48 
53  7 
53  10 
53  30 
53  21 
54  4 
54  5 
54  21 
54  2 
55  6 
55  1 
55  36 
55  34 
56  48 
56  4 
56  3 
56  23 
57  10 
57  31 
57  1 
57  13 
58  29 
58  2 
58  17 
58  42 
59  14 
59  38 
59  29 
59  54 
60  22 
60  2 
60  4 
60  48 
61  38 
61  8 
61  21 
61  2 
62  3 
62  2 
62  47 
62  34 
63  6 
63  10 
63  9 
63  22 
64  39 
64  7 
64  4 
64  30 
65  8 
65  58 
65  43 
65  11 
66  7 
66  57 
66  32 
66  55 
67  39 
67  4 
67  38 
67  3 
68  8 
68  10 
68  5 
68  35 
69  52 
69  49 
69  68 
69  45 
70  47 
70  13 
70  8 
70  2 
71  68 
71  8 
71  18 
71  6 
72  8 
72  12 
72  13 
72  9 
73  22 
73  11 
73  6 
73  10 
74  5 
74  46 
74  7 
74  28 
75  18 
75  67 
75  29 
75  8 
76  2 
76  25 
76  65 
76  6 
77  28 
77  47 
77  22 
77  40 
78  12 
78  43 
78  55 
78  22 
79  35 
79  7 
79  74 
79  8 
80  2 
80  10 
80  1 
80  13 
81  20 
81  10 
81  6 
81  1 
82  11 
82  68 
82  50 
82  47 
83  3 
83  4 
83  10 
83  11 
84  8 
84  68 
84  43 
84  12 
85  6 
85  53 
85  78 
85  30 
86  3 
86  31 
86  43 
86  40 
87  60 
87  32 
87  59 
87  33 
88  67 
88  65 
88  35 
88  56 
89  29 
89  55 
89  61 
89  20 
90  81 
90  6 
90  9 
90  55 
91  21 
91  22 
91  72 
91  43 
92  18 
92  2 
92  8 
92  57 
93  6 
93  7 
93  2 
93  16 
94  11 
94  38 
94  8 
94  81 
95  7 
95  4 
95  75 
95  6 
96  28 
96  95 
96  4 
96  34 
97  38 
97  18 
97  12 
97  10 
98  16 
98  20 
98  7 
98  8 
99  73 
99  31 
99  8 
99  33 
100  98 
100  50 
100  6 
100  19 
101  32 
101  71 
101  7 
101  11 
102  5 
102  55 
102  93 
102  72 
103  32 
103  5 
103  3 
103  9 
104  10 
104  32 
104  1 
104  41 
105  4 
105  55 
105  27 
105  13 
106  34 
106  6 
106  8 
106  58 
107  67 
107  30 
107  57 
107  105 
108  1 
108  39 
108  10 
108  7 
109  50 
109  17 
109  9 
109  29 
110  38 
110  19 
110  95 
110  3 
111  78 
111  59 
111  58 
111  13 
112  34 
112  46 
112  98 
112  32 
113  6 
113  2 
113  29 
113  9 
114  4 
114  7 
114  8 
114  87 
115  6 
115  78 
115  12 
115  11 
116  79 
116  8 
116  38 
116  2 
117  19 
117  80 
117  97 
117  9 
118  72 
118  28 
118  77 
118  89 
119  100 
119  20 
119  22 
119  66 
120  7 
120  29 
120  85 
120  13 
121  3 
121  14 
121  89 
121  117 
122  116 
122  10 
122  55 
122  38 
123  48 
123  59 
123  38 
123  117 
124  116 
124  35 
124  28 
124  8 
125  80 
125  89 
125  32 
125  11 
126  60 
126  89 
126  54 
126  79 
127  70 
127  2 
127  7 
127  11 
128  7 
128  1 
128  18 
128  10 
129  8 
129  113 
129  119 
129  3 
130  75 
130  8 
130  111 
130  68 
131  104 
131  24 
131  2 
131  6 
132  95 
132  8 
132  2 
132  11 
133  13 
133  46 
133  25 
133  75 
134  5 
134  128 
134  7 
134  105 
135  15 
135  110 
135  1 
135  2 
136  97 
136  74 
136  20 
136  7 
137  55 
137  39 
137  2 
137  105 
138  82 
138  103 
138  20 
138  7 
139  46 
139  41 
139  124 
139  38 
140  74 
140  108 
140  8 
140  12 
141  10 
141  39 
141  96 
141  53 
142  94 
142  27 
142  7 
142  10 
143  18 
143  10 
143  23 
143  9 
144  141 
144  52 
144  51 
144  73 
145  83 
145  10 
145  7 
145  121 
146  92 
146  81 
146  24 
146  109 
147  9 
147  70 
147  53 
147  50 
148  134 
148  10 
148  89 
148  12 
149  17 
149  94 
149  82 
149  134 
150  7 
150  101 
150  118 
150  9 
151  15 
151  58 
151  143 
151  150 
152  25 
152  8 
152  7 
152  9 
153  6 
153  41 
153  145 
153  24 
154  121 
154  10 
154  1 
154  112 
155  11 
155  54 
155  89 
155  5 
156  67 
156  80 
156  131 
156  12 
157  54 
157  36 
157  7 
157  31 
158  6 
158  35 
158  125 
158  15 
159  95 
159  103 
159  73 
159  7 
160  17 
160  8 
160  1 
160  141 
161  40 
161  28 
161  48 
161  10 
162  139 
162  9 
162  2 
162  158 
163  17 
163  7 
163  2 
163  22 
164  95 
164  105 
164  6 
164  3 
165  8 
165  95 
165  10 
165  132 
166  25 
166  10 
166  1 
166  5 
167  13 
167  8 
167  87 
167  113 
168  124 
168  23 
168  7 
168  12 
169  71 
169  86 
169  106 
169  107 
170  10 
170  169 
170  45 
170  14 
171  101 
171  23 
171  113 
171  59 
172  3 
172  146 
172  107 
172  124 
173  85 
173  122 
173  81 
173  10 
174  27 
174  156 
174  149 
174  8 
175  13 
175  10 
175  70 
175  4 
176  151 
176  160 
176  10 
176  4 
177  31 
177  12 
177  77 
177  10 
178  82 
178  67 
178  38 
178  96 
179  15 
179  12 
179  141 
179  79 
180  39 
180  62 
180  114 
180  104 
181  105 
181  108 
181  143 
181  34 
182  177 
182  10 
182  40 
182  4 
183  9 
183  134 
183  110 
183  7 
184  148 
184  5 
184  182 
184  33 
185  39 
185  161 
185  10 
185  1 
186  104 
186  39 
186  25 
186  12 
187  91 
187  52 
187  11 
187  108 
188  183 
188  178 
188  10 
188  139 
189  41 
189  13 
189  86 
189  87 
190  9 
190  75 
190  78 
190  53 
191  2 
191  125 
191  3 
191  179 
192  8 
192  118 
192  24 
192  14 
193  10 
193  158 
193  85 
193  13 
194  158 
194  37 
194  144 
194  187 
195  31 
195  35 
195  40 
195  7 
196  134 
196  95 
196  7 
196  77 
197  162 
197  40 
197  73 
197  24 
198  4 
198  74 
198  5 
198  78 
199  66 
199  60 
199  10 
199  13 
200  14 
200  64 
200  1 
200  6 
1  201 
1  202 
1  203 
1  204 
1  205 
2  201 
3  201 
3  203 
3  204 
3  206 
3  207 
4  201 
4  203 
4  205 
4  207 
5  201 
5  204 
5  205 
6  201 
6  202 
6  203 
6  205 
7  208 
7  204 
8  202 
8  206 
8  207 
9  202 
9  208 
9  204 
9  207 
10  201 
10  203 
10  205 
11  202 
11  208 
11  206 
11  207 
12  203 
12  207 
13  201 
13  202 
13  204 
13  207 
14  201 
14  202 
14  208 
14  204 
14  205 
14  206 
14  207 
15  201 
15  202 
15  203 
15  204 
15  207 
16  204 
16  206 
16  207 
17  201 
17  202 
17  205 
18  201 
18  202 
18  203 
18  204 
18  206 
18  207 
19  201 
19  208 
19  204 
19  206 
19  207 
20  201 
20  202 
20  208 
20  206 
20  207 
201  202 
202  203 
203  208 
208  204 
204  205 
205  206 
206  207 
201  205 
201  206 
202  205 
203  205 
203  206 
208  201 
208  206 
204  201 
204  202 
204  203 
204  206 
207  201 
207  202 
207  205 
209  11 
209  177 
209  162 
209  14 
210  116 
210  40 
210  133 
210  7 
211  210 
211  110 
211  145 
211  24 
212  52 
212  24 
212  206 
212  209 
213  104 
213  6 
213  103 
213  68 
214  144 
214  167 
214  206 
214  116 
215  147 
215  143 
215  182 
215  209 
216  103 
216  102 
216  150 
216  211 
217  153 
217  103 
217  19 
217  206 
218  24 
218  212 
218  80 
218  143 
219  6 
219  90 
219  182 
219  69 
220  21 
220  167 
220  144 
220  46 
221  98 
221  184 
221  111 
221  187 
222  52 
222  1 
222  104 
222  177 
223  102 
223  73 
223  210 
223  28 
224  35 
224  168 
224  178 
224  129 
225  214 
225  216 
225  203 
225  212 
226  164 
226  46 
226  211 
226  182 
227  48 
227  218 
227  179 
227  203 
228  227 
228  226 
228  222 
228  103 
229  173 
229  9 
229  40 
229  119 
230  122 
230  153 
230  212 
230  125 
231  227 
231  31 
231  160 
231  215 
232  215 
232  225 
232  67 
232  103 
233  72 
233  218 
233  179 
233  219 
234  89 
234  140 
234  215 
234  104 
235  150 
235  194 
235  75 
235  226 
236  211 
236  98 
236  228 
236  203 
237  227 
237  223 
237  104 
237  235 
238  206 
238  103 
238  85 
238  204 
239  176 
239  101 
239  44 
239  196 
240  210 
240  235 
240  135 
240  113 
241  203 
241  200 
241  128 
241  45 
242  166 
242  226 
242  240 
242  180 
243  116 
243  212 
243  55 
243  166 
244  167 
244  73 
244  203 
244  32 
245  240 
245  40 
245  100 
245  227 
246  196 
246  236 
246  157 
246  182 
247  237 
247  102 
247  235 
247  89 
248  93 
248  164 
248  33 
248  2 
249  85 
249  196 
249  110 
249  247 
250  114 
250  130 
250  242 
250  195 
251  63 
251  241 
251  27 
251  220 
252  144 
252  157 
252  244 
252  222 
253  176 
253  234 
253  111 
253  218 
254  226 
254  9 
254  229 
254  195 
255  102 
255  242 
255  214 
255  182 
256  216 
256  160 
256  225 
256  113 
257  220 
257  254 
257  135 
257  248 
258  242 
258  230 
258  164 
258  212 
259  232 
259  131 
259  175 
259  68 
260  149 
260  48 
260  22 
260  243 
261  259 
261  69 
261  233 
261  63 
262  15 
262  76 
262  84 
262  56 
263  147 
263  131 
263  209 
263  200 
264  131 
264  85 
264  211 
264  90 
265  76 
265  16 
265  186 
265  221 
266  212 
266  82 
266  154 
266  37 
267  24 
267  264 
267  88 
267  259 
268  46 
268  63 
268  225 
268  117 
269  89 
269  265 
269  15 
269  2 
270  83 
270  111 
270  42 
270  143 
271  221 
271  255 
271  85 
271  266 
272  151 
272  31 
272  170 
272  131 
273  262 
273  117 
273  109 
273  14 
274  97 
274  221 
274  265 
274  154 
275  255 
275  112 
275  192 
275  14 
276  250 
276  1 
276  61 
276  171 
277  259 
277  276 
277  170 
277  263 
278  171 
278  209 
278  269 
278  187 
279  156 
279  256 
279  61 
279  208 
280  84 
280  46 
280  188 
280  69 
281  28 
281  183 
281  48 
281  190 
282  205 
282  188 
282  267 
282  152 
283  272 
283  266 
283  39 
283  84 
284  274 
284  129 
284  263 
284  194 
285  257 
285  213 
285  112 
285  225 
286  225 
286  159 
286  82 
286  265 
287  114 
287  45 
287  264 
287  121 
288  145 
288  74 
288  233 
288  259 
289  97 
289  221 
289  144 
289  6 
290  13 
290  71 
290  138 
290  107 
291  136 
291  27 
291  268 
291  266 
292  111 
292  290 
292  282 
292  171 
293  276 
293  15 
293  185 
293  131 
294  256 
294  197 
294  89 
294  264 
295  74 
295  292 
295  22 
295  44 
296  270 
296  263 
296  130 
296  187 
297  69 
297  38 
297  63 
297  129 
298  69 
298  108 
298  3 
298  183 
299  267 
299  262 
299  284 
299  266 
300  270 
300  240 
300  99 
300  57 
301  276 
301  273 
301  265 
301  57 
302  72 
302  275 
302  209 
302  34 
303  108 
303  302 
303  204 
303  263 
304  172 
304  259 
304  127 
304  272 
305  270 
305  244 
305  249 
305  94 
306  161 
306  274 
306  256 
306  277 
307  40 
307  25 
307  63 
307  264 
308  164 
308  63 
308  97 
308  138 
 

