1  2 
1  3 
1  4 
1  5 
1  6 
1  7 
1  8 
1  9 
1  10 
2  3 
2  4 
2  5 
2  6 
2  7 
2  8 
2  9 
2  10 
3  4 
3  5 
3  6 
3  7 
3  8 
3  9 
3  10 
4  5 
4  6 
4  7 
4  8 
4  9 
4  10 
5  6 
5  7 
5  8 
5  9 
5  10 
6  7 
6  8 
6  9 
6  10 
7  8 
7  9 
7  10 
8  9 
8  10 
9  10 
11  10 
11  9 
11  6 
11  5 
12  5 
12  9 
12  3 
12  4 
13  8 
13  3 
13  9 
13  2 
14  1 
14  6 
14  12 
14  5 
15  2 
15  11 
15  10 
15  8 
16  6 
16  15 
16  14 
16  4 
17  1 
17  7 
17  5 
17  6 
18  8 
18  6 
18  10 
18  12 
19  9 
19  7 
19  1 
19  14 
20  12 
20  5 
20  9 
20  1 
21  3 
21  10 
21  6 
21  8 
22  9 
22  10 
22  18 
22  7 
23  8 
23  4 
23  15 
23  7 
24  22 
24  6 
24  8 
24  17 
25  9 
25  21 
25  6 
25  7 
26  10 
26  9 
26  12 
26  24 
27  9 
27  10 
27  1 
27  20 
28  6 
28  3 
28  4 
28  7 
29  9 
29  24 
29  22 
29  5 
30  4 
30  1 
30  9 
30  5 
31  21 
31  12 
31  9 
31  16 
32  12 
32  29 
32  1 
32  22 
33  15 
33  12 
33  5 
33  26 
34  9 
34  5 
34  2 
34  8 
35  7 
35  21 
35  15 
35  8 
36  16 
36  17 
36  24 
36  4 
37  27 
37  21 
37  2 
37  10 
38  6 
38  28 
38  14 
38  22 
39  5 
39  4 
39  26 
39  17 
40  19 
40  33 
40  17 
40  23 
41  8 
41  34 
41  10 
41  2 
42  33 
42  22 
42  5 
42  4 
43  28 
43  15 
43  39 
43  24 
44  2 
44  5 
44  11 
44  4 
45  33 
45  18 
45  4 
45  43 
46  2 
46  10 
46  21 
46  5 
47  10 
47  11 
47  18 
47  1 
48  37 
48  22 
48  44 
48  47 
49  22 
49  24 
49  11 
49  17 
50  7 
50  26 
50  8 
50  15 
51  3 
51  7 
51  38 
51  2 
52  1 
52  9 
52  33 
52  8 
53  8 
53  17 
53  45 
53  36 
54  37 
54  6 
54  47 
54  39 
55  42 
55  51 
55  3 
55  2 
56  33 
56  12 
56  29 
56  8 
57  13 
57  29 
57  6 
57  40 
58  5 
58  29 
58  10 
58  7 
59  13 
59  43 
59  42 
59  1 
60  7 
60  5 
60  12 
60  29 
61  18 
61  55 
61  19 
61  5 
62  33 
62  22 
62  24 
62  49 
63  17 
63  15 
63  3 
63  5 
64  7 
64  58 
64  23 
64  15 
65  5 
65  28 
65  9 
65  45 
66  1 
66  38 
66  50 
66  23 
67  24 
67  28 
67  6 
67  7 
68  56 
68  55 
68  32 
68  13 
69  27 
69  12 
69  45 
69  63 
70  15 
70  5 
70  9 
70  30 
71  9 
71  7 
71  21 
71  61 
72  41 
72  7 
72  2 
72  1 
73  23 
73  24 
73  17 
73  60 
74  37 
74  25 
74  19 
74  14 
75  9 
75  8 
75  10 
75  15 
76  13 
76  1 
76  8 
76  33 
77  8 
77  25 
77  1 
77  13 
78  21 
78  24 
78  39 
78  12 
79  16 
79  9 
79  7 
79  40 
80  40 
80  75 
80  8 
80  10 
81  5 
81  2 
81  19 
81  54 
82  3 
82  6 
82  42 
82  71 
83  46 
83  14 
83  9 
83  82 
84  3 
84  10 
84  68 
84  63 
85  2 
85  8 
85  1 
85  47 
86  64 
86  61 
86  41 
86  16 
87  7 
87  55 
87  2 
87  3 
88  42 
88  58 
88  39 
88  63 
89  4 
89  2 
89  9 
89  41 
90  42 
90  41 
90  65 
90  33 
91  79 
91  72 
91  1 
91  8 
92  7 
92  44 
92  15 
92  67 
93  45 
93  4 
93  10 
93  8 
94  6 
94  25 
94  7 
94  36 
95  7 
95  63 
95  1 
95  2 
96  7 
96  87 
96  66 
96  22 
97  4 
97  45 
97  78 
97  59 
98  81 
98  7 
98  24 
98  25 
99  15 
99  69 
99  26 
99  34 
100  12 
100  5 
100  51 
100  20 
101  4 
101  24 
101  44 
101  54 
102  13 
102  2 
102  22 
102  21 
103  4 
103  8 
103  21 
103  42 
104  7 
104  61 
104  6 
104  85 
105  66 
105  5 
105  11 
105  8 
106  41 
106  63 
106  99 
106  9 
107  4 
107  6 
107  7 
107  41 
108  4 
108  105 
108  74 
108  91 
109  104 
109  7 
109  14 
109  9 
110  5 
110  75 
110  8 
110  3 
111  8 
111  37 
111  42 
111  51 
112  7 
112  77 
112  17 
112  28 
113  67 
113  35 
113  80 
113  33 
114  9 
114  72 
114  1 
114  12 
115  82 
115  4 
115  46 
115  9 
116  9 
116  7 
116  1 
116  54 
117  33 
117  81 
117  101 
117  47 
118  5 
118  63 
118  4 
118  91 
119  3 
119  83 
119  16 
119  105 
120  3 
120  44 
120  1 
120  52 
121  4 
121  34 
121  6 
121  76 
122  8 
122  21 
122  35 
122  64 
123  53 
123  1 
123  9 
123  8 
124  8 
124  18 
124  7 
124  5 
125  62 
125  7 
125  8 
125  104 
126  27 
126  47 
126  12 
126  80 
127  114 
127  17 
127  3 
127  76 
128  6 
128  9 
128  33 
128  75 
129  67 
129  54 
129  91 
129  42 
130  72 
130  76 
130  82 
130  4 
131  114 
131  128 
131  67 
131  33 
132  52 
132  19 
132  96 
132  85 
133  4 
133  52 
133  80 
133  51 
134  65 
134  63 
134  7 
134  10 
135  36 
135  87 
135  75 
135  23 
136  63 
136  100 
136  60 
136  10 
137  123 
137  100 
137  107 
137  130 
138  80 
138  41 
138  7 
138  15 
139  6 
139  1 
139  33 
139  7 
140  118 
140  52 
140  3 
140  7 
141  44 
141  28 
141  48 
141  113 
142  87 
142  82 
142  140 
142  6 
143  28 
143  8 
143  15 
143  87 
144  64 
144  9 
144  1 
144  41 
145  112 
145  8 
145  68 
145  95 
146  9 
146  82 
146  101 
146  29 
147  65 
147  113 
147  31 
147  82 
148  39 
148  33 
148  70 
148  25 
149  12 
149  70 
149  104 
149  33 
150  50 
150  82 
150  1 
150  48 
151  102 
151  130 
151  28 
151  14 
152  4 
152  69 
152  101 
152  105 
153  52 
153  68 
153  38 
153  105 
154  22 
154  113 
154  6 
154  1 
155  114 
155  3 
155  2 
155  15 
156  4 
156  33 
156  24 
156  153 
157  130 
157  91 
157  117 
157  8 
158  6 
158  86 
158  18 
158  29 
159  61 
159  51 
159  7 
159  157 
160  24 
160  2 
160  156 
160  5 
161  7 
161  138 
161  43 
161  96 
162  11 
162  2 
162  14 
162  33 
163  22 
163  110 
163  15 
163  8 
164  89 
164  121 
164  102 
164  138 
165  26 
165  96 
165  135 
165  88 
166  49 
166  104 
166  8 
166  48 
167  67 
167  59 
167  141 
167  65 
168  126 
168  124 
168  7 
168  152 
169  42 
169  8 
169  105 
169  43 
170  27 
170  63 
170  163 
170  6 
171  75 
171  15 
171  96 
171  17 
172  45 
172  171 
172  113 
172  9 
173  24 
173  4 
173  104 
173  54 
174  164 
174  56 
174  105 
174  73 
175  17 
175  123 
175  99 
175  72 
176  5 
176  2 
176  26 
176  116 
177  29 
177  70 
177  8 
177  4 
178  2 
178  128 
178  55 
178  6 
179  91 
179  46 
179  7 
179  6 
180  113 
180  130 
180  101 
180  1 
181  91 
181  75 
181  38 
181  14 
182  179 
182  136 
182  9 
182  127 
183  4 
183  105 
183  116 
183  6 
184  6 
184  35 
184  12 
184  168 
185  40 
185  111 
185  155 
185  178 
186  17 
186  28 
186  6 
186  39 
187  86 
187  52 
187  72 
187  11 
188  100 
188  86 
188  9 
188  29 
189  132 
189  24 
189  5 
189  7 
190  75 
190  20 
190  39 
190  47 
191  159 
191  59 
191  33 
191  29 
192  166 
192  15 
192  159 
192  7 
193  12 
193  177 
193  4 
193  169 
194  8 
194  12 
194  33 
194  156 
195  66 
195  101 
195  149 
195  16 
196  63 
196  127 
196  55 
196  115 
197  16 
197  31 
197  136 
197  132 
198  29 
198  118 
198  43 
198  34 
199  125 
199  38 
199  80 
199  43 
200  40 
200  98 
200  170 
200  43 
1  201 
1  202 
1  203 
1  204 
1  205 
1  206 
2  202 
2  207 
3  201 
3  203 
3  204 
3  207 
4  203 
4  208 
5  202 
5  205 
5  208 
5  206 
5  207 
6  203 
6  208 
6  207 
7  201 
7  202 
7  203 
7  205 
7  208 
8  201 
8  203 
8  204 
8  205 
8  208 
8  207 
9  202 
9  203 
9  208 
9  207 
10  201 
10  202 
10  207 
11  202 
11  203 
11  204 
11  205 
11  208 
11  206 
12  201 
12  202 
12  203 
12  204 
12  205 
12  207 
13  201 
13  203 
13  205 
14  201 
14  202 
14  208 
15  201 
15  202 
15  205 
15  208 
15  206 
15  207 
16  202 
16  203 
16  204 
16  205 
16  206 
17  201 
17  207 
18  202 
18  203 
18  204 
18  208 
18  206 
18  207 
19  203 
19  204 
19  205 
19  207 
20  203 
20  205 
201  202 
202  203 
203  204 
204  205 
205  208 
208  206 
206  207 
201  206 
202  208 
202  206 
203  208 
203  206 
204  201 
204  202 
204  208 
208  201 
206  205 
207  203 
207  204 
207  205 
21  201 
21  202 
21  204 
21  207 
22  202 
22  208 
22  206 
22  207 
23  201 
23  204 
23  205 
23  207 
4  209 
5  209 
6  209 
7  209 
9  209 
14  209 
17  209 
19  209 
21  209 
22  209 
207  209 
201  203 
201  205 
201  207 
202  205 
202  207 
203  205 
209  203 
209  204 
209  205 
209  206 
210  133 
210  37 
210  75 
210  191 
211  209 
211  33 
211  145 
211  199 
212  6 
212  118 
212  209 
212  185 
213  24 
213  204 
213  57 
213  36 
214  100 
214  177 
214  91 
214  209 
215  59 
215  28 
215  210 
215  99 
216  75 
216  139 
216  12 
216  184 
217  204 
217  213 
217  14 
217  4 
218  166 
218  43 
218  134 
218  214 
219  5 
219  167 
219  89 
219  179 
24  203 
24  204 
24  205 
24  208 
24  206 
1  220 
2  220 
5  220 
8  220 
9  220 
12  220 
13  220 
14  220 
17  220 
18  220 
20  220 
22  220 
23  220 
24  220 
209  220 
201  209 
208  209 
207  208 
220  201 
220  205 
220  208 
221  154 
221  215 
221  97 
221  195 
222  65 
222  210 
222  199 
222  133 
223  50 
223  222 
223  193 
223  41 
224  79 
224  99 
224  183 
224  81 
225  187 
225  126 
225  82 
225  193 
226  144 
226  175 
226  50 
226  179 
227  112 
227  11 
227  175 
227  125 
228  150 
228  32 
228  225 
228  86 
229  53 
229  80 
229  206 
229  49 
230  23 
230  228 
230  131 
230  59 
231  176 
231  128 
231  150 
231  162 
25  202 
25  206 
25  209 
25  220 
26  201 
26  206 
26  207 
27  201 
27  203 
27  205 
27  208 
27  207 
27  220 
1  232 
3  232 
5  232 
7  232 
8  232 
12  232 
13  232 
16  232 
19  232 
21  232 
22  232 
27  232 
220  232 
202  220 
203  220 
204  206 
206  220 
207  220 
220  204 
232  203 
232  205 
232  208 
232  207 
232  209 
233  85 
233  187 
233  174 
233  58 
234  148 
234  82 
234  94 
234  232 
235  114 
235  136 
235  209 
235  215 
236  64 
236  133 
236  59 
236  194 
237  137 
237  132 
237  197 
237  86 
238  99 
238  236 
238  120 
238  8 
239  131 
239  1 
239  26 
239  150 
240  237 
240  83 
240  137 
240  92 
241  70 
241  234 
241  48 
241  52 
242  188 
242  26 
242  237 
242  113 
243  233 
243  150 
243  84 
243  189 
28  203 
28  204 
28  205 
28  208 
28  206 
28  232 
29  202 
29  203 
29  205 
29  208 
29  207 
29  232 
30  203 
30  205 
30  208 
30  207 
30  232 
31  204 
31  206 
31  220 
31  232 
32  203 
32  205 
32  207 
32  220 
5  244 
8  244 
10  244 
11  244 
13  244 
17  244 
20  244 
22  244 
23  244 
24  244 
25  244 
26  244 
27  244 
30  244 
31  244 
232  244 
202  209 
202  232 
244  201 
244  205 
244  208 
244  220 
245  80 
245  160 
245  242 
245  186 
246  90 
246  83 
246  175 
246  168 
247  173 
247  79 
247  229 
247  200 
248  201 
248  187 
248  79 
248  57 
249  148 
249  167 
249  58 
249  31 
250  247 
250  112 
250  115 
250  237 
251  247 
251  200 
251  69 
251  9 
252  91 
252  104 
252  237 
252  251 
253  148 
253  99 
253  177 
253  91 
254  247 
254  204 
254  155 
254  111 
255  249 
255  129 
255  143 
255  104 
256  158 
256  42 
256  9 
256  13 
33  202 
33  203 
33  208 
33  206 
33  207 
33  232 
34  204 
34  205 
34  208 
34  220 
35  201 
35  203 
35  208 
35  207 
35  220 
1  257 
5  257 
6  257 
7  257 
8  257 
9  257 
10  257 
12  257 
17  257 
20  257 
24  257 
25  257 
26  257 
31  257 
32  257 
33  257 
34  257 
35  257 
244  257 
201  232 
203  244 
204  232 
206  232 
209  244 
244  202 
244  204 
257  201 
257  202 
257  205 
257  208 
257  206 
257  209 
257  220 
257  232 
258  30 
258  173 
258  238 
258  5 
259  196 
259  157 
259  64 
259  45 
260  255 
260  178 
260  54 
260  38 
261  198 
261  232 
261  133 
261  202 
262  98 
262  22 
262  245 
262  146 
263  194 
263  249 
263  71 
263  241 
264  179 
264  10 
264  195 
264  253 
265  212 
265  159 
265  234 
265  179 
266  245 
266  166 
266  241 
266  253 
267  28 
267  244 
267  212 
267  63 
268  168 
268  169 
268  211 
268  263 
269  195 
269  249 
269  174 
269  46 
 

