1  2 
1  3 
1  4 
1  5 
1  6 
1  7 
1  8 
1  9 
1  10 
2  3 
2  4 
2  5 
2  6 
2  7 
2  8 
2  9 
2  10 
3  4 
3  5 
3  6 
3  7 
3  8 
3  9 
3  10 
4  5 
4  6 
4  7 
4  8 
4  9 
4  10 
5  6 
5  7 
5  8 
5  9 
5  10 
6  7 
6  8 
6  9 
6  10 
7  8 
7  9 
7  10 
8  9 
8  10 
9  10 
11  5 
11  3 
11  1 
11  6 
12  3 
12  2 
12  4 
12  10 
13  10 
13  7 
13  8 
13  3 
14  13 
14  10 
14  5 
14  8 
15  3 
15  5 
15  12 
15  6 
16  15 
16  13 
16  7 
16  5 
17  6 
17  1 
17  9 
17  13 
18  5 
18  2 
18  13 
18  6 
19  6 
19  9 
19  17 
19  13 
20  8 
20  2 
20  17 
20  7 
21  5 
21  7 
21  2 
21  17 
22  8 
22  9 
22  6 
22  10 
23  3 
23  7 
23  4 
23  8 
24  10 
24  12 
24  5 
24  19 
25  7 
25  5 
25  9 
25  12 
26  8 
26  3 
26  12 
26  5 
27  14 
27  2 
27  6 
27  3 
28  5 
28  6 
28  14 
28  23 
29  4 
29  3 
29  9 
29  22 
30  25 
30  10 
30  3 
30  5 
31  13 
31  5 
31  8 
31  23 
32  30 
32  13 
32  6 
32  15 
33  3 
33  11 
33  2 
33  5 
34  3 
34  7 
34  12 
34  5 
35  12 
35  26 
35  31 
35  10 
36  26 
36  23 
36  9 
36  35 
37  5 
37  10 
37  1 
37  15 
38  36 
38  3 
38  10 
38  24 
39  4 
39  29 
39  8 
39  13 
40  32 
40  30 
40  1 
40  14 
41  5 
41  9 
41  37 
41  14 
42  30 
42  5 
42  38 
42  10 
43  31 
43  30 
43  9 
43  5 
44  10 
44  6 
44  13 
44  9 
45  36 
45  38 
45  32 
45  6 
46  1 
46  4 
46  34 
46  8 
47  2 
47  45 
47  7 
47  9 
48  30 
48  17 
48  6 
48  13 
49  6 
49  10 
49  17 
49  3 
50  5 
50  39 
50  12 
50  23 
51  15 
51  13 
51  6 
51  7 
52  13 
52  5 
52  8 
52  2 
53  8 
53  38 
53  7 
53  15 
54  1 
54  5 
54  15 
54  10 
55  13 
55  3 
55  35 
55  29 
56  15 
56  24 
56  30 
56  12 
57  5 
57  33 
57  3 
57  47 
58  5 
58  43 
58  1 
58  10 
59  4 
59  3 
59  5 
59  7 
60  56 
60  51 
60  5 
60  41 
61  34 
61  5 
61  38 
61  39 
62  6 
62  32 
62  49 
62  3 
63  43 
63  13 
63  51 
63  6 
64  5 
64  14 
64  9 
64  34 
65  10 
65  13 
65  6 
65  38 
66  3 
66  7 
66  27 
66  39 
67  7 
67  1 
67  45 
67  22 
68  6 
68  43 
68  5 
68  34 
69  51 
69  7 
69  45 
69  60 
70  4 
70  34 
70  5 
70  49 
71  12 
71  23 
71  3 
71  52 
72  53 
72  7 
72  3 
72  59 
73  26 
73  65 
73  5 
73  41 
74  14 
74  23 
74  3 
74  2 
75  38 
75  68 
75  5 
75  57 
76  69 
76  28 
76  5 
76  14 
77  34 
77  3 
77  13 
77  8 
78  63 
78  1 
78  30 
78  5 
79  14 
79  25 
79  51 
79  6 
80  3 
80  52 
80  67 
80  9 
81  48 
81  6 
81  38 
81  32 
82  14 
82  17 
82  9 
82  74 
83  28 
83  52 
83  6 
83  41 
84  3 
84  52 
84  5 
84  7 
85  61 
85  10 
85  53 
85  12 
86  29 
86  61 
86  14 
86  35 
87  33 
87  70 
87  36 
87  5 
88  20 
88  9 
88  4 
88  79 
89  5 
89  37 
89  10 
89  7 
90  33 
90  29 
90  10 
90  64 
91  37 
91  5 
91  52 
91  51 
92  89 
92  47 
92  35 
92  67 
93  9 
93  8 
93  66 
93  7 
94  3 
94  5 
94  19 
94  6 
95  10 
95  32 
95  49 
95  5 
96  2 
96  53 
96  19 
96  58 
97  30 
97  28 
97  34 
97  8 
98  3 
98  21 
98  29 
98  24 
99  7 
99  88 
99  90 
99  17 
100  57 
100  26 
100  5 
100  30 
101  5 
101  7 
101  99 
101  43 
102  6 
102  81 
102  93 
102  76 
103  26 
103  28 
103  42 
103  33 
104  4 
104  3 
104  1 
104  54 
105  41 
105  79 
105  7 
105  12 
106  72 
106  23 
106  61 
106  73 
107  6 
107  36 
107  65 
107  3 
108  10 
108  76 
108  74 
108  13 
109  78 
109  29 
109  28 
109  5 
110  3 
110  16 
110  70 
110  62 
111  5 
111  25 
111  6 
111  65 
112  29 
112  67 
112  8 
112  43 
113  3 
113  4 
113  84 
113  9 
114  24 
114  95 
114  34 
114  9 
115  53 
115  4 
115  59 
115  1 
116  13 
116  7 
116  47 
116  3 
117  28 
117  10 
117  5 
117  1 
118  51 
118  80 
118  12 
118  15 
119  7 
119  67 
119  45 
119  88 
120  88 
120  3 
120  59 
120  40 
121  119 
121  5 
121  6 
121  113 
122  76 
122  63 
122  10 
122  117 
123  73 
123  12 
123  14 
123  13 
124  21 
124  5 
124  45 
124  65 
125  124 
125  23 
125  7 
125  8 
126  62 
126  34 
126  47 
126  74 
127  1 
127  100 
127  41 
127  118 
128  89 
128  82 
128  13 
128  41 
129  10 
129  30 
129  95 
129  7 
130  33 
130  23 
130  3 
130  48 
131  32 
131  45 
131  11 
131  35 
132  119 
132  3 
132  8 
132  40 
133  60 
133  23 
133  8 
133  12 
134  5 
134  10 
134  64 
134  54 
135  60 
135  10 
135  2 
135  74 
136  77 
136  13 
136  28 
136  99 
137  6 
137  87 
137  50 
137  114 
138  5 
138  23 
138  3 
138  9 
139  24 
139  8 
139  6 
139  88 
140  6 
140  31 
140  50 
140  81 
141  5 
141  4 
141  3 
141  85 
142  1 
142  30 
142  96 
142  122 
143  10 
143  13 
143  8 
143  84 
144  74 
144  60 
144  23 
144  64 
145  136 
145  28 
145  71 
145  7 
146  99 
146  110 
146  53 
146  67 
147  127 
147  70 
147  34 
147  13 
148  15 
148  91 
148  5 
148  48 
149  97 
149  102 
149  61 
149  81 
150  7 
150  13 
150  5 
150  9 
151  123 
151  136 
151  133 
151  24 
152  52 
152  122 
152  59 
152  4 
153  48 
153  16 
153  2 
153  3 
154  65 
154  12 
154  5 
154  141 
155  34 
155  8 
155  10 
155  47 
156  61 
156  16 
156  32 
156  7 
157  140 
157  122 
157  1 
157  93 
158  74 
158  7 
158  140 
158  93 
159  68 
159  6 
159  37 
159  9 
160  51 
160  6 
160  141 
160  122 
161  126 
161  5 
161  147 
161  3 
162  13 
162  112 
162  15 
162  10 
163  5 
163  7 
163  33 
163  93 
164  52 
164  110 
164  62 
164  7 
165  8 
165  160 
165  4 
165  74 
166  77 
166  104 
166  11 
166  6 
167  16 
167  38 
167  1 
167  163 
168  74 
168  73 
168  124 
168  6 
169  51 
169  74 
169  33 
169  46 
170  134 
170  10 
170  81 
170  53 
171  3 
171  145 
171  55 
171  53 
172  114 
172  11 
172  37 
172  2 
173  14 
173  10 
173  120 
173  43 
174  166 
174  11 
174  68 
174  145 
175  8 
175  44 
175  26 
175  114 
176  75 
176  86 
176  125 
176  12 
177  37 
177  45 
177  3 
177  71 
178  72 
178  95 
178  5 
178  148 
179  83 
179  145 
179  4 
179  5 
180  9 
180  8 
180  34 
180  22 
181  19 
181  1 
181  89 
181  79 
182  30 
182  81 
182  4 
182  11 
183  9 
183  30 
183  5 
183  100 
184  46 
184  4 
184  7 
184  8 
185  24 
185  3 
185  157 
185  67 
186  4 
186  12 
186  36 
186  73 
187  4 
187  178 
187  3 
187  13 
188  167 
188  2 
188  7 
188  110 
189  3 
189  12 
189  126 
189  13 
190  176 
190  96 
190  5 
190  17 
191  19 
191  52 
191  8 
191  64 
192  12 
192  177 
192  3 
192  126 
193  13 
193  12 
193  24 
193  30 
194  3 
194  10 
194  6 
194  17 
195  89 
195  55 
195  32 
195  10 
196  128 
196  106 
196  31 
196  2 
197  165 
197  35 
197  41 
197  7 
198  152 
198  31 
198  83 
198  46 
199  86 
199  81 
199  23 
199  64 
200  10 
200  56 
200  108 
200  12 
1  201 
1  202 
1  203 
1  204 
2  205 
3  206 
3  204 
4  207 
4  202 
4  203 
5  201 
5  202 
5  205 
5  204 
6  201 
6  208 
6  203 
6  204 
7  207 
7  201 
7  205 
7  204 
8  201 
8  206 
9  208 
9  203 
9  206 
10  208 
10  203 
10  205 
10  206 
10  204 
11  207 
11  202 
11  208 
11  206 
12  202 
12  208 
12  203 
12  205 
12  206 
13  201 
13  204 
14  201 
14  202 
14  206 
14  204 
15  202 
15  208 
15  206 
15  204 
16  207 
17  201 
17  202 
17  205 
18  207 
18  201 
18  202 
18  208 
18  205 
18  206 
19  207 
19  202 
19  206 
20  201 
20  202 
20  206 
207  201 
201  202 
202  208 
208  203 
203  205 
205  206 
206  204 
207  208 
201  206 
202  203 
202  205 
208  205 
203  206 
205  201 
206  207 
204  201 
204  202 
204  208 
204  205 
209  5 
209  13 
209  75 
209  96 
210  182 
210  83 
210  119 
210  120 
211  12 
211  177 
211  75 
211  128 
212  169 
212  67 
212  149 
212  205 
213  209 
213  32 
213  100 
213  36 
214  162 
214  147 
214  23 
214  174 
215  154 
215  139 
215  214 
215  146 
216  144 
216  23 
216  28 
216  38 
217  200 
217  209 
217  37 
217  54 
218  213 
218  78 
218  200 
218  137 
219  12 
219  200 
219  37 
219  211 
220  98 
220  192 
220  8 
220  189 
221  213 
221  164 
221  37 
221  31 
222  99 
222  128 
222  14 
222  10 
223  206 
223  12 
223  210 
223  161 
224  218 
224  49 
224  37 
224  222 
225  61 
225  214 
225  40 
225  156 
226  169 
226  99 
226  1 
226  210 
227  150 
227  79 
227  33 
227  225 
228  213 
228  156 
228  226 
228  172 
229  115 
229  202 
229  106 
229  78 
230  32 
230  146 
230  154 
230  35 
231  87 
231  85 
231  213 
231  189 
232  8 
232  107 
232  11 
232  15 
233  197 
233  46 
233  22 
233  102 
234  213 
234  115 
234  18 
234  184 
235  229 
235  128 
235  160 
235  29 
236  109 
236  168 
236  226 
236  79 
237  32 
237  19 
237  124 
237  189 
238  208 
238  86 
238  81 
238  13 
239  30 
239  91 
239  85 
239  177 
240  65 
240  177 
240  67 
240  183 
241  206 
241  209 
241  78 
241  41 
242  115 
242  84 
242  64 
242  205 
243  86 
243  137 
243  233 
243  35 
244  38 
244  58 
244  214 
244  25 
245  210 
245  14 
245  103 
245  142 
246  107 
246  166 
246  119 
246  241 
247  186 
247  233 
247  68 
247  30 
248  81 
248  91 
248  150 
248  211 
249  60 
249  193 
249  23 
249  231 
250  185 
250  225 
250  14 
250  209 
251  141 
251  68 
251  174 
251  241 
252  97 
252  102 
252  230 
252  243 
253  132 
253  248 
253  31 
253  2 
254  49 
254  220 
254  68 
254  82 
255  109 
255  225 
255  153 
255  69 
256  177 
256  46 
256  250 
256  69 
257  256 
257  120 
257  183 
257  226 
258  243 
258  119 
258  161 
258  25 
259  39 
259  208 
259  134 
259  16 
260  156 
260  121 
260  19 
260  244 
261  96 
261  82 
261  51 
261  4 
262  128 
262  185 
262  194 
262  61 
263  235 
263  24 
263  145 
263  74 
264  81 
264  119 
264  183 
264  133 
265  74 
265  8 
265  194 
265  131 
266  260 
266  157 
266  264 
266  186 
267  185 
267  207 
267  171 
267  266 
268  267 
268  53 
268  4 
268  180 
269  1 
269  217 
269  130 
269  264 
270  246 
270  265 
270  136 
270  81 
271  99 
271  222 
271  263 
271  266 
272  92 
272  191 
272  263 
272  8 
273  103 
273  157 
273  159 
273  271 
274  267 
274  265 
274  102 
274  96 
275  224 
275  262 
275  169 
275  43 
276  265 
276  105 
276  66 
276  106 
277  275 
277  267 
277  143 
277  61 
278  225 
278  89 
278  31 
278  8 
279  63 
279  217 
279  183 
279  84 
280  151 
280  269 
280  170 
280  143 
281  23 
281  164 
281  257 
281  275 
282  166 
282  73 
282  221 
282  31 
283  171 
283  111 
283  15 
283  220 
284  94 
284  280 
284  190 
284  82 
285  221 
285  260 
285  272 
285  171 
286  185 
286  190 
286  37 
286  215 
287  255 
287  70 
287  155 
287  265 
288  185 
288  120 
288  270 
288  275 
289  157 
289  8 
289  86 
289  103 
290  82 
290  155 
290  95 
290  6 
291  10 
291  271 
291  261 
291  263 
292  31 
292  275 
292  188 
292  109 
293  1 
293  280 
293  12 
293  155 
294  283 
294  121 
294  43 
294  33 
295  56 
295  290 
295  65 
295  197 
296  103 
296  207 
296  119 
296  67 
297  51 
297  235 
297  185 
297  111 
298  183 
298  235 
298  63 
298  66 
299  102 
299  280 
299  272 
299  182 
300  174 
300  268 
300  165 
300  282 
301  265 
301  44 
301  61 
301  204 
302  226 
302  284 
302  157 
302  113 
303  106 
303  84 
303  119 
303  71 
304  270 
304  179 
304  217 
304  121 
305  263 
305  298 
305  23 
305  131 
306  14 
306  9 
306  86 
306  112 
307  105 
307  225 
307  263 
307  156 
308  217 
308  147 
308  226 
308  130 
309  38 
309  199 
309  95 
309  222 
310  27 
310  221 
310  83 
310  261 
311  251 
311  300 
311  294 
311  17 
312  49 
312  10 
312  34 
312  171 
313  171 
313  112 
313  312 
313  306 
314  288 
314  307 
314  253 
314  194 
315  212 
315  269 
315  52 
315  129 
316  283 
316  210 
316  96 
316  94 
317  73 
317  228 
317  45 
317  236 
318  105 
318  297 
318  62 
318  145 
319  288 
319  301 
319  91 
319  308 
320  290 
320  251 
320  172 
320  212 
321  315 
321  251 
321  76 
321  47 
322  16 
322  317 
322  269 
322  212 
323  45 
323  275 
323  99 
323  109 
324  313 
324  85 
324  251 
324  68 
325  238 
325  17 
325  172 
325  8 
326  217 
326  14 
326  245 
326  117 
327  8 
327  269 
327  311 
327  251 
328  274 
328  8 
328  59 
328  116 
329  115 
329  309 
329  129 
329  176 
330  312 
330  288 
330  123 
330  156 
331  102 
331  291 
331  52 
331  45 
332  76 
332  195 
332  331 
332  59 
333  315 
333  33 
333  312 
333  115 
334  64 
334  17 
334  127 
334  8 
335  253 
335  28 
335  66 
335  94 
336  274 
336  120 
336  39 
336  315 
337  198 
337  233 
337  253 
337  106 
338  45 
338  329 
338  138 
338  317 
339  144 
339  127 
339  318 
339  316 
340  299 
340  314 
340  297 
340  8 
341  91 
341  241 
341  82 
341  9 
342  33 
342  311 
342  49 
342  336 
343  153 
343  266 
343  17 
343  325 
344  229 
344  323 
344  155 
344  317 
345  331 
345  117 
345  171 
345  45 
346  345 
346  343 
346  167 
346  337 
347  39 
347  334 
347  105 
347  283 
348  312 
348  287 
348  315 
348  253 
349  336 
349  199 
349  116 
349  329 
350  311 
350  321 
350  172 
350  156 
351  212 
351  253 
351  230 
351  50 
352  338 
352  319 
352  172 
352  322 
353  309 
353  241 
353  271 
353  172 
354  327 
354  338 
354  189 
354  315 
355  198 
355  338 
355  260 
355  111 
356  33 
356  285 
356  3 
356  306 
357  91 
357  345 
357  99 
357  352 
358  140 
358  259 
358  94 
358  332 
359  265 
359  43 
359  44 
359  222 
360  233 
360  207 
360  22 
360  53 
361  62 
361  59 
361  57 
361  85 
362  101 
362  203 
362  332 
362  124 
363  329 
363  183 
363  11 
363  243 
364  290 
364  284 
364  282 
364  41 
365  159 
365  264 
365  306 
365  100 
366  152 
366  13 
366  290 
366  235 
367  202 
367  366 
367  115 
367  363 
368  258 
368  263 
368  313 
368  202 
369  362 
369  211 
369  65 
369  249 
370  265 
370  239 
370  368 
370  235 
371  12 
371  66 
371  363 
371  141 
372  359 
372  319 
372  264 
372  363 
373  258 
373  187 
373  245 
373  203 
374  369 
374  101 
374  258 
374  312 
375  328 
375  105 
375  76 
375  223 
376  235 
376  369 
376  208 
376  141 
377  150 
377  151 
377  312 
377  2 
378  326 
378  60 
378  367 
378  361 
379  112 
379  24 
379  281 
379  290 
380  49 
380  167 
380  365 
380  18 
381  236 
381  364 
381  369 
381  294 
382  291 
382  18 
382  381 
382  254 
383  186 
383  380 
383  24 
383  224 
384  298 
384  363 
384  163 
384  381 
385  87 
385  376 
385  363 
385  254 
386  385 
386  371 
386  382 
386  365 
387  364 
387  367 
387  384 
387  57 
388  382 
388  186 
388  271 
388  225 
389  131 
389  372 
389  18 
389  371 
390  343 
390  93 
390  135 
390  130 
391  377 
391  106 
391  62 
391  382 
392  223 
392  83 
392  249 
392  360 
393  148 
393  379 
393  386 
393  189 
394  53 
394  283 
394  364 
394  235 
395  276 
395  157 
395  364 
395  37 
396  143 
396  369 
396  78 
396  281 
397  380 
397  24 
397  388 
397  312 
398  394 
398  391 
398  389 
398  151 
399  312 
399  51 
399  223 
399  360 
400  35 
400  21 
400  176 
400  298 
401  235 
401  264 
401  360 
401  117 
402  352 
402  31 
402  382 
402  289 
403  369 
403  170 
403  17 
403  72 
404  247 
404  301 
404  39 
404  299 
405  269 
405  175 
405  286 
405  394 
406  329 
406  292 
406  277 
406  203 
407  242 
407  360 
407  216 
407  383 
408  100 
408  380 
408  286 
408  403 
409  63 
409  400 
409  192 
409  235 
410  366 
410  403 
410  80 
410  178 
411  99 
411  179 
411  285 
411  245 
412  359 
412  139 
412  212 
412  64 
413  171 
413  146 
413  165 
413  411 
414  2 
414  273 
414  360 
414  262 
415  60 
415  193 
415  174 
415  5 
416  329 
416  171 
416  247 
416  235 
417  347 
417  269 
417  368 
417  223 
418  312 
418  43 
418  73 
418  378 
419  14 
419  64 
419  85 
419  208 
420  178 
420  80 
420  339 
420  353 
421  17 
421  108 
421  121 
421  262 
422  279 
422  56 
422  328 
422  352 
423  393 
423  270 
423  200 
423  143 
424  342 
424  412 
424  245 
424  89 
425  339 
425  360 
425  232 
425  424 
426  268 
426  290 
426  212 
426  23 
427  16 
427  127 
427  6 
427  182 
428  403 
428  221 
428  359 
428  413 
429  200 
429  252 
429  135 
429  249 
430  380 
430  92 
430  182 
430  269 
431  104 
431  115 
431  161 
431  23 
432  196 
432  257 
432  408 
432  231 
433  77 
433  171 
433  418 
433  14 
434  138 
434  262 
434  383 
434  257 
435  432 
435  16 
435  360 
435  23 
436  412 
436  118 
436  414 
436  74 
437  285 
437  118 
437  419 
437  263 
438  68 
438  65 
438  416 
438  50 
439  158 
439  434 
439  279 
439  88 
440  417 
440  221 
440  229 
440  414 
441  347 
441  81 
441  97 
441  310 
442  313 
442  23 
442  101 
442  365 
443  384 
443  415 
443  165 
443  329 
444  398 
444  361 
444  158 
444  324 
445  271 
445  369 
445  410 
445  171 
446  438 
446  431 
446  193 
446  364 
447  34 
447  209 
447  367 
447  158 
448  408 
448  1 
448  139 
448  421 
449  106 
449  420 
449  271 
449  437 
450  392 
450  397 
450  40 
450  412 
451  312 
451  417 
451  85 
451  59 
452  158 
452  434 
452  102 
452  314 
453  150 
453  421 
453  175 
453  121 
454  226 
454  235 
454  102 
454  219 
455  402 
455  421 
455  435 
455  77 
456  428 
456  402 
456  223 
456  270 
457  273 
457  165 
457  437 
457  332 
458  334 
458  375 
458  432 
458  223 
459  340 
459  298 
459  65 
459  356 
460  90 
460  314 
460  329 
460  45 
461  231 
461  173 
461  459 
461  65 
462  416 
462  360 
462  357 
462  34 
463  232 
463  10 
463  410 
463  145 
464  335 
464  429 
464  445 
464  279 
465  34 
465  457 
465  36 
465  428 
466  414 
466  352 
466  88 
466  437 
467  397 
467  101 
467  126 
467  7 
468  214 
468  88 
468  347 
468  429 
469  76 
469  107 
469  334 
469  178 
470  246 
470  214 
470  145 
470  65 
471  336 
471  16 
471  98 
471  147 
472  58 
472  88 
472  403 
472  457 
473  203 
473  306 
473  320 
473  361 
474  90 
474  357 
474  81 
474  102 
475  123 
475  11 
475  87 
475  214 
476  329 
476  125 
476  162 
476  87 
477  438 
477  305 
477  145 
477  206 
478  443 
478  405 
478  264 
478  429 
479  448 
479  471 
479  368 
479  200 
480  369 
480  370 
480  424 
480  462 
481  246 
481  421 
481  10 
481  479 
482  415 
482  255 
482  296 
482  329 
483  38 
483  189 
483  241 
483  209 
484  75 
484  88 
484  259 
484  34 
485  122 
485  10 
485  158 
485  384 
486  57 
486  426 
486  264 
486  77 
487  287 
487  16 
487  135 
487  162 
488  127 
488  7 
488  386 
488  72 
489  315 
489  262 
489  386 
489  209 
490  121 
490  315 
490  462 
490  351 
491  284 
491  476 
491  313 
491  90 
492  489 
492  363 
492  73 
492  318 
493  229 
493  164 
493  77 
493  329 
494  241 
494  8 
494  476 
494  370 
495  145 
495  135 
495  483 
495  33 
496  459 
496  154 
496  290 
496  226 
497  490 
497  275 
497  492 
497  216 
498  329 
498  377 
498  64 
498  312 
499  258 
499  254 
499  223 
499  63 
500  45 
500  491 
500  217 
500  313 
501  380 
501  456 
501  176 
501  103 
502  121 
502  180 
502  25 
502  430 
503  1 
503  147 
503  325 
503  414 
504  325 
504  419 
504  95 
504  473 
505  246 
505  219 
505  467 
505  318 
506  369 
506  347 
506  33 
506  463 
507  313 
507  77 
507  471 
507  162 
508  225 
508  87 
508  227 
508  121 
509  179 
509  127 
509  150 
509  461 
510  426 
510  143 
510  312 
510  192 
511  507 
511  391 
511  376 
511  326 
512  23 
512  104 
512  41 
512  44 
513  257 
513  323 
513  247 
513  390 
514  205 
514  132 
514  10 
514  320 
515  418 
515  176 
515  33 
515  104 
516  353 
516  505 
516  12 
516  286 
517  341 
517  308 
517  142 
517  436 
518  324 
518  146 
518  461 
518  309 
519  92 
519  485 
519  468 
519  462 
520  198 
520  452 
520  191 
520  479 
521  71 
521  70 
521  222 
521  496 
522  337 
522  176 
522  92 
522  83 
523  414 
523  153 
523  515 
523  516 
524  126 
524  286 
524  512 
524  481 
525  476 
525  219 
525  365 
525  201 
526  456 
526  510 
526  89 
526  286 
527  72 
527  508 
527  320 
527  296 
528  253 
528  324 
528  121 
528  83 
529  76 
529  520 
529  374 
529  220 
530  430 
530  207 
530  146 
530  512 
531  524 
531  249 
531  138 
531  225 
532  357 
532  71 
532  519 
532  36 
533  396 
533  82 
533  140 
533  297 
534  291 
534  357 
534  378 
534  151 
535  516 
535  433 
535  492 
535  509 
536  241 
536  71 
536  481 
536  477 
537  508 
537  146 
537  500 
537  462 
538  219 
538  336 
538  63 
538  450 
539  285 
539  290 
539  462 
539  132 
540  339 
540  15 
540  257 
540  126 
541  417 
541  155 
541  45 
541  111 
542  29 
542  143 
542  141 
542  83 
543  60 
543  179 
543  64 
543  8 
544  531 
544  352 
544  395 
544  180 
545  346 
545  525 
545  398 
545  541 
546  56 
546  428 
546  85 
546  281 
547  345 
547  177 
547  464 
547  353 
548  59 
548  259 
548  531 
548  235 
549  290 
549  523 
549  453 
549  33 
550  521 
550  391 
550  546 
550  198 
551  137 
551  8 
551  141 
551  61 
552  10 
552  526 
552  83 
552  264 
553  370 
553  138 
553  363 
553  552 
554  453 
554  550 
554  211 
554  479 
555  258 
555  418 
555  525 
555  125 
556  10 
556  543 
556  256 
556  209 
557  110 
557  544 
557  460 
557  436 
558  415 
558  68 
558  245 
558  352 
559  224 
559  177 
559  143 
559  189 
560  300 
560  534 
560  115 
560  495 
561  275 
561  454 
561  355 
561  349 
562  340 
562  559 
562  381 
562  274 
563  454 
563  418 
563  387 
563  428 
564  210 
564  168 
564  277 
564  15 
565  254 
565  270 
565  172 
565  555 
566  94 
566  433 
566  462 
566  247 
567  186 
567  234 
567  474 
567  363 
568  445 
568  556 
568  299 
568  548 
569  24 
569  422 
569  213 
569  483 
570  406 
570  402 
570  18 
570  313 
571  37 
571  94 
571  195 
571  85 
572  559 
572  435 
572  153 
572  353 
573  174 
573  492 
573  63 
573  124 
574  362 
574  377 
574  189 
574  480 
575  559 
575  159 
575  78 
575  567 
576  563 
576  93 
576  300 
576  224 
577  491 
577  301 
577  499 
577  444 
578  39 
578  316 
578  169 
578  188 
579  103 
579  177 
579  413 
579  561 
580  546 
580  563 
580  380 
580  176 
581  349 
581  323 
581  53 
581  450 
582  580 
582  15 
582  461 
582  30 
583  138 
583  476 
583  331 
583  281 
584  210 
584  249 
584  573 
584  323 
585  87 
585  89 
585  456 
585  581 
586  440 
586  475 
586  371 
586  576 
587  245 
587  117 
587  150 
587  215 
588  138 
588  265 
588  376 
588  537 
589  585 
589  491 
589  169 
589  213 
590  478 
590  383 
590  371 
590  163 
591  190 
591  413 
591  557 
591  277 
592  296 
592  83 
592  578 
592  85 
593  6 
593  587 
593  226 
593  584 
594  402 
594  566 
594  94 
594  15 
595  198 
595  378 
595  284 
595  525 
596  551 
596  78 
596  64 
596  475 
597  354 
597  3 
597  143 
597  566 
598  78 
598  507 
598  193 
598  416 
599  480 
599  474 
599  575 
599  347 
600  445 
600  402 
600  509 
600  185 
601  440 
601  11 
601  208 
601  188 
602  321 
602  385 
602  569 
602  563 
603  438 
603  467 
603  511 
603  150 
604  568 
604  87 
604  316 
604  94 
605  168 
605  125 
605  603 
605  120 
606  163 
606  575 
606  145 
606  334 
607  470 
607  344 
607  576 
607  12 
608  73 
608  445 
608  215 
608  179 
609  364 
609  275 
609  290 
609  79 
610  539 
610  82 
610  510 
610  50 
611  221 
611  160 
611  332 
611  490 
612  154 
612  295 
612  178 
612  141 
613  40 
613  379 
613  518 
613  7 
614  299 
614  537 
614  49 
614  486 
615  172 
615  430 
615  566 
615  150 
616  224 
616  420 
616  542 
616  502 
617  257 
617  396 
617  537 
617  612 
618  346 
618  344 
618  128 
618  305 
619  468 
619  609 
619  449 
619  291 
620  46 
620  192 
620  595 
620  610 
621  361 
621  208 
621  207 
621  8 
622  33 
622  305 
622  20 
622  7 
623  231 
623  617 
623  209 
623  251 
624  75 
624  617 
624  16 
624  82 
625  239 
625  242 
625  610 
625  268 
626  375 
626  50 
626  569 
626  328 
627  397 
627  618 
627  530 
627  247 
628  145 
628  207 
628  544 
628  329 
629  5 
629  379 
629  456 
629  319 
630  178 
630  10 
630  625 
630  537 
631  334 
631  277 
631  280 
631  147 
632  628 
632  317 
632  160 
632  256 
633  74 
633  305 
633  451 
633  147 
634  150 
634  391 
634  328 
634  6 
635  132 
635  188 
635  627 
635  154 
636  6 
636  4 
636  208 
636  409 
637  150 
637  247 
637  207 
637  291 
638  302 
638  217 
638  627 
638  323 
639  125 
639  467 
639  185 
639  5 
640  183 
640  179 
640  299 
640  534 
641  150 
641  635 
641  416 
641  417 
642  108 
642  369 
642  545 
642  340 
643  33 
643  379 
643  527 
643  623 
644  628 
644  242 
644  602 
644  501 
645  25 
645  617 
645  373 
645  134 
646  81 
646  167 
646  147 
646  610 
647  207 
647  46 
647  498 
647  519 
648  528 
648  489 
648  7 
648  414 
649  640 
649  619 
649  510 
649  595 
650  648 
650  25 
650  459 
650  602 
651  70 
651  45 
651  522 
651  634 
652  647 
652  196 
652  627 
652  337 
653  231 
653  609 
653  624 
653  639 
654  626 
654  207 
654  412 
654  647 
655  552 
655  564 
655  456 
655  609 
656  392 
656  249 
656  566 
656  615 
657  61 
657  310 
657  449 
657  634 
658  620 
658  4 
658  153 
658  570 
659  320 
659  505 
659  476 
659  523 
660  268 
660  25 
660  156 
660  120 
661  212 
661  7 
661  417 
661  493 
662  305 
662  28 
662  502 
662  149 
663  379 
663  144 
663  327 
663  334 
664  120 
664  286 
664  374 
664  417 
665  629 
665  452 
665  527 
665  531 
666  148 
666  33 
666  525 
666  304 
667  86 
667  129 
667  527 
667  617 
668  327 
668  623 
668  343 
668  334 
669  569 
669  140 
669  60 
669  442 
670  88 
670  270 
670  48 
670  593 
671  88 
671  553 
671  45 
671  60 
672  670 
672  277 
672  226 
672  410 
673  296 
673  643 
673  231 
673  86 
674  668 
674  19 
674  118 
674  455 
675  120 
675  167 
675  622 
675  188 
676  316 
676  521 
676  403 
676  666 
677  44 
677  665 
677  422 
677  103 
678  57 
678  582 
678  239 
678  531 
679  670 
679  580 
679  661 
679  520 
680  546 
680  147 
680  20 
680  676 
681  86 
681  453 
681  671 
681  263 
682  175 
682  99 
682  98 
682  349 
683  678 
683  105 
683  433 
683  316 
684  17 
684  239 
684  148 
684  305 
685  677 
685  520 
685  649 
685  389 
686  270 
686  115 
686  97 
686  569 
687  247 
687  675 
687  466 
687  7 
688  469 
688  335 
688  267 
688  684 
689  389 
689  239 
689  28 
689  527 
690  102 
690  58 
690  372 
690  162 
691  299 
691  103 
691  422 
691  458 
692  148 
692  352 
692  228 
692  372 
693  546 
693  435 
693  105 
693  346 
694  260 
694  672 
694  166 
694  58 
695  667 
695  30 
695  652 
695  353 
696  5 
696  162 
696  405 
696  582 
697  416 
697  8 
697  374 
697  83 
698  578 
698  197 
698  407 
698  54 
699  296 
699  547 
699  403 
699  645 
700  208 
700  162 
700  661 
700  387 
701  162 
701  425 
701  123 
701  460 
702  21 
702  653 
702  683 
702  488 
703  179 
703  145 
703  499 
703  91 
704  37 
704  520 
704  416 
704  519 
705  695 
705  299 
705  281 
705  29 
706  662 
706  311 
706  353 
706  89 
707  600 
707  70 
707  67 
707  498 
708  422 
708  595 
708  662 
708  310 
709  321 
709  649 
709  207 
709  584 
710  557 
710  687 
710  150 
710  30 
711  79 
711  85 
711  21 
711  295 
712  361 
712  511 
712  389 
712  412 
713  137 
713  467 
713  554 
713  167 
714  293 
714  619 
714  15 
714  582 
715  201 
715  379 
715  266 
715  33 
716  402 
716  640 
716  191 
716  501 
717  710 
717  470 
717  634 
717  171 
718  282 
718  379 
718  527 
718  712 
719  633 
719  487 
719  396 
719  344 
720  542 
720  38 
720  172 
720  328 
721  558 
721  257 
721  178 
721  180 
722  560 
722  668 
722  190 
722  711 
723  6 
723  552 
723  393 
723  415 
724  718 
724  297 
724  420 
724  703 
725  715 
725  263 
725  370 
725  412 
726  524 
726  103 
726  296 
726  293 
727  629 
727  168 
727  294 
727  72 
728  668 
728  300 
728  584 
728  545 
729  300 
729  493 
729  675 
729  506 
730  393 
730  438 
730  398 
730  711 
731  118 
731  707 
731  297 
731  229 
732  236 
732  616 
732  661 
732  304 
733  590 
733  467 
733  222 
733  655 
734  630 
734  692 
734  612 
734  621 
735  642 
735  526 
735  715 
735  190 
736  38 
736  700 
736  449 
736  171 
737  441 
737  630 
737  554 
737  195 
738  626 
738  163 
738  275 
738  318 
739  25 
739  181 
739  140 
739  476 
740  710 
740  721 
740  483 
740  180 
741  733 
741  201 
741  740 
741  712 
742  465 
742  300 
742  711 
742  372 
743  553 
743  734 
743  687 
743  542 
744  582 
744  687 
744  610 
744  552 
745  149 
745  334 
745  27 
745  480 
746  640 
746  719 
746  288 
746  159 
747  625 
747  533 
747  734 
747  312 
748  621 
748  97 
748  744 
748  665 
749  743 
749  303 
749  45 
749  655 
750  479 
750  100 
750  62 
750  721 
751  168 
751  93 
751  518 
751  533 
752  642 
752  626 
752  467 
752  25 
753  709 
753  344 
753  718 
753  457 
754  662 
754  332 
754  12 
754  216 
755  312 
755  501 
755  644 
755  725 
756  349 
756  721 
756  625 
756  112 
757  491 
757  729 
757  265 
757  504 
758  402 
758  304 
758  370 
758  643 
759  399 
759  533 
759  612 
759  27 
760  381 
760  507 
760  94 
760  377 
761  313 
761  20 
761  395 
761  51 
762  227 
762  195 
762  586 
762  118 
763  632 
763  594 
763  575 
763  382 
764  39 
764  73 
764  759 
764  701 
765  455 
765  761 
765  402 
765  460 
766  450 
766  155 
766  289 
766  49 
767  535 
767  541 
767  481 
767  101 
768  762 
768  197 
768  627 
768  64 
769  709 
769  88 
769  229 
769  447 
770  688 
770  575 
770  296 
770  747 
771  628 
771  334 
771  679 
771  496 
772  352 
772  742 
772  229 
772  731 
773  30 
773  273 
773  573 
773  347 
774  457 
774  768 
774  47 
774  71 
775  772 
775  713 
775  409 
775  225 
776  575 
776  756 
776  762 
776  159 
777  680 
777  13 
777  84 
777  714 
778  622 
778  347 
778  93 
778  683 
779  254 
779  159 
779  763 
779  71 
780  184 
780  647 
780  323 
780  64 
781  65 
781  197 
781  152 
781  768 
782  25 
782  288 
782  126 
782  684 
783  209 
783  346 
783  81 
783  395 
784  436 
784  265 
784  378 
784  728 
785  203 
785  416 
785  299 
785  715 
786  291 
786  123 
786  175 
786  596 
787  736 
787  34 
787  52 
787  165 
788  183 
788  625 
788  432 
788  770 
789  767 
789  107 
789  636 
789  496 
790  787 
790  140 
790  232 
790  761 
791  514 
791  777 
791  249 
791  633 
792  551 
792  258 
792  222 
792  587 
793  1 
793  430 
793  625 
793  310 
794  352 
794  715 
794  376 
794  366 
795  313 
795  431 
795  288 
795  573 
796  767 
796  787 
796  68 
796  401 
797  312 
797  787 
797  38 
797  781 
798  140 
798  665 
798  760 
798  719 
799  783 
799  23 
799  293 
799  321 
800  581 
800  741 
800  112 
800  306 
801  191 
801  447 
801  626 
801  583 
802  115 
802  730 
802  251 
802  766 
803  621 
803  672 
803  625 
803  525 
804  291 
804  226 
804  52 
804  352 
805  790 
805  327 
805  796 
805  558 
806  740 
806  285 
806  282 
806  698 
807  457 
807  23 
807  491 
807  761 
808  282 
808  15 
808  292 
808  19 
809  681 
809  113 
809  332 
809  759 
810  403 
810  287 
810  348 
810  599 
811  693 
811  567 
811  529 
811  773 
812  202 
812  205 
812  764 
812  364 
813  791 
813  515 
813  580 
813  597 
814  210 
814  168 
814  170 
814  47 
815  141 
815  556 
815  750 
815  120 
816  469 
816  162 
816  556 
816  344 
817  80 
817  637 
817  629 
817  797 
818  667 
818  103 
818  233 
818  8 
819  19 
819  657 
819  654 
819  598 
820  444 
820  341 
820  160 
820  355 
821  384 
821  439 
821  501 
821  820 
822  813 
822  554 
822  555 
822  711 
823  128 
823  46 
823  721 
823  717 
824  618 
824  39 
824  767 
824  747 
825  369 
825  42 
825  787 
825  280 
826  248 
826  24 
826  717 
826  520 
827  719 
827  381 
827  644 
827  407 
828  529 
828  90 
828  615 
828  491 
829  397 
829  238 
829  205 
829  580 
830  821 
830  195 
830  149 
830  616 
831  187 
831  501 
831  647 
831  163 
832  277 
832  709 
832  811 
832  664 
833  351 
833  796 
833  239 
833  810 
834  275 
834  682 
834  771 
834  555 
835  383 
835  327 
835  252 
835  232 
836  618 
836  189 
836  678 
836  450 
837  144 
837  521 
837  575 
837  248 
838  17 
838  747 
838  774 
838  562 
839  612 
839  52 
839  719 
839  43 
840  812 
840  296 
840  835 
840  828 
841  831 
841  555 
841  388 
841  8 
842  556 
842  713 
842  109 
842  379 
843  507 
843  834 
843  280 
843  403 
844  825 
844  94 
844  618 
844  177 
845  654 
845  277 
845  842 
845  772 
846  718 
846  490 
846  413 
846  482 
847  511 
847  171 
847  564 
847  112 
848  52 
848  630 
848  672 
848  748 
849  416 
849  344 
849  828 
849  708 
850  826 
850  587 
850  834 
850  17 
851  646 
851  83 
851  272 
851  583 
852  195 
852  367 
852  489 
852  545 
853  206 
853  281 
853  135 
853  666 
854  844 
854  796 
854  386 
854  787 
855  201 
855  705 
855  343 
855  820 
856  836 
856  529 
856  707 
856  562 
857  634 
857  44 
857  281 
857  120 
858  845 
858  11 
858  851 
858  608 
859  115 
859  816 
859  111 
859  526 
860  373 
860  26 
860  409 
860  189 
861  359 
861  416 
861  494 
861  555 
862  850 
862  540 
862  555 
862  90 
863  422 
863  546 
863  628 
863  366 
864  487 
864  513 
864  340 
864  236 
865  541 
865  35 
865  807 
865  684 
866  610 
866  49 
866  310 
866  50 
867  120 
867  29 
867  214 
867  194 
868  551 
868  393 
868  783 
868  703 
869  176 
869  587 
869  859 
869  675 
870  71 
870  173 
870  868 
870  707 
871  461 
871  593 
871  302 
871  416 
872  827 
872  298 
872  793 
872  147 
873  682 
873  90 
873  452 
873  634 
874  130 
874  647 
874  267 
874  373 
875  750 
875  827 
875  558 
875  809 
876  874 
876  97 
876  660 
876  352 
877  435 
877  786 
877  261 
877  196 
878  273 
878  542 
878  557 
878  727 
879  762 
879  681 
879  797 
879  2 
880  628 
880  833 
880  293 
880  778 
881  144 
881  749 
881  200 
881  815 
882  302 
882  551 
882  154 
882  54 
883  60 
883  228 
883  251 
883  460 
884  194 
884  62 
884  805 
884  539 
885  464 
885  862 
885  119 
885  793 
886  473 
886  105 
886  426 
886  557 
887  816 
887  208 
887  460 
887  712 
888  550 
888  494 
888  42 
888  581 
889  636 
889  106 
889  881 
889  859 
890  556 
890  298 
890  591 
890  128 
891  140 
891  97 
891  759 
891  867 
892  793 
892  650 
892  779 
892  727 
893  433 
893  270 
893  286 
893  885 
894  558 
894  386 
894  890 
894  391 
895  171 
895  892 
895  209 
895  749 
896  51 
896  795 
896  255 
896  884 
897  766 
897  297 
897  433 
897  153 
898  71 
898  24 
898  143 
898  568 
899  130 
899  386 
899  413 
899  188 
900  293 
900  738 
900  871 
900  805 
901  223 
901  865 
901  884 
901  757 
902  697 
902  253 
902  869 
902  768 
903  305 
903  467 
903  859 
903  189 
904  105 
904  541 
904  267 
904  819 
905  171 
905  254 
905  738 
905  542 
906  228 
906  836 
906  49 
906  637 
907  781 
907  414 
907  817 
907  876 
908  680 
908  678 
908  540 
908  387 
909  672 
909  321 
909  630 
909  593 
910  665 
910  524 
910  710 
910  657 
911  130 
911  806 
911  615 
911  256 
912  75 
912  722 
912  674 
912  888 
913  161 
913  609 
913  369 
913  673 
914  403 
914  130 
914  412 
914  18 
915  164 
915  728 
915  41 
915  837 
916  96 
916  700 
916  213 
916  588 
917  377 
917  912 
917  319 
917  320 
918  140 
918  449 
918  610 
918  675 
919  633 
919  466 
919  158 
919  58 
920  804 
920  817 
920  772 
920  404 
921  390 
921  28 
921  860 
921  827 
922  728 
922  182 
922  621 
922  129 
923  410 
923  36 
923  473 
923  720 
924  417 
924  484 
924  82 
924  402 
925  239 
925  354 
925  269 
925  655 
926  52 
926  322 
926  693 
926  217 
927  443 
927  46 
927  232 
927  670 
928  390 
928  675 
928  371 
928  614 
929  399 
929  412 
929  472 
929  140 
930  922 
930  6 
930  445 
930  42 
931  469 
931  315 
931  615 
931  274 
932  77 
932  914 
932  872 
932  392 
933  643 
933  250 
933  806 
933  205 
934  568 
934  933 
934  514 
934  918 
935  883 
935  133 
935  837 
935  887 
936  761 
936  618 
936  247 
936  385 
937  927 
937  708 
937  427 
937  554 
938  909 
938  144 
938  411 
938  52 
939  280 
939  413 
939  728 
939  602 
940  614 
940  925 
940  64 
940  673 
941  769 
941  302 
941  788 
941  869 
942  472 
942  541 
942  310 
942  897 
943  779 
943  392 
943  841 
943  624 
944  101 
944  396 
944  333 
944  914 
945  399 
945  931 
945  203 
945  474 
946  708 
946  894 
946  934 
946  624 
947  421 
947  723 
947  611 
947  857 
948  834 
948  575 
948  80 
948  57 
949  336 
949  693 
949  593 
949  671 
950  888 
950  923 
950  867 
950  240 
951  919 
951  621 
951  474 
951  782 
952  874 
952  111 
952  133 
952  232 
953  443 
953  790 
953  568 
953  541 
954  126 
954  575 
954  242 
954  425 
955  473 
955  717 
955  739 
955  407 
956  28 
956  915 
956  340 
956  157 
957  41 
957  926 
957  235 
957  461 
958  589 
958  707 
958  713 
958  947 
959  167 
959  313 
959  768 
959  303 
960  355 
960  765 
960  367 
960  809 
961  470 
961  44 
961  917 
961  766 
962  906 
962  580 
962  223 
962  735 
963  961 
963  66 
963  710 
963  280 
964  792 
964  388 
964  223 
964  736 
965  450 
965  87 
965  711 
965  465 
966  3 
966  712 
966  770 
966  682 
967  200 
967  733 
967  675 
967  368 
968  214 
968  766 
968  639 
968  261 
969  243 
969  954 
969  770 
969  245 
970  348 
970  861 
970  168 
970  788 
971  725 
971  276 
971  560 
971  953 
972  462 
972  934 
972  251 
972  616 
973  580 
973  155 
973  817 
973  765 
974  654 
974  747 
974  737 
974  930 
975  900 
975  81 
975  937 
975  543 
976  964 
976  4 
976  512 
976  666 
977  144 
977  766 
977  722 
977  616 
978  258 
978  275 
978  462 
978  863 
979  273 
979  970 
979  313 
979  767 
980  341 
980  144 
980  514 
980  133 
981  408 
981  864 
981  129 
981  699 
982  975 
982  882 
982  974 
982  725 
983  907 
983  762 
983  435 
983  724 
984  649 
984  196 
984  607 
984  115 
985  592 
985  698 
985  982 
985  557 
986  264 
986  135 
986  273 
986  679 
987  232 
987  808 
987  66 
987  968 
988  214 
988  82 
988  646 
988  726 
989  781 
989  199 
989  214 
989  456 
990  368 
990  546 
990  864 
990  948 
991  195 
991  921 
991  236 
991  14 
992  945 
992  26 
992  275 
992  228 
993  177 
993  143 
993  420 
993  749 
994  993 
994  957 
994  383 
994  741 
995  731 
995  427 
995  264 
995  456 
996  115 
996  428 
996  852 
996  975 
997  923 
997  899 
997  523 
997  779 
998  617 
998  320 
998  806 
998  378 
999  486 
999  787 
999  22 
999  803 
1000  423 
1000  567 
1000  920 
1000  435 
1001  65 
1001  775 
1001  805 
1001  22 
1002  861 
1002  997 
1002  943 
1002  465 
1003  3 
1003  12 
1003  985 
1003  947 
1004  438 
1004  578 
1004  289 
1004  134 
1005  997 
1005  473 
1005  412 
1005  392 
1006  643 
1006  450 
1006  661 
1006  188 
1007  736 
1007  585 
1007  177 
1007  427 
1008  213 
1008  932 
1008  254 
1008  881 
1009  915 
1009  281 
1009  443 
1009  827 
1010  180 
1010  572 
1010  655 
1010  609 
1011  1006 
1011  992 
1011  854 
1011  774 
1012  666 
1012  915 
1012  658 
1012  105 
1013  730 
1013  48 
1013  191 
1013  988 
1014  992 
1014  342 
1014  440 
1014  1007 
1015  187 
1015  717 
1015  686 
1015  535 
1016  348 
1016  841 
1016  352 
1016  24 
1017  651 
1017  683 
1017  1014 
1017  270 
1018  265 
1018  806 
1018  22 
1018  367 
1019  92 
1019  83 
1019  942 
1019  393 
1020  553 
1020  98 
1020  783 
1020  985 
1021  459 
1021  702 
1021  115 
1021  921 
1022  1020 
1022  891 
1022  629 
1022  21 
1023  22 
1023  510 
1023  111 
1023  891 
1024  187 
1024  361 
1024  1 
1024  908 
1025  998 
1025  289 
1025  21 
1025  979 
1026  685 
1026  878 
1026  854 
1026  609 
1027  30 
1027  239 
1027  913 
1027  43 
1028  341 
1028  392 
1028  1004 
1028  641 
1029  207 
1029  113 
1029  868 
1029  1012 
1030  912 
1030  764 
1030  1021 
1030  992 
1031  327 
1031  498 
1031  269 
1031  105 
1032  446 
1032  554 
1032  619 
1032  197 
1033  752 
1033  1026 
1033  1012 
1033  383 
1034  848 
1034  685 
1034  290 
1034  821 
1035  206 
1035  976 
1035  995 
1035  280 
1036  187 
1036  985 
1036  245 
1036  646 
1037  855 
1037  919 
1037  692 
1037  613 
1038  624 
1038  877 
1038  188 
1038  153 
1039  1001 
1039  1011 
1039  772 
1039  187 
1040  48 
1040  577 
1040  962 
1040  789 
1041  452 
1041  97 
1041  158 
1041  108 
1042  290 
1042  934 
1042  1016 
1042  589 
1043  363 
1043  327 
1043  776 
1043  510 
1044  218 
1044  42 
1044  683 
1044  478 
1045  348 
1045  994 
1045  160 
1045  379 
1046  997 
1046  1024 
1046  1012 
1046  718 
1047  1032 
1047  963 
1047  703 
1047  109 
1048  646 
1048  1040 
1048  1033 
1048  613 
1049  999 
1049  883 
1049  1039 
1049  120 
1050  371 
1050  942 
1050  103 
1050  1017 
1051  1032 
1051  1029 
1051  1030 
1051  19 
1052  570 
1052  1037 
1052  87 
1052  30 
1053  188 
1053  1026 
1053  555 
1053  273 
1054  611 
1054  353 
1054  357 
1054  935 
1055  666 
1055  979 
1055  1037 
1055  1012 
1056  342 
1056  734 
1056  809 
1056  235 
1057  380 
1057  512 
1057  1014 
1057  214 
1058  459 
1058  376 
1058  593 
1058  186 
1059  498 
1059  1037 
1059  545 
1059  810 
1060  17 
1060  590 
1060  314 
1060  35 
1061  510 
1061  1040 
1061  873 
1061  478 
1062  223 
1062  1060 
1062  621 
1062  544 
1063  931 
1063  147 
1063  556 
1063  457 
1064  802 
1064  873 
1064  689 
1064  876 
1065  354 
1065  866 
1065  553 
1065  500 
1066  672 
1066  390 
1066  1061 
1066  762 
1067  947 
1067  655 
1067  246 
1067  183 
1068  777 
1068  586 
1068  803 
1068  697 
1069  24 
1069  607 
1069  52 
1069  448 
1070  507 
1070  925 
1070  646 
1070  334 
1071  261 
1071  866 
1071  390 
1071  334 
1072  292 
1072  134 
1072  9 
1072  839 
1073  261 
1073  133 
1073  1040 
1073  494 
1074  74 
1074  1059 
1074  448 
1074  851 
1075  250 
1075  653 
1075  799 
1075  803 
1076  470 
1076  390 
1076  654 
1076  111 
1077  1075 
1077  398 
1077  995 
1077  17 
1078  558 
1078  1070 
1078  102 
1078  30 
1079  1060 
1079  987 
1079  937 
1079  582 
1080  414 
1080  343 
1080  1011 
1080  957 
1081  713 
1081  463 
1081  222 
1081  156 
1082  459 
1082  350 
1082  787 
1082  12 
1083  148 
1083  1063 
1083  190 
1083  756 
1084  584 
1084  954 
1084  92 
1084  611 
1085  1076 
1085  395 
1085  641 
1085  994 
1086  56 
1086  1067 
1086  301 
1086  461 
1087  940 
1087  192 
1087  238 
1087  853 
1088  748 
1088  1084 
1088  902 
1088  551 
1089  582 
1089  360 
1089  652 
1089  579 
1090  56 
1090  322 
1090  720 
1090  1058 
1091  458 
1091  809 
1091  617 
1091  947 
1092  1086 
1092  1072 
1092  1065 
1092  464 
1093  453 
1093  35 
1093  410 
1093  387 
1094  859 
1094  353 
1094  963 
1094  49 
1095  1090 
1095  685 
1095  154 
1095  109 
1096  858 
1096  1094 
1096  99 
1096  58 
1097  458 
1097  47 
1097  858 
1097  229 
1098  371 
1098  662 
1098  1037 
1098  617 
1099  513 
1099  715 
1099  269 
1099  772 
1100  705 
1100  1076 
1100  400 
1100  855 
1101  458 
1101  74 
1101  814 
1101  896 
1102  755 
1102  458 
1102  315 
1102  1047 
1103  861 
1103  199 
1103  391 
1103  114 
1104  522 
1104  1087 
1104  531 
1104  493 
1105  84 
1105  199 
1105  1065 
1105  628 
1106  1075 
1106  1093 
1106  1082 
1106  448 
1107  1047 
1107  500 
1107  524 
1107  439 
1108  590 
1108  944 
1108  984 
1108  865 
1109  17 
1109  280 
1109  350 
1109  545 
1110  515 
1110  105 
1110  1049 
1110  956 
1111  203 
1111  434 
1111  1034 
1111  609 
1112  276 
1112  368 
1112  128 
1112  420 
1113  395 
1113  53 
1113  206 
1113  455 
1114  336 
1114  109 
1114  63 
1114  946 
1115  602 
1115  392 
1115  961 
1115  704 
1116  206 
1116  748 
1116  105 
1116  325 
1117  272 
1117  757 
1117  308 
1117  1013 
1118  441 
1118  562 
1118  1098 
1118  1090 
1119  455 
1119  308 
1119  1001 
1119  486 
1120  414 
1120  745 
1120  676 
1120  53 
1121  317 
1121  622 
1121  494 
1121  910 
1122  661 
1122  895 
1122  1075 
1122  864 
1123  965 
1123  875 
1123  742 
1123  1103 
1124  675 
1124  971 
1124  1005 
1124  629 
1125  525 
1125  51 
1125  326 
1125  1120 
1126  576 
1126  212 
1126  639 
1126  430 
1127  754 
1127  665 
1127  332 
1127  1021 
1128  1007 
1128  791 
1128  553 
1128  957 
1129  1124 
1129  435 
1129  715 
1129  359 
1130  1052 
1130  226 
1130  474 
1130  895 
1131  760 
1131  1091 
1131  1121 
1131  590 
1132  24 
1132  101 
1132  1109 
1132  1005 
1133  189 
1133  223 
1133  255 
1133  588 
1134  1128 
1134  271 
1134  60 
1134  1105 
1135  154 
1135  451 
1135  60 
1135  301 
1136  1097 
1136  247 
1136  971 
1136  173 
1137  639 
1137  175 
1137  203 
1137  379 
1138  910 
1138  616 
1138  222 
1138  103 
1139  283 
1139  384 
1139  395 
1139  640 
1140  101 
1140  843 
1140  60 
1140  714 
1141  495 
1141  97 
1141  1057 
1141  324 
1142  2 
1142  118 
1142  213 
1142  107 
1143  628 
1143  616 
1143  1130 
1143  346 
1144  341 
1144  107 
1144  505 
1144  1020 
1145  388 
1145  540 
1145  139 
1145  1105 
1146  684 
1146  177 
1146  841 
1146  727 
1147  101 
1147  605 
1147  1143 
1147  553 
1148  358 
1148  720 
1148  266 
1148  24 
1149  45 
1149  733 
1149  706 
1149  455 
1150  196 
1150  1145 
1150  251 
1150  863 
1151  948 
1151  987 
1151  1106 
1151  1053 
1152  511 
1152  78 
1152  702 
1152  23 
1153  856 
1153  816 
1153  873 
1153  996 
1154  984 
1154  88 
1154  363 
1154  609 
1155  959 
1155  1044 
1155  299 
1155  226 
1156  371 
1156  265 
1156  480 
1156  641 
1157  811 
1157  1140 
1157  706 
1157  253 
1158  616 
1158  816 
1158  1130 
1158  750 
 

