1  2 
1  3 
1  4 
1  5 
1  6 
1  7 
1  8 
1  9 
1  10 
2  3 
2  4 
2  5 
2  6 
2  7 
2  8 
2  9 
2  10 
3  4 
3  5 
3  6 
3  7 
3  8 
3  9 
3  10 
4  5 
4  6 
4  7 
4  8 
4  9 
4  10 
5  6 
5  7 
5  8 
5  9 
5  10 
6  7 
6  8 
6  9 
6  10 
7  8 
7  9 
7  10 
8  9 
8  10 
9  10 
11  3 
11  8 
11  10 
11  1 
12  5 
12  10 
12  4 
12  3 
13  10 
13  3 
13  5 
13  6 
14  5 
14  4 
14  8 
14  1 
15  10 
15  2 
15  6 
15  4 
16  5 
16  10 
16  6 
16  3 
17  5 
17  15 
17  3 
17  11 
18  8 
18  10 
18  11 
18  5 
19  9 
19  7 
19  5 
19  3 
20  10 
20  9 
20  16 
20  8 
21  7 
21  10 
21  15 
21  1 
22  11 
22  4 
22  5 
22  8 
23  7 
23  4 
23  21 
23  19 
24  4 
24  18 
24  7 
24  9 
25  5 
25  10 
25  7 
25  15 
26  10 
26  15 
26  9 
26  2 
27  8 
27  4 
27  3 
27  15 
28  13 
28  9 
28  2 
28  4 
29  14 
29  2 
29  15 
29  4 
30  5 
30  8 
30  3 
30  10 
31  7 
31  1 
31  15 
31  5 
32  2 
32  6 
32  9 
32  13 
33  16 
33  8 
33  27 
33  17 
34  11 
34  8 
34  17 
34  9 
35  20 
35  8 
35  7 
35  3 
36  4 
36  35 
36  2 
36  7 
37  32 
37  8 
37  26 
37  36 
38  29 
38  30 
38  32 
38  8 
39  8 
39  17 
39  1 
39  5 
40  21 
40  31 
40  39 
40  4 
41  5 
41  26 
41  18 
41  3 
42  4 
42  27 
42  1 
42  30 
43  16 
43  8 
43  11 
43  35 
44  5 
44  4 
44  39 
44  29 
45  8 
45  39 
45  3 
45  12 
46  31 
46  44 
46  8 
46  5 
47  21 
47  36 
47  4 
47  22 
48  6 
48  44 
48  10 
48  3 
49  15 
49  5 
49  8 
49  3 
50  4 
50  27 
50  46 
50  13 
51  9 
51  49 
51  39 
51  47 
52  4 
52  2 
52  1 
52  5 
53  9 
53  16 
53  7 
53  28 
54  6 
54  8 
54  47 
54  32 
55  8 
55  36 
55  23 
55  3 
56  53 
56  1 
56  27 
56  7 
57  24 
57  33 
57  2 
57  10 
58  5 
58  8 
58  27 
58  4 
59  17 
59  19 
59  16 
59  9 
60  6 
60  3 
60  26 
60  25 
61  8 
61  26 
61  22 
61  1 
62  29 
62  23 
62  5 
62  27 
63  17 
63  60 
63  10 
63  21 
64  3 
64  26 
64  5 
64  55 
65  16 
65  7 
65  12 
65  47 
66  3 
66  10 
66  35 
66  5 
67  21 
67  61 
67  43 
67  7 
68  41 
68  10 
68  17 
68  37 
69  4 
69  42 
69  31 
69  67 
70  33 
70  58 
70  9 
70  65 
71  1 
71  49 
71  20 
71  57 
72  5 
72  3 
72  69 
72  6 
73  1 
73  5 
73  20 
73  22 
74  12 
74  65 
74  62 
74  4 
75  2 
75  63 
75  71 
75  47 
76  60 
76  50 
76  18 
76  7 
77  46 
77  8 
77  39 
77  49 
78  6 
78  60 
78  62 
78  4 
79  41 
79  62 
79  5 
79  67 
80  39 
80  24 
80  5 
80  43 
81  1 
81  13 
81  7 
81  4 
82  7 
82  27 
82  20 
82  6 
83  8 
83  80 
83  20 
83  12 
84  5 
84  57 
84  45 
84  2 
85  9 
85  20 
85  63 
85  27 
86  35 
86  12 
86  57 
86  77 
87  58 
87  74 
87  3 
87  33 
88  24 
88  5 
88  57 
88  77 
89  1 
89  6 
89  18 
89  16 
90  3 
90  15 
90  2 
90  6 
91  60 
91  70 
91  10 
91  26 
92  9 
92  20 
92  13 
92  4 
93  19 
93  47 
93  81 
93  4 
94  15 
94  58 
94  67 
94  5 
95  57 
95  22 
95  69 
95  59 
96  4 
96  9 
96  84 
96  16 
97  3 
97  9 
97  88 
97  69 
98  6 
98  91 
98  2 
98  4 
99  5 
99  79 
99  8 
99  37 
100  94 
100  2 
100  8 
100  3 
101  21 
101  56 
101  1 
101  5 
102  14 
102  29 
102  57 
102  28 
103  4 
103  32 
103  5 
103  1 
104  1 
104  7 
104  96 
104  2 
105  26 
105  47 
105  43 
105  81 
106  56 
106  50 
106  2 
106  21 
107  43 
107  79 
107  15 
107  105 
108  7 
108  56 
108  89 
108  70 
109  9 
109  56 
109  35 
109  16 
110  17 
110  6 
110  41 
110  12 
111  6 
111  109 
111  24 
111  63 
112  3 
112  13 
112  2 
112  60 
113  29 
113  6 
113  1 
113  10 
114  70 
114  21 
114  64 
114  75 
115  9 
115  47 
115  27 
115  59 
116  57 
116  105 
116  10 
116  114 
117  61 
117  59 
117  15 
117  114 
118  20 
118  75 
118  54 
118  8 
119  7 
119  10 
119  60 
119  16 
120  50 
120  70 
120  41 
120  1 
121  28 
121  6 
121  77 
121  61 
122  1 
122  8 
122  80 
122  75 
123  35 
123  27 
123  5 
123  85 
124  41 
124  26 
124  107 
124  34 
125  3 
125  98 
125  39 
125  53 
126  2 
126  111 
126  11 
126  51 
127  45 
127  12 
127  53 
127  77 
128  99 
128  3 
128  29 
128  1 
129  71 
129  31 
129  8 
129  56 
130  121 
130  37 
130  17 
130  36 
131  17 
131  57 
131  37 
131  22 
132  123 
132  8 
132  113 
132  32 
133  34 
133  53 
133  39 
133  28 
134  31 
134  10 
134  89 
134  56 
135  127 
135  92 
135  36 
135  22 
136  4 
136  13 
136  10 
136  26 
137  4 
137  5 
137  1 
137  10 
138  60 
138  20 
138  7 
138  75 
139  111 
139  7 
139  6 
139  8 
140  51 
140  39 
140  3 
140  43 
141  126 
141  102 
141  100 
141  26 
142  18 
142  2 
142  113 
142  32 
143  4 
143  2 
143  10 
143  31 
144  8 
144  30 
144  44 
144  4 
145  6 
145  58 
145  10 
145  1 
146  2 
146  6 
146  8 
146  68 
147  18 
147  93 
147  5 
147  40 
148  64 
148  10 
148  1 
148  4 
149  1 
149  117 
149  89 
149  7 
150  145 
150  121 
150  1 
150  10 
151  33 
151  60 
151  3 
151  132 
152  98 
152  43 
152  5 
152  30 
153  16 
153  7 
153  9 
153  112 
154  7 
154  5 
154  79 
154  12 
155  21 
155  65 
155  92 
155  3 
156  141 
156  24 
156  8 
156  57 
157  31 
157  104 
157  36 
157  132 
158  15 
158  31 
158  4 
158  22 
159  3 
159  43 
159  17 
159  141 
160  57 
160  126 
160  35 
160  15 
161  35 
161  6 
161  60 
161  12 
162  82 
162  6 
162  118 
162  33 
163  143 
163  67 
163  118 
163  84 
164  41 
164  104 
164  70 
164  34 
165  20 
165  8 
165  15 
165  9 
166  19 
166  67 
166  7 
166  39 
167  121 
167  136 
167  131 
167  4 
168  161 
168  6 
168  25 
168  15 
169  15 
169  94 
169  109 
169  106 
170  127 
170  65 
170  97 
170  152 
171  8 
171  18 
171  140 
171  11 
172  149 
172  55 
172  21 
172  10 
173  47 
173  3 
173  71 
173  108 
174  67 
174  164 
174  6 
174  57 
175  31 
175  5 
175  2 
175  11 
176  101 
176  60 
176  116 
176  80 
177  57 
177  1 
177  160 
177  145 
178  15 
178  5 
178  92 
178  105 
179  97 
179  60 
179  2 
179  3 
180  4 
180  60 
180  1 
180  116 
181  2 
181  129 
181  112 
181  171 
182  5 
182  8 
182  147 
182  105 
183  35 
183  178 
183  117 
183  41 
184  10 
184  8 
184  5 
184  33 
185  32 
185  57 
185  84 
185  92 
186  8 
186  142 
186  174 
186  10 
187  17 
187  38 
187  149 
187  8 
188  10 
188  180 
188  47 
188  18 
189  94 
189  27 
189  58 
189  165 
190  171 
190  81 
190  141 
190  49 
191  70 
191  37 
191  181 
191  9 
192  152 
192  5 
192  116 
192  4 
193  37 
193  7 
193  97 
193  67 
194  55 
194  16 
194  10 
194  182 
195  5 
195  6 
195  177 
195  186 
196  177 
196  151 
196  57 
196  12 
197  64 
197  44 
197  74 
197  35 
198  53 
198  141 
198  65 
198  14 
199  136 
199  37 
199  94 
199  120 
200  50 
200  145 
200  5 
200  3 
1  201 
1  202 
2  203 
2  204 
2  202 
3  201 
3  204 
3  202 
4  205 
4  204 
4  202 
4  206 
5  205 
5  204 
5  202 
6  201 
6  207 
6  206 
7  201 
7  208 
7  203 
7  202 
8  205 
8  207 
8  208 
8  203 
8  206 
9  205 
9  203 
9  202 
9  206 
10  207 
10  208 
10  204 
10  202 
10  206 
11  205 
11  204 
12  208 
12  204 
12  206 
13  205 
13  201 
13  207 
13  204 
14  205 
14  201 
14  207 
14  202 
15  205 
15  202 
15  206 
16  201 
16  208 
16  204 
16  206 
17  205 
17  207 
17  203 
17  204 
17  202 
17  206 
18  201 
18  207 
18  208 
18  203 
18  206 
19  205 
19  201 
19  207 
19  208 
19  204 
19  202 
19  206 
20  207 
20  208 
20  203 
20  204 
20  206 
205  201 
201  207 
207  208 
208  203 
203  204 
204  202 
202  206 
205  208 
205  203 
205  204 
201  208 
201  203 
207  205 
207  204 
207  202 
208  204 
203  202 
204  201 
202  208 
206  207 
209  43 
209  13 
209  131 
209  176 
210  61 
210  147 
210  136 
210  150 
211  92 
211  141 
211  112 
211  95 
212  186 
212  137 
212  38 
212  53 
213  212 
213  34 
213  157 
213  67 
214  44 
214  118 
214  153 
214  105 
215  182 
215  105 
215  20 
215  11 
216  60 
216  74 
216  153 
216  171 
217  92 
217  41 
217  160 
217  53 
218  96 
218  195 
218  98 
218  20 
219  15 
219  130 
219  39 
219  37 
220  84 
220  4 
220  49 
220  150 
221  216 
221  159 
221  175 
221  78 
222  64 
222  106 
222  48 
222  216 
223  22 
223  76 
223  34 
223  165 
224  150 
224  108 
224  124 
224  171 
225  209 
225  202 
225  140 
225  78 
226  65 
226  16 
226  203 
226  34 
227  26 
227  138 
227  9 
227  130 
228  216 
228  220 
228  23 
228  224 
229  33 
229  228 
229  216 
229  85 
230  123 
230  154 
230  69 
230  85 
231  2 
231  102 
231  209 
231  22 
232  227 
232  62 
232  229 
232  230 
233  228 
233  114 
233  217 
233  163 
234  172 
234  123 
234  186 
234  64 
235  49 
235  159 
235  218 
235  187 
236  49 
236  213 
236  6 
236  29 
237  229 
237  25 
237  170 
237  177 
238  201 
238  204 
238  210 
238  192 
239  129 
239  137 
239  144 
239  215 
240  190 
240  57 
240  95 
240  104 
241  37 
241  210 
241  195 
241  130 
242  154 
242  137 
242  20 
242  190 
243  121 
243  228 
243  183 
243  31 
244  22 
244  194 
244  94 
244  242 
245  15 
245  41 
245  65 
245  118 
246  218 
246  221 
246  225 
246  231 
247  69 
247  165 
247  229 
247  65 
248  124 
248  70 
248  114 
248  130 
249  121 
249  177 
249  38 
249  231 
250  61 
250  216 
250  123 
250  223 
251  17 
251  200 
251  159 
251  49 
252  242 
252  217 
252  16 
252  249 
253  133 
253  227 
253  216 
253  135 
254  219 
254  239 
254  78 
254  165 
255  234 
255  248 
255  121 
255  216 
256  240 
256  105 
256  239 
256  48 
257  140 
257  49 
257  252 
257  48 
258  215 
258  250 
258  242 
258  237 
259  179 
259  100 
259  30 
259  69 
260  219 
260  251 
260  192 
260  187 
261  209 
261  23 
261  62 
261  248 
262  149 
262  248 
262  13 
262  66 
263  256 
263  79 
263  132 
263  221 
264  248 
264  203 
264  99 
264  113 
265  190 
265  208 
265  201 
265  83 
266  175 
266  256 
266  85 
266  208 
267  190 
267  148 
267  24 
267  44 
268  11 
268  45 
268  51 
268  155 
269  249 
269  83 
269  52 
269  85 
270  81 
270  263 
270  173 
270  262 
271  79 
271  255 
271  262 
271  265 
272  196 
272  38 
272  85 
272  1 
273  121 
273  171 
273  159 
273  255 
274  193 
274  144 
274  232 
274  234 
275  193 
275  26 
275  256 
275  131 
276  159 
276  213 
276  23 
276  264 
277  213 
277  66 
277  260 
277  147 
278  203 
278  13 
278  256 
278  268 
279  260 
279  234 
279  67 
279  21 
280  277 
280  159 
280  174 
280  217 
281  213 
281  31 
281  204 
281  277 
282  27 
282  149 
282  48 
282  159 
283  203 
283  102 
283  106 
283  272 
284  38 
284  116 
284  147 
284  62 
285  1 
285  135 
285  209 
285  85 
286  104 
286  79 
286  234 
286  38 
287  256 
287  99 
287  95 
287  277 
288  185 
288  142 
288  18 
288  65 
289  155 
289  136 
289  239 
289  95 
290  148 
290  99 
290  26 
290  209 
291  221 
291  204 
291  215 
291  4 
292  113 
292  262 
292  30 
292  232 
293  284 
293  143 
293  227 
293  193 
294  162 
294  87 
294  158 
294  281 
295  7 
295  266 
295  175 
295  221 
296  246 
296  143 
296  260 
296  142 
297  285 
297  126 
297  266 
297  277 
298  30 
298  277 
298  49 
298  85 
299  270 
299  38 
299  284 
299  264 
300  264 
300  205 
300  232 
300  298 
301  283 
301  246 
301  108 
301  127 
302  81 
302  38 
302  191 
302  82 
303  135 
303  270 
303  302 
303  49 
304  58 
304  232 
304  161 
304  194 
305  128 
305  97 
305  285 
305  277 
306  276 
306  281 
306  291 
306  113 
307  111 
307  204 
307  258 
307  284 
308  298 
308  21 
308  260 
308  300 
309  134 
309  8 
309  274 
309  101 
310  253 
310  275 
310  39 
310  286 
311  275 
311  198 
311  300 
311  1 
312  83 
312  41 
312  132 
312  129 
313  136 
313  4 
313  215 
313  264 
314  212 
314  26 
314  12 
314  88 
315  243 
315  240 
315  82 
315  1 
316  79 
316  190 
316  14 
316  194 
317  298 
317  9 
317  313 
317  110 
318  124 
318  56 
318  167 
318  303 
319  88 
319  21 
319  70 
319  105 
320  309 
320  152 
320  298 
320  319 
321  71 
321  203 
321  30 
321  190 
322  293 
322  207 
322  314 
322  178 
323  105 
323  293 
323  194 
323  15 
324  26 
324  173 
324  105 
324  207 
325  20 
325  321 
325  116 
325  12 
326  19 
326  315 
326  1 
326  140 
327  287 
327  140 
327  322 
327  70 
328  250 
328  23 
328  167 
328  319 
329  40 
329  236 
329  321 
329  322 
330  90 
330  317 
330  253 
330  215 
331  204 
331  330 
331  80 
331  12 
332  318 
332  14 
332  24 
332  243 
333  266 
333  263 
333  317 
333  331 
334  137 
334  331 
334  104 
334  328 
335  55 
335  43 
335  172 
335  264 
336  10 
336  70 
336  273 
336  167 
337  328 
337  331 
337  263 
337  65 
338  308 
338  191 
338  124 
338  335 
339  326 
339  74 
339  76 
339  19 
340  332 
340  43 
340  319 
340  70 
341  1 
341  335 
341  311 
341  290 
342  97 
342  311 
342  325 
342  55 
343  309 
343  99 
343  215 
343  234 
344  146 
344  295 
344  211 
344  4 
345  311 
345  245 
345  236 
345  318 
346  140 
346  335 
346  331 
346  4 
347  330 
347  135 
347  323 
347  170 
348  52 
348  109 
348  172 
348  92 
349  316 
349  198 
349  332 
349  320 
350  92 
350  234 
350  347 
350  293 
351  105 
351  70 
351  3 
351  12 
352  314 
352  46 
352  316 
352  14 
353  224 
353  204 
353  70 
353  26 
354  325 
354  217 
354  165 
354  33 
355  71 
355  310 
355  233 
355  165 
356  34 
356  226 
356  3 
356  11 
357  324 
357  4 
357  349 
357  352 
358  346 
358  322 
358  313 
358  306 
359  281 
359  297 
359  200 
359  109 
360  14 
360  96 
360  267 
360  116 
361  35 
361  299 
361  143 
361  339 
362  90 
362  10 
362  312 
362  176 
363  105 
363  325 
363  116 
363  40 
364  123 
364  188 
364  193 
364  353 
365  336 
365  121 
365  283 
365  334 
366  113 
366  253 
366  222 
366  80 
367  229 
367  93 
367  283 
367  109 
368  284 
368  33 
368  135 
368  200 
369  252 
369  61 
369  92 
369  333 
370  200 
370  131 
370  105 
370  212 
371  121 
371  219 
371  277 
371  26 
372  56 
372  174 
372  48 
372  327 
373  37 
373  210 
373  28 
373  163 
374  99 
374  205 
374  188 
374  257 
375  314 
375  27 
375  353 
375  18 
376  292 
376  188 
376  93 
376  28 
377  353 
377  370 
377  176 
377  257 
378  25 
378  351 
378  135 
378  370 
379  362 
379  360 
379  377 
379  219 
380  95 
380  205 
380  234 
380  172 
381  166 
381  271 
381  10 
381  230 
382  20 
382  118 
382  362 
382  309 
383  334 
383  366 
383  26 
383  362 
384  245 
384  65 
384  150 
384  156 
385  199 
385  372 
385  30 
385  320 
386  362 
386  8 
386  312 
386  304 
387  252 
387  151 
387  207 
387  44 
388  23 
388  188 
388  360 
388  30 
389  150 
389  73 
389  292 
389  25 
390  387 
390  153 
390  134 
390  326 
391  92 
391  316 
391  10 
391  364 
392  363 
392  287 
392  367 
392  359 
393  182 
393  343 
393  331 
393  120 
394  222 
394  383 
394  135 
394  93 
395  8 
395  260 
395  363 
395  67 
396  49 
396  270 
396  246 
396  369 
397  253 
397  260 
397  129 
397  201 
398  359 
398  390 
398  222 
398  145 
399  46 
399  339 
399  102 
399  384 
400  382 
400  25 
400  234 
400  206 
401  120 
401  93 
401  237 
401  396 
402  61 
402  340 
402  401 
402  372 
403  135 
403  251 
403  171 
403  219 
404  308 
404  150 
404  381 
404  123 
405  354 
405  285 
405  369 
405  394 
406  376 
406  261 
406  142 
406  148 
407  299 
407  308 
407  209 
407  85 
408  354 
408  383 
408  131 
408  204 
409  212 
409  258 
409  217 
409  30 
410  296 
410  22 
410  42 
410  321 
411  94 
411  194 
411  104 
411  312 
412  124 
412  49 
412  368 
412  373 
413  150 
413  404 
413  94 
413  31 
414  410 
414  72 
414  70 
414  109 
415  315 
415  235 
415  293 
415  382 
416  224 
416  220 
416  83 
416  192 
417  72 
417  38 
417  362 
417  42 
418  311 
418  124 
418  335 
418  326 
419  185 
419  408 
419  142 
419  327 
420  358 
420  412 
420  415 
420  276 
421  263 
421  91 
421  238 
421  240 
422  150 
422  82 
422  7 
422  278 
423  6 
423  224 
423  414 
423  347 
424  216 
424  241 
424  339 
424  182 
425  415 
425  418 
425  55 
425  368 
426  72 
426  26 
426  230 
426  36 
427  246 
427  150 
427  310 
427  179 
428  415 
428  37 
428  83 
428  168 
429  358 
429  410 
429  216 
429  230 
430  366 
430  191 
430  94 
430  414 
431  191 
431  142 
431  305 
431  415 
432  208 
432  124 
432  225 
432  425 
433  417 
433  314 
433  55 
433  276 
434  150 
434  16 
434  38 
434  433 
435  310 
435  413 
435  234 
435  216 
436  164 
436  327 
436  231 
436  419 
437  382 
437  20 
437  422 
437  38 
438  426 
438  415 
438  387 
438  358 
439  286 
439  416 
439  311 
439  81 
440  290 
440  129 
440  410 
440  32 
441  362 
441  38 
441  416 
441  409 
442  72 
442  416 
442  436 
442  94 
443  424 
443  436 
443  130 
443  250 
444  410 
444  205 
444  427 
444  65 
445  234 
445  182 
445  81 
445  429 
446  413 
446  238 
446  327 
446  431 
447  438 
447  137 
447  422 
447  98 
448  359 
448  382 
448  366 
448  14 
449  321 
449  223 
449  94 
449  59 
450  90 
450  278 
450  139 
450  289 
451  415 
451  413 
451  428 
451  431 
452  431 
452  213 
452  278 
452  358 
453  35 
453  276 
453  40 
453  261 
454  404 
454  294 
454  410 
454  453 
455  373 
455  452 
455  402 
455  453 
456  453 
456  454 
456  281 
456  429 
457  415 
457  430 
457  285 
457  128 
458  266 
458  419 
458  394 
458  187 
459  92 
459  12 
459  237 
459  182 
460  276 
460  4 
460  265 
460  212 
461  203 
461  370 
461  256 
461  135 
462  125 
462  205 
462  11 
462  145 
463  312 
463  365 
463  17 
463  238 
464  404 
464  460 
464  459 
464  419 
465  159 
465  37 
465  462 
465  450 
466  168 
466  310 
466  247 
466  119 
467  438 
467  139 
467  291 
467  138 
468  48 
468  184 
468  170 
468  327 
469  453 
469  216 
469  46 
469  463 
470  174 
470  196 
470  460 
470  35 
471  12 
471  411 
471  279 
471  283 
472  244 
472  3 
472  19 
472  190 
473  414 
473  286 
473  13 
473  348 
474  95 
474  226 
474  310 
474  285 
475  133 
475  385 
475  74 
475  125 
476  283 
476  378 
476  95 
476  316 
477  326 
477  325 
477  297 
477  247 
478  49 
478  119 
478  216 
478  382 
479  4 
479  203 
479  368 
479  282 
480  198 
480  168 
480  465 
480  177 
481  476 
481  198 
481  7 
481  478 
482  255 
482  264 
482  51 
482  398 
483  35 
483  460 
483  342 
483  312 
484  472 
484  26 
484  173 
484  43 
485  471 
485  400 
485  90 
485  370 
486  362 
486  403 
486  452 
486  25 
487  339 
487  256 
487  80 
487  467 
488  298 
488  41 
488  148 
488  431 
489  80 
489  272 
489  168 
489  466 
490  180 
490  230 
490  488 
490  349 
491  467 
491  262 
491  438 
491  478 
492  477 
492  411 
492  144 
492  122 
493  490 
493  476 
493  26 
493  92 
494  479 
494  114 
494  198 
494  419 
495  493 
495  307 
495  32 
495  253 
496  37 
496  489 
496  412 
496  340 
497  398 
497  167 
497  61 
497  247 
498  298 
498  404 
498  234 
498  216 
499  231 
499  137 
499  313 
499  494 
500  301 
500  130 
500  286 
500  480 
501  409 
501  419 
501  417 
501  179 
502  432 
502  158 
502  479 
502  135 
503  322 
503  343 
503  75 
503  432 
504  467 
504  473 
504  365 
504  475 
505  434 
505  469 
505  22 
505  143 
506  305 
506  256 
506  34 
506  458 
507  502 
507  137 
507  497 
507  488 
508  189 
508  214 
508  412 
508  134 
509  346 
509  228 
509  341 
509  498 
510  5 
510  2 
510  61 
510  504 
511  287 
511  126 
511  244 
511  131 
512  336 
512  186 
512  242 
512  175 
513  439 
513  110 
513  476 
513  444 
514  258 
514  261 
514  242 
514  483 
515  427 
515  99 
515  123 
515  360 
516  364 
516  342 
516  123 
516  492 
517  318 
517  484 
517  274 
517  110 
518  192 
518  225 
518  249 
518  359 
519  88 
519  484 
519  96 
519  192 
520  431 
520  83 
520  502 
520  110 
521  106 
521  307 
521  362 
521  82 
522  69 
522  262 
522  242 
522  269 
523  282 
523  131 
523  394 
523  516 
524  100 
524  432 
524  123 
524  520 
525  278 
525  295 
525  274 
525  201 
526  426 
526  519 
526  444 
526  158 
527  62 
527  351 
527  439 
527  422 
528  386 
528  509 
528  142 
528  235 
529  135 
529  133 
529  196 
529  366 
530  432 
530  517 
530  260 
530  146 
531  212 
531  512 
531  123 
531  336 
532  477 
532  176 
532  45 
532  258 
533  249 
533  285 
533  523 
533  237 
534  258 
534  60 
534  439 
534  414 
535  296 
535  477 
535  357 
535  471 
536  439 
536  412 
536  414 
536  342 
537  519 
537  256 
537  133 
537  373 
538  243 
538  266 
538  61 
538  510 
539  24 
539  297 
539  2 
539  7 
540  215 
540  234 
540  279 
540  83 
541  167 
541  154 
541  537 
541  213 
542  133 
542  153 
542  535 
542  163 
543  218 
543  504 
543  524 
543  439 
544  529 
544  167 
544  99 
544  71 
545  537 
545  472 
545  519 
545  226 
546  477 
546  7 
546  527 
546  431 
547  533 
547  147 
547  417 
547  350 
548  56 
548  244 
548  209 
548  273 
549  471 
549  535 
549  96 
549  261 
550  509 
550  256 
550  393 
550  41 
551  516 
551  531 
551  331 
551  449 
552  52 
552  519 
552  255 
552  390 
553  258 
553  162 
553  477 
553  545 
554  48 
554  186 
554  515 
554  354 
555  7 
555  117 
555  414 
555  290 
556  448 
556  72 
556  287 
556  474 
557  415 
557  139 
557  529 
557  533 
558  71 
558  213 
558  456 
558  192 
559  287 
559  347 
559  193 
559  59 
560  103 
560  540 
560  461 
560  375 
561  145 
561  298 
561  227 
561  252 
562  207 
562  130 
562  559 
562  477 
563  265 
563  166 
563  167 
563  531 
564  368 
564  554 
564  111 
564  464 
565  562 
565  512 
565  549 
565  125 
566  255 
566  292 
566  448 
566  418 
567  111 
567  551 
567  294 
567  271 
568  172 
568  491 
568  501 
568  279 
569  322 
569  346 
569  88 
569  244 
570  130 
570  64 
570  293 
570  86 
571  64 
571  280 
571  198 
571  565 
572  195 
572  513 
572  385 
572  314 
573  477 
573  141 
573  115 
573  51 
574  209 
574  511 
574  265 
574  266 
575  446 
575  198 
575  443 
575  296 
576  401 
576  150 
576  442 
576  570 
577  520 
577  494 
577  336 
577  100 
578  465 
578  145 
578  381 
578  50 
579  173 
579  554 
579  463 
579  548 
580  536 
580  285 
580  562 
580  76 
581  576 
581  55 
581  329 
581  351 
582  432 
582  575 
582  289 
582  376 
583  569 
583  571 
583  280 
583  173 
584  463 
584  511 
584  413 
584  456 
585  33 
585  125 
585  315 
585  564 
586  58 
586  585 
586  479 
586  28 
587  173 
587  31 
587  54 
587  41 
588  127 
588  315 
588  288 
588  578 
589  367 
589  465 
589  383 
589  471 
590  346 
590  370 
590  258 
590  249 
591  211 
591  589 
591  253 
591  160 
592  536 
592  463 
592  57 
592  484 
593  8 
593  198 
593  579 
593  304 
594  105 
594  404 
594  481 
594  442 
595  111 
595  431 
595  45 
595  586 
596  237 
596  242 
596  576 
596  322 
597  303 
597  437 
597  117 
597  559 
598  540 
598  111 
598  33 
598  588 
599  511 
599  566 
599  140 
599  562 
600  423 
600  75 
600  522 
600  298 
601  146 
601  359 
601  159 
601  211 
602  41 
602  582 
602  384 
602  64 
603  152 
603  465 
603  359 
603  346 
604  211 
604  214 
604  510 
604  541 
605  47 
605  588 
605  565 
605  200 
606  466 
606  431 
606  355 
606  175 
607  573 
607  377 
607  600 
607  598 
608  126 
608  537 
608  598 
608  368 
609  13 
609  150 
609  509 
609  364 
610  77 
610  410 
610  178 
610  149 
611  22 
611  447 
611  114 
611  392 
612  199 
612  213 
612  523 
612  394 
613  107 
613  123 
613  328 
613  461 
614  243 
614  410 
614  59 
614  110 
615  505 
615  480 
615  369 
615  187 
616  99 
616  304 
616  162 
616  534 
617  538 
617  102 
617  235 
617  246 
618  616 
618  184 
618  10 
618  424 
619  257 
619  192 
619  213 
619  617 
620  245 
620  423 
620  600 
620  248 
621  450 
621  316 
621  417 
621  144 
622  202 
622  273 
622  41 
622  15 
623  284 
623  542 
623  609 
623  575 
624  578 
624  575 
624  622 
624  392 
625  320 
625  216 
625  461 
625  616 
626  243 
626  602 
626  575 
626  301 
627  353 
627  525 
627  625 
627  600 
628  620 
628  493 
628  332 
628  369 
629  624 
629  249 
629  248 
629  454 
630  369 
630  230 
630  602 
630  619 
631  445 
631  226 
631  390 
631  621 
632  58 
632  4 
632  79 
632  258 
633  601 
633  631 
633  326 
633  444 
634  597 
634  445 
634  85 
634  397 
635  613 
635  121 
635  170 
635  516 
636  1 
636  378 
636  395 
636  270 
637  161 
637  612 
637  498 
637  620 
638  626 
638  571 
638  620 
638  128 
639  297 
639  432 
639  612 
639  80 
640  111 
640  35 
640  571 
640  458 
641  538 
641  615 
641  76 
641  104 
642  401 
642  13 
642  320 
642  139 
643  373 
643  615 
643  612 
643  235 
644  397 
644  276 
644  474 
644  414 
645  129 
645  639 
645  545 
645  31 
646  545 
646  437 
646  15 
646  598 
647  123 
647  307 
647  190 
647  326 
648  610 
648  225 
648  620 
648  230 
649  63 
649  609 
649  199 
649  4 
650  619 
650  393 
650  267 
650  644 
651  393 
651  320 
651  209 
651  637 
652  398 
652  316 
652  82 
652  111 
653  580 
653  626 
653  153 
653  603 
654  121 
654  610 
654  433 
654  639 
655  633 
655  219 
655  525 
655  368 
656  112 
656  632 
656  322 
656  138 
657  308 
657  227 
657  5 
657  205 
658  477 
658  618 
658  561 
658  133 
659  185 
659  378 
659  113 
659  286 
660  234 
660  36 
660  232 
660  348 
661  543 
661  321 
661  459 
661  14 
662  573 
662  320 
662  56 
662  465 
663  609 
663  112 
663  648 
663  285 
664  109 
664  585 
664  356 
664  62 
665  125 
665  131 
665  400 
665  569 
666  142 
666  79 
666  222 
666  168 
667  536 
667  297 
667  418 
667  343 
668  45 
668  289 
668  79 
668  124 
669  662 
669  6 
669  622 
669  181 
670  349 
670  139 
670  579 
670  512 
671  493 
671  85 
671  46 
671  200 
672  271 
672  424 
672  662 
672  374 
673  374 
673  611 
673  253 
673  387 
674  142 
674  143 
674  569 
674  122 
675  616 
675  352 
675  486 
675  143 
676  663 
676  137 
676  192 
676  433 
677  349 
677  70 
677  667 
677  573 
678  471 
678  317 
678  525 
678  358 
679  480 
679  207 
679  221 
679  620 
680  673 
680  679 
680  516 
680  293 
681  557 
681  94 
681  70 
681  590 
682  9 
682  342 
682  21 
682  107 
683  356 
683  437 
683  675 
683  202 
684  223 
684  424 
684  303 
684  348 
685  391 
685  29 
685  299 
685  523 
686  374 
686  667 
686  513 
686  159 
687  596 
687  28 
687  493 
687  477 
688  667 
688  304 
688  215 
688  615 
689  476 
689  676 
689  682 
689  666 
690  373 
690  581 
690  414 
690  490 
691  669 
691  225 
691  674 
691  353 
692  122 
692  397 
692  680 
692  616 
693  77 
693  682 
693  265 
693  1 
694  459 
694  691 
694  600 
694  681 
695  190 
695  690 
695  30 
695  469 
696  257 
696  563 
696  636 
696  668 
697  603 
697  241 
697  256 
697  586 
698  43 
698  529 
698  397 
698  676 
699  400 
699  695 
699  110 
699  685 
700  617 
700  46 
700  460 
700  594 
701  472 
701  468 
701  682 
701  257 
702  677 
702  701 
702  613 
702  263 
703  342 
703  373 
703  680 
703  523 
704  218 
704  571 
704  400 
704  436 
705  536 
705  555 
705  28 
705  698 
706  703 
706  379 
706  20 
706  674 
707  663 
707  218 
707  424 
707  683 
708  253 
708  653 
708  90 
708  293 
 

