1  2 
1  3 
1  4 
1  5 
1  6 
1  7 
1  8 
1  9 
1  10 
2  3 
2  4 
2  5 
2  6 
2  7 
2  8 
2  9 
2  10 
3  4 
3  5 
3  6 
3  7 
3  8 
3  9 
3  10 
4  5 
4  6 
4  7 
4  8 
4  9 
4  10 
5  6 
5  7 
5  8 
5  9 
5  10 
6  7 
6  8 
6  9 
6  10 
7  8 
7  9 
7  10 
8  9 
8  10 
9  10 
11  8 
11  7 
11  5 
11  6 
12  5 
12  8 
12  4 
12  10 
13  3 
13  6 
13  1 
13  10 
14  12 
14  5 
14  8 
14  10 
15  14 
15  8 
15  3 
15  10 
16  2 
16  4 
16  5 
16  12 
17  14 
17  1 
17  10 
17  13 
18  2 
18  11 
18  10 
18  13 
19  11 
19  10 
19  17 
19  6 
20  4 
20  8 
20  7 
20  16 
21  4 
21  7 
21  9 
21  10 
22  10 
22  17 
22  9 
22  18 
23  8 
23  5 
23  18 
23  3 
24  10 
24  8 
24  21 
24  2 
25  24 
25  10 
25  13 
25  18 
26  25 
26  13 
26  22 
26  3 
27  18 
27  4 
27  15 
27  9 
28  5 
28  10 
28  9 
28  18 
29  4 
29  8 
29  6 
29  5 
30  1 
30  14 
30  4 
30  8 
31  27 
31  2 
31  6 
31  1 
32  1 
32  8 
32  25 
32  10 
33  7 
33  14 
33  32 
33  28 
34  10 
34  2 
34  14 
34  17 
35  4 
35  5 
35  22 
35  8 
36  33 
36  1 
36  12 
36  34 
37  13 
37  1 
37  27 
37  29 
38  1 
38  4 
38  23 
38  25 
39  14 
39  37 
39  1 
39  11 
40  4 
40  18 
40  21 
40  16 
41  13 
41  12 
41  10 
41  15 
42  5 
42  9 
42  14 
42  35 
43  8 
43  5 
43  4 
43  25 
44  10 
44  43 
44  25 
44  35 
45  4 
45  8 
45  21 
45  37 
46  13 
46  7 
46  17 
46  8 
47  24 
47  27 
47  39 
47  15 
48  7 
48  4 
48  18 
48  8 
49  2 
49  4 
49  17 
49  1 
50  14 
50  39 
50  6 
50  7 
51  29 
51  9 
51  18 
51  22 
52  6 
52  27 
52  13 
52  17 
53  1 
53  24 
53  34 
53  4 
54  4 
54  9 
54  17 
54  5 
55  9 
55  1 
55  41 
55  5 
56  52 
56  30 
56  2 
56  45 
57  54 
57  13 
57  41 
57  36 
58  13 
58  15 
58  10 
58  34 
59  5 
59  1 
59  42 
59  6 
60  25 
60  4 
60  17 
60  1 
61  33 
61  9 
61  17 
61  8 
62  23 
62  14 
62  57 
62  7 
63  50 
63  7 
63  1 
63  3 
64  51 
64  58 
64  5 
64  2 
65  41 
65  32 
65  35 
65  7 
66  6 
66  37 
66  44 
66  62 
67  53 
67  19 
67  39 
67  1 
68  56 
68  25 
68  46 
68  67 
69  6 
69  10 
69  33 
69  16 
70  51 
70  6 
70  33 
70  35 
71  37 
71  8 
71  7 
71  18 
72  39 
72  25 
72  4 
72  24 
73  3 
73  67 
73  25 
73  13 
74  63 
74  31 
74  55 
74  16 
75  2 
75  22 
75  28 
75  53 
76  6 
76  35 
76  8 
76  18 
77  50 
77  4 
77  31 
77  7 
78  49 
78  60 
78  5 
78  53 
79  48 
79  29 
79  4 
79  7 
80  5 
80  40 
80  72 
80  27 
81  57 
81  44 
81  34 
81  2 
82  13 
82  30 
82  41 
82  5 
83  1 
83  71 
83  13 
83  58 
84  22 
84  60 
84  7 
84  4 
85  39 
85  18 
85  1 
85  4 
86  68 
86  4 
86  10 
86  64 
87  17 
87  27 
87  72 
87  23 
88  60 
88  4 
88  49 
88  42 
89  33 
89  56 
89  48 
89  2 
90  28 
90  20 
90  5 
90  3 
91  57 
91  31 
91  5 
91  33 
92  49 
92  53 
92  36 
92  42 
93  5 
93  75 
93  92 
93  7 
94  17 
94  32 
94  4 
94  40 
95  10 
95  1 
95  46 
95  25 
96  10 
96  79 
96  15 
96  23 
97  9 
97  52 
97  8 
97  4 
98  65 
98  38 
98  2 
98  13 
99  3 
99  60 
99  58 
99  24 
100  17 
100  9 
100  25 
100  73 
101  42 
101  28 
101  39 
101  85 
102  35 
102  93 
102  1 
102  64 
103  13 
103  37 
103  27 
103  95 
104  12 
104  13 
104  51 
104  2 
105  33 
105  24 
105  30 
105  2 
106  80 
106  60 
106  10 
106  62 
107  42 
107  17 
107  1 
107  5 
108  41 
108  91 
108  5 
108  69 
109  25 
109  94 
109  4 
109  56 
110  16 
110  8 
110  32 
110  1 
111  8 
111  13 
111  11 
111  14 
112  106 
112  77 
112  8 
112  28 
113  93 
113  110 
113  2 
113  109 
114  110 
114  63 
114  106 
114  25 
115  5 
115  4 
115  48 
115  63 
116  62 
116  48 
116  55 
116  92 
117  93 
117  20 
117  111 
117  6 
118  21 
118  27 
118  80 
118  14 
119  63 
119  66 
119  2 
119  3 
120  2 
120  5 
120  40 
120  28 
121  6 
121  10 
121  23 
121  5 
122  58 
122  1 
122  26 
122  3 
123  61 
123  1 
123  30 
123  3 
124  70 
124  10 
124  17 
124  43 
125  45 
125  4 
125  37 
125  13 
126  1 
126  13 
126  10 
126  113 
127  66 
127  8 
127  5 
127  9 
128  91 
128  78 
128  8 
128  109 
129  79 
129  17 
129  9 
129  106 
130  14 
130  28 
130  45 
130  84 
131  3 
131  112 
131  99 
131  22 
132  21 
132  14 
132  24 
132  17 
133  44 
133  6 
133  2 
133  1 
134  93 
134  1 
134  9 
134  29 
135  65 
135  25 
135  87 
135  10 
136  16 
136  122 
136  8 
136  12 
137  22 
137  7 
137  4 
137  10 
138  9 
138  44 
138  22 
138  112 
139  25 
139  3 
139  127 
139  100 
140  63 
140  17 
140  7 
140  12 
141  43 
141  71 
141  41 
141  2 
142  10 
142  122 
142  9 
142  60 
143  96 
143  124 
143  127 
143  121 
144  2 
144  13 
144  105 
144  9 
145  86 
145  17 
145  18 
145  132 
146  95 
146  2 
146  43 
146  59 
147  51 
147  101 
147  13 
147  63 
148  145 
148  97 
148  2 
148  84 
149  4 
149  6 
149  112 
149  129 
150  143 
150  145 
150  8 
150  44 
151  128 
151  6 
151  39 
151  139 
152  4 
152  1 
152  92 
152  46 
153  71 
153  1 
153  119 
153  79 
154  25 
154  5 
154  28 
154  60 
155  94 
155  2 
155  29 
155  75 
156  116 
156  34 
156  17 
156  147 
157  63 
157  14 
157  1 
157  127 
158  1 
158  14 
158  49 
158  10 
159  6 
159  8 
159  60 
159  146 
160  99 
160  30 
160  5 
160  71 
161  10 
161  44 
161  7 
161  38 
162  37 
162  59 
162  88 
162  35 
163  28 
163  155 
163  24 
163  48 
164  72 
164  30 
164  45 
164  1 
165  32 
165  8 
165  7 
165  113 
166  96 
166  13 
166  4 
166  119 
167  115 
167  88 
167  75 
167  102 
168  37 
168  19 
168  102 
168  25 
169  3 
169  133 
169  93 
169  1 
170  3 
170  39 
170  41 
170  26 
171  65 
171  124 
171  36 
171  57 
172  141 
172  145 
172  55 
172  111 
173  54 
173  8 
173  6 
173  21 
174  7 
174  8 
174  1 
174  105 
175  67 
175  158 
175  33 
175  100 
176  12 
176  68 
176  4 
176  93 
177  30 
177  61 
177  4 
177  55 
178  115 
178  33 
178  4 
178  105 
179  139 
179  160 
179  129 
179  15 
180  10 
180  102 
180  35 
180  15 
181  57 
181  33 
181  14 
181  32 
182  71 
182  179 
182  38 
182  25 
183  6 
183  17 
183  51 
183  109 
184  48 
184  6 
184  14 
184  42 
185  22 
185  121 
185  75 
185  170 
186  8 
186  168 
186  66 
186  91 
187  25 
187  142 
187  72 
187  13 
188  1 
188  2 
188  134 
188  99 
189  136 
189  1 
189  48 
189  13 
190  48 
190  22 
190  13 
190  173 
191  11 
191  25 
191  2 
191  24 
192  64 
192  73 
192  23 
192  40 
193  187 
193  42 
193  13 
193  2 
194  5 
194  173 
194  110 
194  102 
195  113 
195  21 
195  110 
195  12 
196  15 
196  13 
196  25 
196  95 
197  26 
197  88 
197  95 
197  3 
198  65 
198  174 
198  77 
198  6 
199  14 
199  6 
199  40 
199  53 
200  108 
200  1 
200  92 
200  5 
1  201 
1  202 
1  203 
1  204 
2  201 
2  205 
3  206 
3  202 
4  206 
4  201 
4  202 
4  205 
5  207 
5  203 
5  205 
6  207 
6  205 
7  201 
7  203 
7  205 
7  208 
8  206 
8  201 
8  202 
8  203 
8  204 
9  206 
9  201 
9  207 
9  205 
9  208 
10  206 
10  207 
10  202 
10  203 
10  205 
11  201 
12  206 
12  202 
12  208 
12  204 
13  206 
13  202 
13  205 
13  204 
14  201 
14  207 
14  203 
14  205 
15  202 
15  203 
15  204 
16  201 
16  207 
16  202 
16  203 
16  205 
17  207 
17  202 
17  203 
17  205 
17  208 
17  204 
18  202 
18  208 
18  204 
19  206 
19  207 
19  204 
20  201 
20  202 
20  208 
21  201 
21  207 
21  202 
21  208 
22  206 
22  201 
22  207 
22  205 
22  208 
22  204 
23  206 
23  201 
23  207 
23  202 
23  203 
23  205 
23  208 
23  204 
24  207 
24  202 
24  205 
24  208 
25  206 
25  201 
25  207 
25  202 
25  205 
25  208 
25  204 
26  207 
26  202 
26  203 
26  208 
27  206 
27  207 
27  203 
27  205 
27  208 
27  204 
28  206 
28  201 
28  207 
29  206 
29  201 
29  205 
29  208 
30  201 
30  207 
30  204 
31  206 
31  207 
31  203 
31  205 
31  208 
32  207 
32  204 
33  202 
33  203 
33  205 
33  208 
33  204 
34  201 
34  207 
34  205 
34  208 
35  206 
35  201 
35  205 
35  208 
35  204 
36  201 
36  208 
36  204 
37  207 
37  203 
37  204 
38  206 
38  207 
38  202 
38  203 
38  208 
39  202 
39  205 
39  208 
40  201 
40  202 
40  203 
40  205 
40  204 
41  206 
41  207 
41  203 
41  208 
41  204 
42  206 
42  205 
42  208 
43  201 
43  207 
43  203 
43  204 
44  207 
44  208 
45  201 
45  205 
45  204 
46  201 
46  202 
46  203 
46  205 
46  208 
46  204 
47  201 
47  202 
47  203 
47  205 
48  205 
48  204 
49  206 
49  201 
49  207 
49  202 
49  203 
49  208 
49  204 
50  206 
50  201 
50  207 
50  202 
50  203 
50  205 
206  201 
201  207 
207  202 
202  203 
203  205 
205  208 
208  204 
206  202 
206  203 
206  205 
201  208 
207  203 
207  205 
207  208 
202  201 
203  208 
205  201 
208  202 
204  206 
204  201 
204  207 
204  203 
204  205 
51  207 
51  203 
51  205 
51  204 
52  206 
52  207 
52  205 
52  208 
209  193 
209  105 
209  99 
209  123 
210  95 
210  136 
210  209 
210  62 
211  185 
211  62 
211  175 
211  121 
212  53 
212  50 
212  59 
212  96 
213  212 
213  180 
213  209 
213  18 
214  53 
214  175 
214  173 
214  185 
215  212 
215  183 
215  162 
215  75 
216  212 
216  110 
216  132 
216  12 
217  167 
217  28 
217  102 
217  41 
218  198 
218  36 
218  143 
218  129 
219  119 
219  210 
219  213 
219  175 
220  181 
220  157 
220  18 
220  119 
221  213 
221  104 
221  212 
221  218 
222  175 
222  213 
222  119 
222  153 
223  34 
223  138 
223  126 
223  217 
224  209 
224  60 
224  33 
224  59 
225  138 
225  54 
225  58 
225  211 
226  221 
226  115 
226  143 
226  212 
227  223 
227  175 
227  198 
227  81 
228  83 
228  14 
228  8 
228  216 
53  206 
53  201 
53  207 
53  203 
53  205 
229  207 
229  92 
229  222 
229  109 
230  189 
230  116 
230  126 
230  13 
231  122 
231  218 
231  90 
231  67 
232  26 
232  89 
232  213 
232  219 
233  60 
233  232 
233  220 
233  62 
234  221 
234  75 
234  99 
234  218 
235  131 
235  133 
235  120 
235  207 
236  211 
236  73 
236  119 
236  118 
237  120 
237  226 
237  131 
237  95 
238  230 
238  50 
238  81 
238  102 
239  83 
239  196 
239  163 
239  18 
240  160 
240  95 
240  188 
240  162 
241  85 
241  168 
241  86 
241  33 
242  7 
242  95 
242  239 
242  161 
243  29 
243  236 
243  162 
243  40 
244  240 
244  7 
244  230 
244  159 
245  90 
245  184 
245  12 
245  202 
246  157 
246  184 
246  122 
246  245 
247  55 
247  95 
247  139 
247  12 
248  139 
248  239 
248  203 
248  138 
54  207 
54  202 
54  204 
55  202 
55  204 
56  201 
56  207 
56  202 
56  203 
249  93 
249  105 
249  54 
249  18 
250  70 
250  47 
250  150 
250  6 
251  120 
251  12 
251  18 
251  1 
252  89 
252  238 
252  175 
252  131 
253  207 
253  184 
253  88 
253  34 
254  73 
254  53 
254  112 
254  21 
255  36 
255  214 
255  250 
255  120 
256  214 
256  227 
256  49 
256  75 
257  28 
257  102 
257  253 
257  5 
258  257 
258  201 
258  43 
258  245 
259  80 
259  211 
259  255 
259  20 
260  206 
260  48 
260  136 
260  55 
261  254 
261  235 
261  259 
261  80 
262  180 
262  217 
262  196 
262  19 
263  103 
263  12 
263  33 
263  38 
264  180 
264  258 
264  200 
264  50 
265  70 
265  87 
265  1 
265  55 
266  157 
266  176 
266  253 
266  115 
267  154 
267  250 
267  145 
267  3 
268  14 
268  20 
268  267 
268  10 
 

