1  2 
1  3 
1  4 
1  5 
1  6 
1  7 
1  8 
1  9 
1  10 
2  3 
2  4 
2  5 
2  6 
2  7 
2  8 
2  9 
2  10 
3  4 
3  5 
3  6 
3  7 
3  8 
3  9 
3  10 
4  5 
4  6 
4  7 
4  8 
4  9 
4  10 
5  6 
5  7 
5  8 
5  9 
5  10 
6  7 
6  8 
6  9 
6  10 
7  8 
7  9 
7  10 
8  9 
8  10 
9  10 
11  10 
11  9 
11  2 
11  6 
12  3 
12  2 
12  8 
12  10 
13  5 
13  10 
13  2 
13  8 
14  6 
14  7 
14  13 
14  1 
15  8 
15  7 
15  6 
15  10 
16  2 
16  1 
16  3 
16  13 
17  3 
17  8 
17  6 
17  9 
18  2 
18  8 
18  9 
18  5 
19  4 
19  9 
19  1 
19  2 
20  5 
20  4 
20  9 
20  10 
21  10 
21  9 
21  7 
21  6 
22  10 
22  16 
22  7 
22  3 
23  4 
23  10 
23  9 
23  22 
24  12 
24  4 
24  23 
24  9 
25  4 
25  1 
25  2 
25  6 
26  10 
26  12 
26  4 
26  13 
27  8 
27  5 
27  2 
27  16 
28  14 
28  5 
28  4 
28  2 
29  1 
29  13 
29  8 
29  20 
30  6 
30  16 
30  11 
30  4 
31  7 
31  10 
31  8 
31  14 
32  9 
32  10 
32  11 
32  23 
33  2 
33  12 
33  6 
33  1 
34  17 
34  14 
34  9 
34  1 
35  34 
35  2 
35  6 
35  25 
36  10 
36  30 
36  27 
36  5 
37  9 
37  30 
37  7 
37  1 
38  14 
38  10 
38  35 
38  7 
39  9 
39  4 
39  3 
39  11 
40  9 
40  30 
40  6 
40  4 
41  14 
41  7 
41  9 
41  8 
42  7 
42  37 
42  6 
42  1 
43  1 
43  41 
43  40 
43  33 
44  31 
44  7 
44  5 
44  14 
45  38 
45  2 
45  8 
45  13 
46  25 
46  32 
46  7 
46  12 
47  4 
47  43 
47  5 
47  16 
48  6 
48  9 
48  32 
48  10 
49  46 
49  7 
49  12 
49  33 
50  21 
50  7 
50  10 
50  9 
51  19 
51  1 
51  6 
51  8 
52  10 
52  37 
52  9 
52  19 
53  1 
53  5 
53  41 
53  39 
54  3 
54  18 
54  4 
54  29 
55  37 
55  8 
55  7 
55  46 
56  45 
56  25 
56  3 
56  2 
57  25 
57  1 
57  19 
57  4 
58  38 
58  35 
58  4 
58  3 
59  1 
59  8 
59  27 
59  4 
60  10 
60  40 
60  27 
60  15 
61  5 
61  20 
61  4 
61  6 
62  21 
62  8 
62  9 
62  61 
63  7 
63  51 
63  37 
63  12 
64  7 
64  44 
64  41 
64  1 
65  7 
65  11 
65  9 
65  5 
66  55 
66  6 
66  4 
66  32 
67  64 
67  8 
67  3 
67  29 
68  6 
68  37 
68  23 
68  44 
69  8 
69  38 
69  15 
69  6 
70  9 
70  2 
70  7 
70  53 
71  7 
71  4 
71  24 
71  50 
72  27 
72  8 
72  25 
72  2 
73  42 
73  9 
73  68 
73  59 
74  72 
74  65 
74  1 
74  14 
75  26 
75  32 
75  1 
75  61 
76  7 
76  2 
76  57 
76  8 
77  67 
77  1 
77  8 
77  25 
78  53 
78  48 
78  39 
78  1 
79  17 
79  39 
79  7 
79  35 
80  5 
80  64 
80  8 
80  9 
81  53 
81  55 
81  6 
81  9 
82  61 
82  14 
82  1 
82  35 
83  60 
83  6 
83  5 
83  16 
84  1 
84  6 
84  7 
84  43 
85  10 
85  24 
85  47 
85  15 
86  9 
86  14 
86  10 
86  32 
87  13 
87  44 
87  4 
87  3 
88  60 
88  48 
88  7 
88  10 
89  18 
89  29 
89  31 
89  54 
90  38 
90  1 
90  19 
90  44 
91  60 
91  61 
91  2 
91  25 
92  83 
92  14 
92  81 
92  6 
93  63 
93  8 
93  6 
93  44 
94  85 
94  5 
94  9 
94  32 
95  7 
95  75 
95  85 
95  2 
96  3 
96  68 
96  80 
96  5 
97  12 
97  9 
97  14 
97  2 
98  10 
98  7 
98  42 
98  37 
99  3 
99  9 
99  91 
99  75 
100  42 
100  3 
100  85 
100  8 
101  70 
101  93 
101  50 
101  6 
102  10 
102  80 
102  3 
102  70 
103  51 
103  98 
103  45 
103  5 
104  94 
104  102 
104  103 
104  4 
105  5 
105  15 
105  56 
105  6 
106  94 
106  3 
106  64 
106  4 
107  2 
107  66 
107  18 
107  6 
108  3 
108  37 
108  70 
108  4 
109  93 
109  3 
109  98 
109  21 
110  4 
110  32 
110  7 
110  9 
111  30 
111  8 
111  77 
111  26 
112  108 
112  44 
112  5 
112  94 
113  23 
113  50 
113  22 
113  93 
114  10 
114  46 
114  63 
114  31 
115  20 
115  85 
115  4 
115  39 
116  2 
116  9 
116  43 
116  4 
117  106 
117  10 
117  76 
117  47 
118  16 
118  4 
118  114 
118  45 
119  4 
119  111 
119  7 
119  32 
120  67 
120  50 
120  16 
120  94 
121  3 
121  119 
121  21 
121  116 
122  74 
122  8 
122  121 
122  13 
123  82 
123  113 
123  3 
123  10 
124  9 
124  51 
124  35 
124  3 
125  78 
125  25 
125  44 
125  67 
126  1 
126  83 
126  56 
126  95 
127  7 
127  82 
127  84 
127  5 
128  6 
128  85 
128  9 
128  22 
129  89 
129  21 
129  57 
129  12 
130  8 
130  36 
130  97 
130  26 
131  19 
131  3 
131  14 
131  1 
132  106 
132  121 
132  10 
132  25 
133  25 
133  13 
133  15 
133  108 
134  42 
134  58 
134  39 
134  88 
135  93 
135  6 
135  118 
135  8 
136  64 
136  1 
136  12 
136  4 
137  5 
137  104 
137  2 
137  19 
138  50 
138  83 
138  100 
138  7 
139  24 
139  48 
139  20 
139  127 
140  19 
140  3 
140  81 
140  78 
141  96 
141  5 
141  39 
141  6 
142  80 
142  5 
142  64 
142  55 
143  9 
143  44 
143  87 
143  18 
144  14 
144  33 
144  56 
144  74 
145  32 
145  9 
145  115 
145  8 
146  59 
146  47 
146  82 
146  94 
147  59 
147  88 
147  43 
147  6 
148  10 
148  2 
148  35 
148  19 
149  61 
149  148 
149  144 
149  67 
150  25 
150  116 
150  96 
150  39 
151  92 
151  60 
151  29 
151  91 
152  80 
152  71 
152  143 
152  37 
153  50 
153  52 
153  132 
153  38 
154  128 
154  57 
154  4 
154  80 
155  10 
155  75 
155  32 
155  4 
156  6 
156  111 
156  2 
156  82 
157  6 
157  128 
157  105 
157  45 
158  5 
158  8 
158  3 
158  133 
159  40 
159  119 
159  143 
159  56 
160  44 
160  145 
160  56 
160  3 
161  18 
161  14 
161  119 
161  39 
162  5 
162  157 
162  1 
162  101 
163  67 
163  10 
163  17 
163  1 
164  134 
164  44 
164  117 
164  45 
165  19 
165  2 
165  119 
165  4 
166  91 
166  4 
166  48 
166  87 
167  66 
167  96 
167  60 
167  5 
168  141 
168  135 
168  4 
168  134 
169  4 
169  9 
169  80 
169  1 
170  8 
170  2 
170  15 
170  85 
171  97 
171  101 
171  58 
171  3 
172  80 
172  93 
172  7 
172  52 
173  8 
173  17 
173  88 
173  47 
174  6 
174  5 
174  88 
174  9 
175  37 
175  106 
175  94 
175  6 
176  2 
176  83 
176  98 
176  4 
177  17 
177  171 
177  152 
177  4 
178  10 
178  9 
178  25 
178  8 
179  93 
179  3 
179  17 
179  132 
180  85 
180  44 
180  64 
180  18 
181  2 
181  58 
181  13 
181  9 
182  17 
182  135 
182  34 
182  161 
183  133 
183  4 
183  52 
183  35 
184  172 
184  8 
184  50 
184  70 
185  18 
185  33 
185  21 
185  8 
186  6 
186  92 
186  119 
186  65 
187  41 
187  7 
187  58 
187  106 
188  56 
188  114 
188  21 
188  9 
189  3 
189  18 
189  163 
189  156 
190  104 
190  169 
190  102 
190  84 
191  9 
191  16 
191  78 
191  161 
192  141 
192  136 
192  15 
192  127 
193  132 
193  35 
193  34 
193  10 
194  109 
194  96 
194  78 
194  40 
195  57 
195  1 
195  14 
195  40 
196  147 
196  34 
196  32 
196  36 
197  67 
197  180 
197  53 
197  5 
198  4 
198  110 
198  43 
198  128 
199  146 
199  59 
199  122 
199  159 
200  32 
200  165 
200  157 
200  12 
1  201 
1  202 
2  201 
2  203 
2  204 
3  205 
3  201 
3  203 
4  205 
4  206 
4  204 
4  207 
5  208 
6  205 
6  201 
6  206 
6  203 
6  202 
6  204 
6  207 
7  203 
7  202 
7  204 
7  207 
7  208 
8  205 
8  203 
8  207 
8  208 
9  206 
9  203 
9  208 
10  201 
10  206 
10  203 
10  207 
10  208 
11  203 
11  202 
11  204 
11  208 
12  201 
12  206 
12  202 
12  204 
12  207 
13  205 
13  206 
13  202 
13  204 
13  207 
13  208 
14  205 
14  201 
14  206 
15  205 
15  201 
15  206 
15  208 
16  201 
16  206 
16  203 
16  204 
17  201 
17  206 
17  204 
17  208 
18  201 
18  202 
18  207 
18  208 
19  202 
19  204 
19  207 
20  203 
20  208 
21  205 
21  206 
21  203 
21  202 
21  204 
21  208 
22  201 
22  206 
22  202 
22  204 
22  208 
23  201 
23  203 
23  207 
24  201 
24  203 
24  202 
24  204 
25  201 
25  206 
25  202 
25  204 
25  207 
25  208 
26  205 
26  201 
26  203 
26  202 
26  204 
27  203 
27  202 
27  204 
27  207 
28  205 
28  206 
28  202 
28  204 
28  208 
29  205 
29  203 
29  204 
29  207 
30  205 
30  201 
30  203 
30  202 
30  204 
30  207 
30  208 
31  205 
31  206 
31  203 
31  204 
31  208 
32  205 
32  201 
32  202 
33  205 
33  203 
33  202 
33  204 
33  207 
34  205 
34  201 
34  204 
34  208 
35  201 
35  203 
35  208 
36  205 
36  202 
36  208 
37  205 
37  206 
37  203 
37  204 
38  205 
38  202 
38  207 
39  201 
39  203 
39  202 
39  208 
40  201 
40  203 
40  207 
40  208 
41  201 
41  207 
42  205 
42  203 
42  202 
42  204 
42  208 
43  205 
43  201 
43  206 
43  202 
43  204 
43  207 
44  206 
44  203 
44  202 
44  208 
45  205 
45  204 
45  208 
46  201 
46  204 
46  207 
46  208 
47  205 
47  206 
47  207 
47  208 
48  201 
48  206 
48  203 
48  202 
48  204 
48  208 
49  206 
49  202 
49  207 
50  205 
50  201 
50  206 
50  202 
205  201 
201  206 
206  203 
203  202 
202  204 
204  207 
207  208 
205  207 
201  203 
201  202 
201  207 
203  205 
203  207 
202  207 
204  201 
204  203 
208  205 
208  206 
208  204 
209  155 
209  80 
209  159 
209  131 
210  101 
210  204 
210  46 
210  27 
211  210 
211  193 
211  200 
211  181 
212  104 
212  73 
212  199 
212  157 
213  184 
213  209 
213  57 
213  97 
214  181 
214  192 
214  152 
214  183 
215  152 
215  188 
215  71 
215  118 
216  10 
216  142 
216  149 
216  18 
217  27 
217  197 
217  97 
217  71 
218  209 
218  19 
218  96 
218  71 
219  17 
219  186 
219  86 
219  79 
220  121 
220  212 
220  219 
220  218 
221  201 
221  161 
221  52 
221  124 
222  95 
222  161 
222  10 
222  115 
223  16 
223  210 
223  191 
223  10 
224  193 
224  118 
224  129 
224  188 
225  10 
225  181 
225  5 
225  70 
226  209 
226  151 
226  191 
226  117 
227  72 
227  22 
227  1 
227  50 
228  217 
228  194 
228  180 
228  10 
229  62 
229  44 
229  220 
229  223 
230  31 
230  129 
230  128 
230  79 
231  97 
231  219 
231  129 
231  181 
232  147 
232  74 
232  19 
232  77 
233  21 
233  82 
233  46 
233  224 
234  141 
234  205 
234  133 
234  81 
235  211 
235  12 
235  216 
235  24 
236  19 
236  186 
236  191 
236  233 
237  71 
237  79 
237  22 
237  60 
238  16 
238  114 
238  234 
238  152 
239  219 
239  42 
239  225 
239  50 
240  220 
240  219 
240  55 
240  77 
241  228 
241  186 
241  52 
241  102 
242  68 
242  101 
242  124 
242  1 
243  188 
243  193 
243  213 
243  97 
244  191 
244  28 
244  234 
244  224 
245  175 
245  68 
245  229 
245  47 
246  243 
246  68 
246  224 
246  223 
247  220 
247  124 
247  1 
247  50 
248  191 
248  90 
248  231 
248  240 
249  222 
249  213 
249  95 
249  200 
250  131 
250  246 
250  64 
250  240 
251  238 
251  49 
251  15 
251  218 
252  220 
252  235 
252  27 
252  216 
253  192 
253  241 
253  10 
253  229 
254  237 
254  236 
254  42 
254  210 
255  253 
255  192 
255  229 
255  111 
256  17 
256  19 
256  24 
256  210 
257  239 
257  52 
257  45 
257  98 
258  208 
258  234 
258  237 
258  251 
259  90 
259  218 
259  78 
259  29 
260  113 
260  15 
260  236 
260  162 
261  95 
261  200 
261  237 
261  178 
262  157 
262  153 
262  44 
262  131 
263  87 
263  153 
263  200 
263  155 
264  197 
264  129 
264  262 
264  249 
265  190 
265  166 
265  42 
265  138 
266  235 
266  155 
266  243 
266  119 
267  34 
267  259 
267  32 
267  154 
268  16 
268  132 
268  241 
268  153 
269  267 
269  181 
269  140 
269  235 
270  266 
270  261 
270  82 
270  226 
271  131 
271  244 
271  267 
271  239 
272  262 
272  231 
272  57 
272  259 
273  94 
273  179 
273  48 
273  259 
274  15 
274  190 
274  95 
274  208 
275  270 
275  94 
275  175 
275  186 
276  110 
276  239 
276  259 
276  51 
277  205 
277  270 
277  77 
277  186 
278  272 
278  134 
278  144 
278  171 
279  215 
279  267 
279  222 
279  192 
280  123 
280  48 
280  8 
280  257 
281  177 
281  239 
281  153 
281  80 
282  91 
282  130 
282  263 
282  155 
283  239 
283  110 
283  276 
283  107 
284  241 
284  169 
284  17 
284  283 
285  38 
285  76 
285  282 
285  108 
286  52 
286  153 
286  100 
286  239 
287  15 
287  269 
287  136 
287  159 
288  108 
288  224 
288  154 
288  214 
289  211 
289  269 
289  281 
289  270 
290  222 
290  117 
290  132 
290  271 
291  284 
291  290 
291  123 
291  277 
292  281 
292  88 
292  266 
292  211 
293  181 
293  120 
293  276 
293  237 
294  226 
294  71 
294  223 
294  269 
295  72 
295  157 
295  286 
295  175 
296  19 
296  261 
296  292 
296  225 
297  107 
297  251 
297  289 
297  181 
298  132 
298  283 
298  109 
298  48 
299  272 
299  271 
299  60 
299  11 
300  265 
300  269 
300  122 
300  60 
301  290 
301  38 
301  110 
301  202 
302  142 
302  137 
302  91 
302  3 
303  106 
303  54 
303  197 
303  243 
304  149 
304  245 
304  276 
304  150 
305  266 
305  263 
305  157 
305  212 
306  252 
306  259 
306  129 
306  127 
307  82 
307  123 
307  160 
307  265 
308  285 
308  171 
308  265 
308  297 
309  144 
309  30 
309  223 
309  130 
310  221 
310  19 
310  106 
310  257 
311  3 
311  62 
311  88 
311  30 
312  309 
312  106 
312  284 
312  211 
313  309 
313  270 
313  272 
313  278 
314  279 
314  257 
314  83 
314  294 
315  46 
315  221 
315  184 
315  37 
316  130 
316  309 
316  75 
316  8 
317  93 
317  307 
317  247 
317  92 
318  30 
318  308 
318  63 
318  44 
319  110 
319  179 
319  297 
319  9 
320  103 
320  8 
320  81 
320  269 
321  261 
321  220 
321  146 
321  80 
322  18 
322  320 
322  112 
322  108 
323  52 
323  103 
323  228 
323  23 
324  108 
324  198 
324  309 
324  157 
325  227 
325  106 
325  6 
325  9 
326  203 
326  148 
326  284 
326  188 
327  219 
327  73 
327  304 
327  312 
328  316 
328  111 
328  276 
328  326 
329  174 
329  7 
329  316 
329  88 
330  54 
330  174 
330  178 
330  71 
331  320 
331  232 
331  197 
331  19 
332  278 
332  28 
332  115 
332  239 
333  30 
333  174 
333  294 
333  37 
334  270 
334  52 
334  324 
334  29 
335  187 
335  169 
335  80 
335  57 
336  225 
336  28 
336  256 
336  174 
337  44 
337  198 
337  24 
337  48 
338  179 
338  141 
338  253 
338  8 
339  20 
339  321 
339  336 
339  99 
340  101 
340  259 
340  231 
340  316 
341  236 
341  224 
341  293 
341  20 
342  128 
342  151 
342  333 
342  256 
343  74 
343  269 
343  29 
343  311 
344  284 
344  298 
344  313 
344  109 
345  30 
345  176 
345  321 
345  99 
346  344 
346  17 
346  110 
346  250 
347  225 
347  22 
347  147 
347  44 
348  259 
348  264 
348  234 
348  63 
349  114 
349  346 
349  46 
349  141 
350  141 
350  85 
350  282 
350  259 
351  21 
351  252 
351  24 
351  18 
352  108 
352  174 
352  107 
352  224 
353  117 
353  312 
353  310 
353  186 
354  169 
354  30 
354  281 
354  130 
355  62 
355  272 
355  211 
355  216 
356  324 
356  304 
356  354 
356  313 
357  171 
357  75 
357  276 
357  195 
358  313 
358  107 
358  46 
358  118 
359  112 
359  88 
359  129 
359  148 
360  223 
360  284 
360  261 
360  112 
361  224 
361  310 
361  46 
361  313 
362  344 
362  290 
362  169 
362  312 
363  186 
363  110 
363  308 
363  360 
364  68 
364  358 
364  186 
364  211 
365  178 
365  139 
365  355 
365  83 
366  23 
366  62 
366  350 
366  364 
367  265 
367  292 
367  155 
367  136 
368  331 
368  9 
368  104 
368  341 
369  226 
369  364 
369  233 
369  227 
370  330 
370  133 
370  365 
370  182 
371  20 
371  242 
371  265 
371  348 
372  172 
372  72 
372  24 
372  56 
373  49 
373  91 
373  369 
373  79 
374  186 
374  41 
374  308 
374  331 
375  372 
375  344 
375  325 
375  223 
376  361 
376  342 
376  140 
376  171 
377  371 
377  79 
377  78 
377  360 
378  54 
378  8 
378  113 
378  308 
379  154 
379  104 
379  360 
379  109 
380  12 
380  333 
380  138 
380  268 
381  113 
381  273 
381  156 
381  377 
382  181 
382  101 
382  94 
382  3 
383  375 
383  136 
383  272 
383  194 
384  276 
384  42 
384  360 
384  91 
385  284 
385  63 
385  66 
385  35 
386  23 
386  252 
386  272 
386  80 
387  385 
387  366 
387  135 
387  374 
388  242 
388  83 
388  325 
388  361 
389  380 
389  104 
389  281 
389  45 
390  357 
390  239 
390  312 
390  380 
391  304 
391  245 
391  375 
391  288 
392  163 
392  180 
392  277 
392  388 
393  9 
393  374 
393  385 
393  356 
394  309 
394  253 
394  95 
394  166 
395  165 
395  107 
395  39 
395  190 
396  116 
396  364 
396  286 
396  301 
397  242 
397  374 
397  95 
397  150 
398  186 
398  358 
398  148 
398  360 
399  360 
399  223 
399  381 
399  102 
400  54 
400  369 
400  323 
400  358 
401  384 
401  281 
401  81 
401  29 
402  179 
402  371 
402  69 
402  366 
403  180 
403  374 
403  231 
403  232 
404  389 
404  18 
404  397 
404  400 
405  365 
405  97 
405  331 
405  132 
406  6 
406  397 
406  235 
406  231 
407  308 
407  112 
407  344 
407  69 
408  130 
408  177 
408  90 
408  235 
409  120 
409  335 
409  348 
409  311 
410  347 
410  204 
410  186 
410  48 
411  141 
411  38 
411  209 
411  170 
412  397 
412  121 
412  22 
412  205 
413  334 
413  347 
413  138 
413  359 
414  388 
414  410 
414  349 
414  101 
415  54 
415  25 
415  284 
415  330 
416  54 
416  411 
416  345 
416  230 
417  221 
417  185 
417  345 
417  213 
418  215 
418  153 
418  244 
418  318 
419  314 
419  369 
419  197 
419  182 
420  315 
420  416 
420  328 
420  94 
421  201 
421  290 
421  339 
421  134 
422  380 
422  418 
422  417 
422  404 
423  306 
423  40 
423  410 
423  92 
424  410 
424  372 
424  417 
424  175 
425  386 
425  9 
425  71 
425  413 
426  224 
426  416 
426  424 
426  207 
427  54 
427  415 
427  306 
427  45 
428  325 
428  121 
428  409 
428  392 
429  201 
429  113 
429  425 
429  332 
430  360 
430  38 
430  411 
430  101 
431  204 
431  316 
431  87 
431  5 
432  254 
432  136 
432  284 
432  150 
433  245 
433  426 
433  50 
433  173 
434  223 
434  420 
434  19 
434  260 
435  160 
435  330 
435  410 
435  411 
436  101 
436  89 
436  148 
436  346 
437  89 
437  142 
437  409 
437  220 
438  420 
438  143 
438  391 
438  251 
439  45 
439  407 
439  258 
439  422 
440  56 
440  91 
440  322 
440  224 
441  106 
441  413 
441  366 
441  399 
442  249 
442  417 
442  184 
442  265 
443  353 
443  59 
443  73 
443  298 
444  377 
444  257 
444  410 
444  8 
445  407 
445  442 
445  239 
445  332 
446  68 
446  426 
446  94 
446  235 
447  8 
447  103 
447  273 
447  353 
448  54 
448  28 
448  413 
448  313 
449  356 
449  364 
449  426 
449  282 
450  304 
450  98 
450  207 
450  414 
451  80 
451  148 
451  422 
451  183 
452  330 
452  63 
452  50 
452  240 
453  423 
453  269 
453  63 
453  101 
454  60 
454  418 
454  165 
454  161 
455  260 
455  194 
455  353 
455  435 
456  19 
456  140 
456  171 
456  194 
457  376 
457  260 
457  170 
457  453 
458  154 
458  415 
458  227 
458  313 
459  272 
459  249 
459  61 
459  415 
460  227 
460  193 
460  244 
460  6 
461  457 
461  456 
461  431 
461  458 
462  201 
462  319 
462  22 
462  24 
463  157 
463  94 
463  82 
463  277 
464  244 
464  19 
464  233 
464  386 
465  13 
465  379 
465  184 
465  90 
466  87 
466  113 
466  45 
466  387 
467  382 
467  416 
467  421 
467  331 
468  90 
468  102 
468  426 
468  113 
469  62 
469  136 
469  105 
469  99 
470  246 
470  459 
470  305 
470  136 
471  46 
471  278 
471  61 
471  42 
472  13 
472  226 
472  94 
472  406 
473  85 
473  287 
473  39 
473  299 
474  128 
474  464 
474  258 
474  415 
475  393 
475  383 
475  137 
475  354 
476  163 
476  267 
476  136 
476  245 
477  271 
477  180 
477  392 
477  99 
478  14 
478  416 
478  28 
478  272 
479  109 
479  459 
479  46 
479  295 
480  476 
480  320 
480  136 
480  462 
481  244 
481  210 
481  442 
481  245 
482  36 
482  183 
482  297 
482  204 
483  251 
483  426 
483  464 
483  13 
484  264 
484  440 
484  262 
484  352 
485  426 
485  117 
485  162 
485  84 
486  274 
486  258 
486  52 
486  75 
487  50 
487  471 
487  131 
487  103 
488  259 
488  484 
488  264 
488  265 
489  474 
489  19 
489  421 
489  395 
490  285 
490  14 
490  383 
490  152 
491  181 
491  307 
491  352 
491  272 
492  283 
492  25 
492  201 
492  451 
493  67 
493  161 
493  456 
493  327 
494  336 
494  410 
494  198 
494  465 
495  414 
495  305 
495  473 
495  371 
496  37 
496  299 
496  374 
496  297 
497  460 
497  201 
497  262 
497  433 
498  440 
498  263 
498  344 
498  203 
499  258 
499  459 
499  482 
499  428 
500  113 
500  86 
500  61 
500  338 
501  475 
501  26 
501  67 
501  128 
502  416 
502  446 
502  477 
502  464 
503  94 
503  313 
503  440 
503  7 
504  305 
504  479 
504  7 
504  462 
505  201 
505  473 
505  472 
505  294 
506  82 
506  500 
506  493 
506  24 
507  484 
507  135 
507  142 
507  58 
508  445 
508  397 
508  258 
508  184 
509  416 
509  9 
509  344 
509  235 
510  253 
510  151 
510  50 
510  267 
511  324 
511  509 
511  84 
511  381 
512  469 
512  450 
512  466 
512  441 
513  377 
513  420 
513  32 
513  416 
514  261 
514  15 
514  33 
514  349 
515  69 
515  169 
515  158 
515  211 
516  442 
516  406 
516  23 
516  326 
517  405 
517  516 
517  447 
517  214 
518  136 
518  250 
518  513 
518  514 
519  48 
519  68 
519  514 
519  477 
520  513 
520  101 
520  154 
520  136 
521  255 
521  453 
521  223 
521  217 
522  435 
522  141 
522  12 
522  122 
523  163 
523  432 
523  506 
523  160 
524  212 
524  209 
524  100 
524  314 
525  301 
525  416 
525  162 
525  247 
526  108 
526  26 
526  386 
526  432 
527  97 
527  288 
527  205 
527  125 
528  507 
528  523 
528  430 
528  173 
529  503 
529  16 
529  414 
529  350 
530  200 
530  123 
530  252 
530  481 
531  400 
531  134 
531  519 
531  182 
532  338 
532  16 
532  125 
532  97 
533  421 
533  510 
533  212 
533  441 
534  286 
534  527 
534  314 
534  350 
535  123 
535  524 
535  146 
535  33 
536  262 
536  532 
536  455 
536  4 
537  344 
537  349 
537  495 
537  111 
538  35 
538  517 
538  342 
538  503 
539  392 
539  102 
539  310 
539  17 
540  375 
540  102 
540  247 
540  191 
541  519 
541  540 
541  181 
541  531 
542  76 
542  536 
542  59 
542  156 
543  158 
543  375 
543  408 
543  171 
544  47 
544  1 
544  524 
544  21 
545  314 
545  202 
545  516 
545  215 
546  533 
546  522 
546  361 
546  341 
547  407 
547  524 
547  493 
547  156 
548  406 
548  77 
548  493 
548  508 
549  454 
549  163 
549  237 
549  539 
550  26 
550  24 
550  443 
550  106 
551  519 
551  427 
551  386 
551  186 
552  505 
552  68 
552  508 
552  84 
553  58 
553  532 
553  528 
553  550 
554  538 
554  510 
554  532 
554  275 
555  341 
555  370 
555  551 
555  416 
556  301 
556  553 
556  528 
556  76 
557  90 
557  542 
557  49 
557  514 
558  85 
558  545 
558  521 
558  56 
559  41 
559  257 
559  178 
559  166 
560  116 
560  285 
560  301 
560  559 
561  406 
561  284 
561  428 
561  104 
562  65 
562  284 
562  404 
562  39 
563  6 
563  336 
563  12 
563  290 
564  5 
564  256 
564  303 
564  47 
565  59 
565  116 
565  559 
565  205 
566  226 
566  360 
566  334 
566  47 
567  517 
567  257 
567  180 
567  204 
568  92 
568  360 
568  285 
568  151 
569  80 
569  503 
569  56 
569  258 
570  485 
570  59 
570  283 
570  376 
571  230 
571  458 
571  22 
571  290 
572  108 
572  341 
572  363 
572  516 
573  447 
573  149 
573  292 
573  105 
574  482 
574  298 
574  72 
574  158 
575  151 
575  504 
575  515 
575  477 
576  324 
576  340 
576  264 
576  31 
577  286 
577  226 
577  243 
577  554 
578  270 
578  18 
578  554 
578  340 
579  469 
579  412 
579  187 
579  528 
580  576 
580  285 
580  158 
580  479 
581  355 
581  259 
581  417 
581  569 
582  577 
582  469 
582  373 
582  217 
583  428 
583  565 
583  470 
583  560 
584  223 
584  530 
584  80 
584  507 
585  452 
585  121 
585  544 
585  329 
586  29 
586  491 
586  392 
586  49 
587  574 
587  578 
587  493 
587  444 
588  121 
588  570 
588  81 
588  6 
589  34 
589  561 
589  498 
589  563 
590  528 
590  249 
590  285 
590  392 
591  135 
591  245 
591  93 
591  560 
592  6 
592  242 
592  270 
592  261 
593  373 
593  514 
593  180 
593  584 
594  89 
594  360 
594  329 
594  411 
595  181 
595  346 
595  52 
595  441 
596  306 
596  181 
596  363 
596  308 
597  302 
597  593 
597  270 
597  197 
598  156 
598  308 
598  340 
598  584 
599  202 
599  583 
599  256 
599  249 
600  252 
600  336 
600  230 
600  50 
601  256 
601  93 
601  573 
601  441 
602  311 
602  581 
602  183 
602  407 
603  569 
603  98 
603  441 
603  583 
604  355 
604  15 
604  373 
604  566 
605  161 
605  350 
605  490 
605  170 
606  212 
606  71 
606  587 
606  376 
607  454 
607  53 
607  534 
607  158 
608  331 
608  256 
608  440 
608  562 
 

