1  2 
1  3 
1  4 
1  5 
1  6 
1  7 
1  8 
1  9 
1  10 
2  3 
2  4 
2  5 
2  6 
2  7 
2  8 
2  9 
2  10 
3  4 
3  5 
3  6 
3  7 
3  8 
3  9 
3  10 
4  5 
4  6 
4  7 
4  8 
4  9 
4  10 
5  6 
5  7 
5  8 
5  9 
5  10 
6  7 
6  8 
6  9 
6  10 
7  8 
7  9 
7  10 
8  9 
8  10 
9  10 
11  2 
11  6 
11  5 
11  4 
12  7 
12  6 
12  11 
12  8 
13  2 
13  3 
13  8 
13  1 
14  5 
14  1 
14  8 
14  4 
15  10 
15  3 
15  5 
15  1 
16  12 
16  3 
16  7 
16  10 
17  13 
17  12 
17  4 
17  9 
18  4 
18  9 
18  17 
18  1 
19  5 
19  12 
19  15 
19  10 
20  3 
20  7 
20  4 
20  12 
21  6 
21  3 
21  8 
21  10 
22  6 
22  7 
22  14 
22  8 
23  8 
23  16 
23  7 
23  9 
24  7 
24  2 
24  4 
24  11 
25  1 
25  11 
25  10 
25  20 
26  9 
26  5 
26  16 
26  23 
27  9 
27  2 
27  25 
27  26 
28  7 
28  22 
28  1 
28  6 
29  9 
29  4 
29  26 
29  6 
30  12 
30  7 
30  2 
30  9 
31  1 
31  7 
31  4 
31  10 
32  2 
32  7 
32  22 
32  3 
33  22 
33  32 
33  1 
33  18 
34  3 
34  20 
34  21 
34  7 
35  17 
35  7 
35  5 
35  16 
36  26 
36  7 
36  4 
36  9 
37  6 
37  1 
37  17 
37  3 
38  7 
38  1 
38  35 
38  15 
39  7 
39  12 
39  1 
39  29 
40  24 
40  11 
40  37 
40  3 
41  7 
41  24 
41  36 
41  27 
42  6 
42  14 
42  10 
42  1 
43  35 
43  11 
43  30 
43  38 
44  10 
44  6 
44  32 
44  22 
45  7 
45  23 
45  22 
45  8 
46  24 
46  35 
46  5 
46  45 
47  39 
47  7 
47  8 
47  31 
48  14 
48  46 
48  10 
48  4 
49  41 
49  6 
49  37 
49  4 
50  11 
50  15 
50  21 
50  32 
51  14 
51  2 
51  4 
51  45 
52  18 
52  21 
52  5 
52  10 
53  45 
53  23 
53  52 
53  2 
54  2 
54  12 
54  4 
54  17 
55  5 
55  43 
55  49 
55  21 
56  39 
56  6 
56  7 
56  45 
57  40 
57  1 
57  4 
57  2 
58  18 
58  1 
58  10 
58  56 
59  7 
59  6 
59  38 
59  30 
60  1 
60  33 
60  35 
60  55 
61  1 
61  43 
61  15 
61  51 
62  26 
62  49 
62  40 
62  41 
63  60 
63  40 
63  18 
63  4 
64  10 
64  23 
64  7 
64  44 
65  36 
65  15 
65  32 
65  60 
66  14 
66  49 
66  10 
66  1 
67  7 
67  6 
67  21 
67  5 
68  3 
68  27 
68  46 
68  2 
69  36 
69  66 
69  14 
69  6 
70  29 
70  7 
70  54 
70  44 
71  4 
71  9 
71  7 
71  29 
72  22 
72  8 
72  71 
72  24 
73  24 
73  6 
73  17 
73  52 
74  48 
74  1 
74  14 
74  44 
75  7 
75  2 
75  16 
75  61 
76  73 
76  37 
76  48 
76  8 
77  60 
77  9 
77  70 
77  21 
78  11 
78  4 
78  6 
78  51 
79  4 
79  23 
79  5 
79  36 
80  78 
80  46 
80  62 
80  7 
81  78 
81  64 
81  4 
81  17 
82  56 
82  21 
82  7 
82  8 
83  50 
83  10 
83  32 
83  80 
84  71 
84  47 
84  1 
84  10 
85  13 
85  72 
85  12 
85  4 
86  14 
86  9 
86  7 
86  26 
87  66 
87  25 
87  19 
87  45 
88  21 
88  2 
88  10 
88  3 
89  73 
89  10 
89  49 
89  66 
90  52 
90  59 
90  15 
90  5 
91  60 
91  76 
91  4 
91  8 
92  5 
92  58 
92  3 
92  11 
93  10 
93  51 
93  40 
93  32 
94  5 
94  68 
94  83 
94  7 
95  10 
95  89 
95  94 
95  77 
96  4 
96  33 
96  7 
96  19 
97  9 
97  86 
97  1 
97  2 
98  10 
98  35 
98  86 
98  62 
99  38 
99  4 
99  7 
99  84 
100  67 
100  5 
100  57 
100  21 
101  4 
101  80 
101  10 
101  15 
102  100 
102  32 
102  11 
102  33 
103  26 
103  45 
103  37 
103  6 
104  21 
104  41 
104  30 
104  74 
105  7 
105  65 
105  1 
105  8 
106  12 
106  101 
106  2 
106  52 
107  29 
107  2 
107  1 
107  14 
108  1 
108  51 
108  3 
108  35 
109  3 
109  17 
109  34 
109  10 
110  4 
110  17 
110  30 
110  6 
111  7 
111  1 
111  8 
111  3 
112  51 
112  11 
112  49 
112  34 
113  10 
113  33 
113  108 
113  1 
114  47 
114  72 
114  7 
114  70 
115  90 
115  30 
115  39 
115  113 
116  33 
116  59 
116  9 
116  90 
117  6 
117  8 
117  52 
117  18 
118  9 
118  114 
118  10 
118  20 
119  35 
119  22 
119  34 
119  9 
120  60 
120  14 
120  109 
120  87 
121  9 
121  57 
121  8 
121  56 
122  3 
122  75 
122  5 
122  96 
123  15 
123  32 
123  8 
123  40 
124  35 
124  71 
124  15 
124  64 
125  4 
125  10 
125  2 
125  37 
126  2 
126  7 
126  31 
126  18 
127  33 
127  25 
127  100 
127  118 
128  10 
128  2 
128  110 
128  1 
129  6 
129  1 
129  120 
129  49 
130  66 
130  3 
130  59 
130  60 
131  98 
131  6 
131  46 
131  33 
132  52 
132  101 
132  69 
132  87 
133  86 
133  122 
133  80 
133  48 
134  10 
134  80 
134  43 
134  53 
135  126 
135  4 
135  2 
135  3 
136  10 
136  38 
136  120 
136  121 
137  2 
137  9 
137  83 
137  67 
138  122 
138  41 
138  21 
138  56 
139  23 
139  15 
139  10 
139  105 
140  23 
140  88 
140  64 
140  46 
141  25 
141  58 
141  6 
141  21 
142  40 
142  110 
142  23 
142  8 
143  105 
143  3 
143  80 
143  45 
144  2 
144  6 
144  108 
144  1 
145  3 
145  14 
145  103 
145  84 
146  49 
146  1 
146  70 
146  22 
147  10 
147  77 
147  104 
147  99 
148  147 
148  55 
148  32 
148  83 
149  4 
149  2 
149  49 
149  15 
150  7 
150  64 
150  12 
150  11 
151  59 
151  29 
151  15 
151  4 
152  83 
152  7 
152  43 
152  12 
153  28 
153  45 
153  6 
153  4 
154  120 
154  2 
154  90 
154  22 
155  1 
155  129 
155  72 
155  4 
156  20 
156  93 
156  130 
156  145 
157  40 
157  21 
157  18 
157  84 
158  98 
158  104 
158  10 
158  56 
159  129 
159  137 
159  49 
159  40 
160  126 
160  30 
160  9 
160  51 
161  62 
161  19 
161  10 
161  23 
162  136 
162  49 
162  21 
162  26 
163  55 
163  69 
163  13 
163  104 
164  60 
164  46 
164  144 
164  103 
165  21 
165  130 
165  141 
165  34 
166  6 
166  162 
166  94 
166  22 
167  14 
167  40 
167  4 
167  37 
168  32 
168  15 
168  6 
168  155 
169  109 
169  4 
169  8 
169  24 
170  7 
170  114 
170  6 
170  53 
171  19 
171  14 
171  2 
171  168 
172  87 
172  33 
172  114 
172  3 
173  35 
173  6 
173  2 
173  40 
174  56 
174  171 
174  157 
174  36 
175  139 
175  40 
175  11 
175  49 
176  55 
176  1 
176  147 
176  44 
177  7 
177  2 
177  146 
177  40 
178  22 
178  17 
178  170 
178  45 
179  4 
179  111 
179  168 
179  67 
180  113 
180  130 
180  8 
180  51 
181  126 
181  159 
181  21 
181  10 
182  21 
182  6 
182  58 
182  101 
183  3 
183  2 
183  159 
183  90 
184  7 
184  18 
184  46 
184  35 
185  151 
185  83 
185  126 
185  60 
186  143 
186  30 
186  173 
186  73 
187  57 
187  1 
187  161 
187  26 
188  41 
188  6 
188  120 
188  9 
189  1 
189  147 
189  113 
189  47 
190  169 
190  4 
190  35 
190  2 
191  185 
191  2 
191  24 
191  80 
192  17 
192  62 
192  7 
192  11 
193  54 
193  87 
193  31 
193  45 
194  173 
194  87 
194  18 
194  2 
195  37 
195  87 
195  6 
195  80 
196  91 
196  100 
196  75 
196  118 
197  129 
197  24 
197  191 
197  138 
198  52 
198  101 
198  70 
198  22 
199  47 
199  1 
199  163 
199  56 
200  87 
200  163 
200  30 
200  10 
1  201 
1  202 
1  203 
1  204 
2  203 
3  201 
3  205 
3  204 
4  201 
4  206 
5  202 
5  206 
5  204 
6  201 
6  202 
6  207 
6  206 
6  208 
7  202 
8  201 
8  202 
8  205 
8  206 
8  204 
9  201 
9  202 
9  203 
9  207 
9  206 
10  201 
10  207 
10  206 
10  204 
10  208 
11  202 
11  207 
12  201 
13  205 
13  203 
13  207 
14  201 
14  205 
14  207 
14  206 
15  205 
15  203 
16  202 
16  205 
16  206 
16  204 
16  208 
17  207 
17  206 
18  201 
18  205 
19  207 
19  204 
20  205 
20  203 
20  206 
20  204 
21  203 
21  206 
21  204 
22  201 
22  206 
22  204 
22  208 
23  205 
23  203 
23  206 
24  201 
24  206 
24  204 
25  202 
25  203 
25  207 
25  208 
26  202 
26  203 
26  208 
27  201 
27  205 
27  203 
27  206 
28  201 
28  205 
28  203 
28  206 
28  204 
28  208 
29  202 
29  205 
29  203 
29  207 
29  206 
29  204 
30  201 
30  202 
30  205 
30  203 
30  207 
31  201 
31  202 
31  205 
31  206 
31  204 
31  208 
32  201 
32  202 
32  207 
33  201 
33  205 
33  207 
33  206 
33  204 
34  201 
34  202 
34  205 
34  207 
34  206 
34  208 
35  201 
35  202 
35  206 
35  204 
36  205 
36  207 
36  206 
36  204 
36  208 
37  202 
37  206 
37  204 
37  208 
38  201 
38  207 
38  204 
38  208 
39  201 
39  205 
39  206 
39  204 
40  201 
40  205 
40  203 
40  207 
40  208 
41  202 
41  203 
41  207 
41  204 
42  202 
42  205 
42  207 
42  204 
42  208 
43  201 
43  205 
43  203 
43  204 
43  208 
44  205 
44  207 
44  206 
44  208 
45  207 
45  206 
45  204 
45  208 
46  201 
46  205 
46  206 
46  208 
47  202 
47  205 
47  207 
47  206 
47  204 
47  208 
48  202 
48  205 
48  203 
48  207 
48  208 
49  201 
49  202 
49  205 
49  203 
49  207 
49  206 
49  204 
50  202 
50  204 
50  208 
201  202 
202  205 
205  203 
203  207 
207  206 
206  204 
204  208 
201  205 
201  206 
202  203 
202  207 
205  207 
205  204 
206  202 
206  205 
204  201 
204  202 
208  201 
208  202 
208  205 
208  203 
51  203 
51  204 
51  208 
52  201 
52  202 
52  205 
52  203 
52  206 
53  201 
53  202 
53  203 
53  206 
53  204 
53  208 
54  207 
54  206 
54  208 
209  153 
209  185 
209  196 
209  207 
210  185 
210  198 
210  117 
210  136 
211  2 
211  110 
211  139 
211  138 
212  117 
212  21 
212  52 
212  188 
213  57 
213  98 
213  39 
213  13 
214  159 
214  21 
214  139 
214  80 
215  91 
215  209 
215  59 
215  57 
216  99 
216  126 
216  63 
216  13 
217  13 
217  64 
217  111 
217  23 
218  59 
218  123 
218  217 
218  64 
219  131 
219  59 
219  116 
219  159 
220  114 
220  196 
220  216 
220  199 
221  184 
221  131 
221  20 
221  102 
222  15 
222  46 
222  220 
222  175 
223  59 
223  55 
223  171 
223  213 
224  130 
224  159 
224  171 
224  111 
225  152 
225  63 
225  40 
225  53 
226  225 
226  21 
226  175 
226  216 
227  62 
227  50 
227  188 
227  12 
228  227 
228  130 
228  13 
228  53 
55  207 
56  201 
56  205 
56  203 
56  207 
56  204 
57  201 
57  202 
57  205 
57  203 
57  206 
57  204 
58  207 
58  204 
58  208 
229  170 
229  107 
229  109 
229  21 
230  190 
230  203 
230  212 
230  72 
231  117 
231  164 
231  139 
231  184 
232  213 
232  87 
232  212 
232  142 
233  165 
233  59 
233  82 
233  201 
234  211 
234  147 
234  153 
234  177 
235  165 
235  49 
235  70 
235  138 
236  27 
236  63 
236  179 
236  178 
237  13 
237  141 
237  208 
237  128 
238  109 
238  39 
238  58 
238  145 
239  115 
239  84 
239  78 
239  178 
240  180 
240  22 
240  54 
240  217 
241  205 
241  26 
241  44 
241  164 
242  107 
242  120 
242  125 
242  231 
243  117 
243  13 
243  27 
243  157 
244  153 
244  5 
244  41 
244  142 
245  179 
245  235 
245  144 
245  105 
246  137 
246  155 
246  74 
246  165 
247  178 
247  97 
247  62 
247  105 
248  149 
248  230 
248  215 
248  198 
59  201 
59  202 
59  205 
59  203 
59  204 
59  208 
60  202 
60  205 
60  204 
60  208 
61  206 
61  204 
62  201 
62  202 
62  203 
249  105 
249  43 
249  102 
249  101 
250  144 
250  53 
250  99 
250  142 
251  121 
251  130 
251  105 
251  123 
252  66 
252  118 
252  17 
252  44 
253  130 
253  164 
253  69 
253  45 
254  56 
254  210 
254  106 
254  67 
255  102 
255  239 
255  69 
255  246 
256  190 
256  221 
256  47 
256  35 
257  242 
257  194 
257  255 
257  8 
258  215 
258  232 
258  130 
258  166 
259  134 
259  253 
259  63 
259  227 
260  67 
260  82 
260  194 
260  251 
261  130 
261  143 
261  238 
261  15 
262  242 
262  26 
262  256 
262  5 
263  222 
263  66 
263  260 
263  259 
264  215 
264  170 
264  255 
264  8 
265  117 
265  215 
265  47 
265  255 
266  90 
266  188 
266  249 
266  264 
267  210 
267  71 
267  264 
267  175 
268  161 
268  210 
268  129 
268  251 
63  202 
63  206 
63  208 
2  269 
3  269 
4  269 
6  269 
10  269 
11  269 
12  269 
15  269 
16  269 
17  269 
20  269 
22  269 
25  269 
26  269 
28  269 
29  269 
30  269 
33  269 
34  269 
36  269 
37  269 
42  269 
44  269 
46  269 
47  269 
51  269 
52  269 
53  269 
54  269 
55  269 
56  269 
57  269 
58  269 
60  269 
61  269 
62  269 
201  203 
201  207 
203  206 
204  203 
204  207 
208  206 
269  201 
269  202 
269  203 
269  207 
269  204 
270  67 
270  90 
270  73 
270  194 
271  245 
271  111 
271  141 
271  218 
272  113 
272  258 
272  126 
272  139 
273  96 
273  235 
273  11 
273  173 
274  213 
274  71 
274  1 
274  182 
275  2 
275  84 
275  199 
275  75 
276  54 
276  34 
276  129 
276  3 
277  138 
277  118 
277  4 
277  1 
278  274 
278  31 
278  182 
278  113 
279  212 
279  176 
279  123 
279  45 
280  66 
280  217 
280  103 
280  279 
281  105 
281  97 
281  22 
281  148 
282  189 
282  71 
282  96 
282  203 
283  166 
283  44 
283  84 
283  241 
284  271 
284  275 
284  113 
284  194 
285  173 
285  204 
285  203 
285  199 
286  155 
286  98 
286  89 
286  191 
287  138 
287  266 
287  155 
287  238 
288  99 
288  253 
288  271 
288  63 
289  288 
289  12 
289  286 
289  89 
 

