1  2 
1  3 
1  4 
1  5 
1  6 
1  7 
1  8 
1  9 
1  10 
2  3 
2  4 
2  5 
2  6 
2  7 
2  8 
2  9 
2  10 
3  4 
3  5 
3  6 
3  7 
3  8 
3  9 
3  10 
4  5 
4  6 
4  7 
4  8 
4  9 
4  10 
5  6 
5  7 
5  8 
5  9 
5  10 
6  7 
6  8 
6  9 
6  10 
7  8 
7  9 
7  10 
8  9 
8  10 
9  10 
11  9 
11  2 
11  8 
11  10 
12  8 
12  3 
12  2 
12  5 
13  4 
13  6 
13  3 
13  2 
14  1 
14  11 
14  6 
14  7 
15  8 
15  2 
15  1 
15  6 
16  4 
16  2 
16  12 
16  1 
17  2 
17  14 
17  7 
17  10 
18  5 
18  8 
18  7 
18  2 
19  11 
19  1 
19  14 
19  17 
20  4 
20  8 
20  5 
20  9 
21  3 
21  5 
21  19 
21  18 
22  12 
22  1 
22  20 
22  2 
23  7 
23  1 
23  22 
23  5 
24  23 
24  4 
24  6 
24  10 
25  20 
25  4 
25  8 
25  2 
26  10 
26  20 
26  12 
26  14 
27  3 
27  9 
27  23 
27  22 
28  7 
28  14 
28  10 
28  27 
29  11 
29  10 
29  6 
29  2 
30  13 
30  6 
30  18 
30  9 
31  30 
31  14 
31  5 
31  2 
32  22 
32  9 
32  4 
32  10 
33  6 
33  18 
33  30 
33  3 
34  14 
34  16 
34  5 
34  31 
35  13 
35  10 
35  32 
35  21 
36  10 
36  33 
36  4 
36  21 
37  5 
37  10 
37  31 
37  6 
38  11 
38  10 
38  5 
38  7 
39  4 
39  8 
39  10 
39  2 
40  34 
40  5 
40  3 
40  6 
41  9 
41  27 
41  10 
41  4 
42  4 
42  9 
42  5 
42  2 
43  5 
43  12 
43  40 
43  2 
44  32 
44  1 
44  4 
44  10 
45  17 
45  44 
45  37 
45  10 
46  24 
46  2 
46  6 
46  29 
47  3 
47  10 
47  2 
47  44 
48  6 
48  4 
48  9 
48  5 
49  6 
49  8 
49  18 
49  7 
50  33 
50  9 
50  14 
50  23 
51  45 
51  12 
51  9 
51  40 
52  10 
52  1 
52  36 
52  5 
53  9 
53  1 
53  7 
53  51 
54  3 
54  21 
54  9 
54  4 
55  15 
55  1 
55  22 
55  39 
56  5 
56  46 
56  48 
56  10 
57  39 
57  42 
57  11 
57  2 
58  25 
58  18 
58  40 
58  30 
59  2 
59  10 
59  5 
59  57 
60  58 
60  56 
60  9 
60  37 
61  38 
61  9 
61  6 
61  46 
62  25 
62  60 
62  8 
62  43 
63  9 
63  2 
63  36 
63  55 
64  7 
64  5 
64  9 
64  33 
65  9 
65  53 
65  33 
65  3 
66  32 
66  50 
66  8 
66  17 
67  40 
67  63 
67  10 
67  19 
68  5 
68  8 
68  48 
68  47 
69  11 
69  46 
69  8 
69  29 
70  38 
70  2 
70  10 
70  54 
71  8 
71  5 
71  41 
71  42 
72  10 
72  34 
72  5 
72  11 
73  41 
73  48 
73  32 
73  42 
74  41 
74  7 
74  2 
74  5 
75  10 
75  9 
75  70 
75  4 
76  10 
76  12 
76  44 
76  7 
77  10 
77  13 
77  37 
77  57 
78  8 
78  45 
78  27 
78  38 
79  2 
79  31 
79  6 
79  47 
80  10 
80  1 
80  32 
80  2 
81  27 
81  35 
81  54 
81  50 
82  71 
82  1 
82  10 
82  40 
83  10 
83  8 
83  11 
83  6 
84  47 
84  2 
84  56 
84  16 
85  83 
85  7 
85  71 
85  17 
86  53 
86  75 
86  4 
86  7 
87  8 
87  10 
87  65 
87  24 
88  2 
88  20 
88  78 
88  9 
89  29 
89  83 
89  34 
89  44 
90  10 
90  7 
90  40 
90  32 
91  5 
91  10 
91  50 
91  32 
92  68 
92  43 
92  35 
92  2 
93  75 
93  81 
93  5 
93  82 
94  18 
94  45 
94  58 
94  4 
95  8 
95  3 
95  32 
95  5 
96  10 
96  39 
96  5 
96  37 
97  44 
97  13 
97  7 
97  96 
98  5 
98  41 
98  2 
98  8 
99  44 
99  27 
99  46 
99  34 
100  95 
100  9 
100  3 
100  1 
101  5 
101  2 
101  71 
101  40 
102  48 
102  2 
102  7 
102  35 
103  58 
103  31 
103  12 
103  17 
104  7 
104  15 
104  3 
104  12 
105  104 
105  45 
105  7 
105  99 
106  2 
106  100 
106  103 
106  14 
107  35 
107  3 
107  23 
107  6 
108  18 
108  1 
108  30 
108  25 
109  43 
109  37 
109  10 
109  25 
110  16 
110  83 
110  3 
110  86 
111  10 
111  37 
111  21 
111  7 
112  81 
112  43 
112  108 
112  6 
113  30 
113  13 
113  19 
113  9 
114  30 
114  8 
114  27 
114  6 
115  45 
115  7 
115  19 
115  32 
116  58 
116  35 
116  17 
116  112 
117  22 
117  3 
117  32 
117  29 
118  37 
118  17 
118  7 
118  11 
119  2 
119  14 
119  3 
119  82 
120  106 
120  91 
120  30 
120  13 
121  5 
121  24 
121  22 
121  96 
122  93 
122  49 
122  4 
122  78 
123  59 
123  12 
123  71 
123  42 
124  73 
124  8 
124  10 
124  4 
125  30 
125  114 
125  44 
125  117 
126  2 
126  22 
126  8 
126  17 
127  47 
127  14 
127  64 
127  9 
128  62 
128  16 
128  92 
128  77 
129  39 
129  32 
129  6 
129  5 
130  77 
130  126 
130  1 
130  12 
131  33 
131  44 
131  29 
131  4 
132  10 
132  52 
132  104 
132  27 
133  2 
133  53 
133  64 
133  113 
134  23 
134  19 
134  133 
134  7 
135  3 
135  43 
135  96 
135  92 
136  96 
136  82 
136  47 
136  56 
137  45 
137  27 
137  14 
137  129 
138  23 
138  46 
138  1 
138  43 
139  77 
139  90 
139  38 
139  25 
140  101 
140  46 
140  100 
140  108 
141  56 
141  13 
141  62 
141  30 
142  65 
142  27 
142  59 
142  30 
143  1 
143  30 
143  84 
143  58 
144  19 
144  81 
144  30 
144  7 
145  5 
145  104 
145  2 
145  6 
146  11 
146  3 
146  5 
146  105 
147  11 
147  12 
147  14 
147  117 
148  64 
148  35 
148  52 
148  8 
149  13 
149  19 
149  27 
149  96 
150  126 
150  44 
150  23 
150  10 
151  30 
151  100 
151  1 
151  23 
152  2 
152  6 
152  62 
152  128 
153  43 
153  40 
153  55 
153  146 
154  130 
154  27 
154  23 
154  76 
155  16 
155  4 
155  10 
155  9 
156  113 
156  110 
156  96 
156  15 
157  83 
157  99 
157  8 
157  18 
158  8 
158  30 
158  37 
158  5 
159  127 
159  51 
159  10 
159  79 
160  5 
160  121 
160  124 
160  139 
161  152 
161  38 
161  4 
161  58 
162  34 
162  82 
162  66 
162  151 
163  13 
163  96 
163  12 
163  7 
164  93 
164  33 
164  4 
164  5 
165  22 
165  79 
165  89 
165  29 
166  145 
166  120 
166  113 
166  1 
167  139 
167  4 
167  31 
167  3 
168  89 
168  10 
168  154 
168  91 
169  40 
169  148 
169  81 
169  8 
170  32 
170  34 
170  86 
170  105 
171  86 
171  146 
171  142 
171  112 
172  45 
172  49 
172  4 
172  41 
173  12 
173  134 
173  171 
173  6 
174  2 
174  5 
174  45 
174  22 
175  114 
175  39 
175  65 
175  138 
176  174 
176  3 
176  17 
176  66 
177  75 
177  26 
177  22 
177  124 
178  12 
178  2 
178  21 
178  7 
179  4 
179  92 
179  87 
179  5 
180  172 
180  42 
180  4 
180  14 
181  29 
181  163 
181  54 
181  53 
182  168 
182  84 
182  165 
182  8 
183  177 
183  37 
183  176 
183  47 
184  14 
184  44 
184  149 
184  9 
185  67 
185  145 
185  21 
185  50 
186  176 
186  85 
186  18 
186  123 
187  3 
187  167 
187  183 
187  147 
188  10 
188  14 
188  77 
188  165 
189  6 
189  4 
189  133 
189  97 
190  118 
190  11 
190  67 
190  102 
191  35 
191  89 
191  119 
191  44 
192  106 
192  169 
192  85 
192  32 
193  5 
193  103 
193  171 
193  145 
194  30 
194  169 
194  171 
194  21 
195  192 
195  120 
195  59 
195  154 
196  152 
196  22 
196  4 
196  2 
197  108 
197  10 
197  134 
197  183 
198  9 
198  43 
198  173 
198  125 
199  37 
199  9 
199  18 
199  67 
200  132 
200  103 
200  40 
200  4 
1  201 
1  202 
1  203 
1  204 
1  205 
1  206 
1  207 
2  208 
2  202 
2  204 
3  201 
3  204 
3  207 
4  208 
4  205 
4  206 
5  201 
5  202 
5  203 
5  205 
6  206 
6  207 
7  208 
7  201 
7  205 
7  207 
8  208 
8  203 
8  206 
9  201 
9  203 
9  204 
9  205 
9  206 
10  204 
10  205 
11  208 
11  203 
12  201 
12  203 
12  204 
12  206 
13  208 
13  202 
13  203 
13  205 
13  206 
13  207 
14  201 
14  203 
14  207 
15  201 
15  202 
15  204 
15  207 
16  203 
16  204 
17  201 
17  202 
17  203 
17  204 
17  205 
18  208 
18  202 
18  204 
18  206 
18  207 
19  208 
19  204 
20  202 
20  203 
20  204 
20  206 
20  207 
208  201 
201  202 
202  203 
203  204 
204  205 
205  206 
206  207 
208  204 
201  204 
201  205 
201  206 
202  205 
203  201 
203  205 
203  206 
206  204 
207  202 
207  204 
207  205 
209  124 
209  206 
209  113 
209  134 
210  191 
210  154 
210  140 
210  136 
211  53 
211  29 
211  5 
211  67 
212  19 
212  88 
212  169 
212  149 
213  20 
213  173 
213  49 
213  88 
214  53 
214  93 
214  18 
214  89 
215  11 
215  214 
215  53 
215  74 
216  159 
216  163 
216  139 
216  186 
217  199 
217  215 
217  93 
217  68 
218  68 
218  175 
218  210 
218  138 
219  214 
219  40 
219  99 
219  104 
220  41 
220  23 
220  212 
220  20 
221  42 
221  35 
221  169 
221  99 
222  43 
222  104 
222  102 
222  24 
223  91 
223  49 
223  106 
223  50 
224  34 
224  209 
224  212 
224  67 
225  106 
225  217 
225  60 
225  104 
226  20 
226  173 
226  172 
226  171 
227  214 
227  173 
227  118 
227  120 
228  74 
228  221 
228  145 
228  103 
229  138 
229  13 
229  67 
229  214 
230  218 
230  223 
230  11 
230  89 
231  21 
231  136 
231  47 
231  88 
232  43 
232  39 
232  49 
232  104 
233  89 
233  59 
233  182 
233  68 
234  228 
234  173 
234  223 
234  154 
235  76 
235  73 
235  49 
235  212 
236  110 
236  146 
236  88 
236  103 
237  57 
237  20 
237  127 
237  25 
238  182 
238  6 
238  33 
238  70 
239  236 
239  169 
239  116 
239  77 
240  57 
240  100 
240  212 
240  71 
241  13 
241  29 
241  53 
241  167 
242  120 
242  224 
242  160 
242  68 
243  184 
243  237 
243  44 
243  212 
244  140 
244  99 
244  229 
244  213 
245  210 
245  141 
245  117 
245  177 
246  155 
246  228 
246  187 
246  163 
247  231 
247  110 
247  127 
247  99 
248  221 
248  202 
248  130 
248  133 
249  169 
249  206 
249  43 
249  40 
250  30 
250  213 
250  202 
250  218 
251  79 
251  239 
251  67 
251  9 
252  232 
252  245 
252  67 
252  221 
253  49 
253  152 
253  59 
253  212 
254  209 
254  210 
254  208 
254  8 
255  68 
255  6 
255  223 
255  11 
256  225 
256  229 
256  199 
256  186 
257  212 
257  99 
257  138 
257  253 
258  220 
258  112 
258  198 
258  237 
259  202 
259  237 
259  166 
259  29 
260  178 
260  215 
260  96 
260  152 
261  1 
261  214 
261  128 
261  48 
262  59 
262  63 
262  260 
262  252 
263  125 
263  90 
263  88 
263  259 
264  70 
264  179 
264  56 
264  171 
265  104 
265  259 
265  207 
265  152 
266  265 
266  187 
266  210 
266  85 
267  203 
267  139 
267  183 
267  119 
268  157 
268  192 
268  30 
268  265 
269  46 
269  100 
269  112 
269  198 
270  185 
270  192 
270  42 
270  166 
271  221 
271  171 
271  113 
271  16 
272  135 
272  90 
272  112 
272  72 
273  70 
273  269 
273  20 
273  71 
274  252 
274  222 
274  92 
274  9 
275  135 
275  159 
275  265 
275  85 
276  207 
276  192 
276  139 
276  25 
277  203 
277  43 
277  174 
277  147 
278  45 
278  123 
278  264 
278  136 
279  203 
279  252 
279  79 
279  185 
280  177 
280  147 
280  212 
280  254 
281  16 
281  227 
281  245 
281  174 
282  247 
282  192 
282  171 
282  118 
283  269 
283  115 
283  159 
283  125 
284  142 
284  192 
284  114 
284  256 
285  64 
285  21 
285  207 
285  278 
286  187 
286  41 
286  92 
286  57 
287  278 
287  25 
287  105 
287  182 
288  245 
288  207 
288  200 
288  105 
289  90 
289  283 
289  263 
289  202 
290  102 
290  273 
290  161 
290  23 
291  121 
291  157 
291  262 
291  156 
292  79 
292  238 
292  277 
292  259 
293  2 
293  273 
293  270 
293  34 
294  117 
294  100 
294  38 
294  207 
295  280 
295  206 
295  115 
295  71 
296  77 
296  70 
296  89 
296  259 
297  147 
297  274 
297  145 
297  116 
298  264 
298  43 
298  42 
298  164 
299  121 
299  70 
299  212 
299  123 
300  191 
300  230 
300  133 
300  140 
301  34 
301  285 
301  57 
301  152 
302  68 
302  262 
302  13 
302  247 
303  142 
303  201 
303  301 
303  49 
304  138 
304  139 
304  183 
304  266 
305  164 
305  278 
305  264 
305  161 
306  34 
306  140 
306  60 
306  85 
307  296 
307  274 
307  25 
307  183 
308  234 
308  152 
308  49 
308  135 
309  169 
309  271 
309  26 
309  287 
310  51 
310  114 
310  309 
310  36 
311  111 
311  190 
311  202 
311  184 
312  165 
312  309 
312  92 
312  283 
313  195 
313  105 
313  296 
313  74 
314  252 
314  274 
314  9 
314  231 
315  199 
315  235 
315  186 
315  212 
316  14 
316  33 
316  10 
316  37 
317  60 
317  314 
317  262 
317  188 
318  287 
318  140 
318  263 
318  96 
319  310 
319  301 
319  264 
319  265 
320  116 
320  84 
320  202 
320  179 
321  123 
321  55 
321  117 
321  273 
322  56 
322  270 
322  79 
322  99 
323  53 
323  168 
323  71 
323  313 
324  23 
324  200 
324  20 
324  212 
325  242 
325  274 
325  49 
325  186 
326  129 
326  32 
326  177 
326  310 
327  36 
327  65 
327  64 
327  128 
328  107 
328  213 
328  65 
328  37 
329  313 
329  56 
329  38 
329  217 
330  274 
330  287 
330  1 
330  312 
331  316 
331  64 
331  82 
331  168 
332  37 
332  322 
332  303 
332  6 
333  202 
333  128 
333  129 
333  184 
334  71 
334  36 
334  326 
334  330 
335  84 
335  10 
335  117 
335  259 
336  230 
336  329 
336  213 
336  4 
337  208 
337  123 
337  219 
337  17 
338  1 
338  284 
338  48 
338  219 
339  133 
339  10 
339  338 
339  186 
340  205 
340  322 
340  87 
340  79 
341  173 
341  340 
341  4 
341  111 
342  32 
342  338 
342  11 
342  263 
343  255 
343  36 
343  80 
343  121 
344  325 
344  299 
344  32 
344  113 
345  55 
345  250 
345  33 
345  310 
346  244 
346  150 
346  219 
346  266 
347  224 
347  64 
347  331 
347  185 
348  257 
348  219 
348  329 
348  312 
349  215 
349  312 
349  244 
349  37 
350  219 
350  312 
350  200 
350  323 
351  335 
351  186 
351  17 
351  71 
352  311 
352  351 
352  335 
352  40 
353  269 
353  339 
353  79 
353  350 
354  253 
354  310 
354  213 
354  88 
355  212 
355  123 
355  330 
355  81 
356  157 
356  312 
356  320 
356  322 
357  300 
357  355 
357  288 
357  65 
358  185 
358  219 
358  313 
358  76 
359  242 
359  234 
359  88 
359  146 
360  269 
360  330 
360  154 
360  334 
361  192 
361  22 
361  263 
361  199 
362  192 
362  171 
362  206 
362  111 
363  210 
363  150 
363  250 
363  90 
364  236 
364  310 
364  248 
364  349 
365  335 
365  255 
365  292 
365  22 
366  327 
366  27 
366  86 
366  5 
367  192 
367  176 
367  248 
367  55 
368  176 
368  51 
368  327 
368  57 
369  310 
369  354 
369  361 
369  14 
370  369 
370  87 
370  176 
370  32 
371  72 
371  368 
371  360 
371  41 
372  110 
372  319 
372  300 
372  194 
373  245 
373  27 
373  365 
373  73 
374  357 
374  221 
374  272 
374  208 
375  149 
375  150 
375  120 
375  44 
376  180 
376  344 
376  108 
376  237 
377  221 
377  84 
377  249 
377  22 
378  315 
378  253 
378  201 
378  367 
379  361 
379  154 
379  95 
379  237 
380  157 
380  186 
380  365 
380  249 
381  44 
381  368 
381  212 
381  365 
382  255 
382  56 
382  193 
382  114 
383  245 
383  70 
383  230 
383  127 
384  242 
384  380 
384  143 
384  211 
385  366 
385  377 
385  292 
385  217 
386  246 
386  73 
386  275 
386  195 
387  258 
387  237 
387  181 
387  222 
388  144 
388  288 
388  90 
388  272 
389  153 
389  253 
389  264 
389  56 
390  226 
390  244 
390  97 
390  357 
391  318 
391  107 
391  113 
391  231 
392  361 
392  225 
392  190 
392  338 
393  26 
393  383 
393  375 
393  339 
394  186 
394  170 
394  146 
394  361 
395  19 
395  361 
395  390 
395  71 
396  237 
396  275 
396  309 
396  236 
397  330 
397  376 
397  310 
397  237 
398  21 
398  181 
398  365 
398  360 
399  192 
399  383 
399  374 
399  27 
400  19 
400  20 
400  174 
400  394 
401  157 
401  330 
401  194 
401  318 
402  208 
402  95 
402  87 
402  20 
403  220 
403  68 
403  366 
403  27 
404  40 
404  269 
404  94 
404  367 
405  148 
405  371 
405  389 
405  378 
406  118 
406  9 
406  344 
406  370 
407  97 
407  360 
407  170 
407  217 
408  386 
408  382 
408  400 
408  197 
409  223 
409  233 
409  81 
409  360 
410  122 
410  240 
410  393 
410  382 
411  297 
411  23 
411  267 
411  183 
412  73 
412  215 
412  131 
412  193 
413  339 
413  224 
413  341 
413  143 
414  132 
414  158 
414  409 
414  154 
415  211 
415  168 
415  16 
415  251 
416  123 
416  137 
416  317 
416  402 
417  179 
417  215 
417  131 
417  401 
418  315 
418  97 
418  341 
418  239 
419  213 
419  38 
419  330 
419  360 
420  262 
420  328 
420  53 
420  129 
421  280 
421  240 
421  154 
421  412 
422  323 
422  128 
422  165 
422  10 
423  274 
423  389 
423  415 
423  330 
424  54 
424  90 
424  422 
424  423 
425  234 
425  193 
425  63 
425  413 
426  420 
426  187 
426  304 
426  68 
427  42 
427  413 
427  424 
427  328 
428  107 
428  307 
428  40 
428  52 
429  423 
429  277 
429  193 
429  69 
430  130 
430  29 
430  191 
430  417 
431  429 
431  271 
431  339 
431  413 
432  425 
432  269 
432  328 
432  337 
433  271 
433  415 
433  222 
433  151 
434  73 
434  137 
434  389 
434  121 
435  419 
435  88 
435  16 
435  274 
436  401 
436  33 
436  424 
436  157 
437  74 
437  145 
437  131 
437  418 
438  410 
438  164 
438  130 
438  271 
439  193 
439  269 
439  209 
439  130 
440  2 
440  410 
440  115 
440  201 
441  407 
441  193 
441  426 
441  319 
442  429 
442  172 
442  18 
442  248 
443  420 
443  111 
443  187 
443  259 
444  418 
444  65 
444  237 
444  211 
445  237 
445  85 
445  413 
445  175 
446  280 
446  281 
446  202 
446  149 
447  233 
447  442 
447  274 
447  281 
448  422 
448  265 
448  86 
448  95 
449  445 
449  448 
449  90 
449  137 
450  141 
450  443 
450  417 
450  412 
451  202 
451  80 
451  389 
451  185 
452  114 
452  284 
452  57 
452  413 
453  291 
453  340 
453  412 
453  441 
454  7 
454  407 
454  90 
454  434 
455  443 
455  248 
455  425 
455  252 
456  430 
456  310 
456  96 
456  369 
457  223 
457  448 
457  200 
457  332 
458  424 
458  295 
458  430 
458  378 
 

