1  2 
1  3 
1  4 
1  5 
1  6 
1  7 
1  8 
1  9 
1  10 
2  3 
2  4 
2  5 
2  6 
2  7 
2  8 
2  9 
2  10 
3  4 
3  5 
3  6 
3  7 
3  8 
3  9 
3  10 
4  5 
4  6 
4  7 
4  8 
4  9 
4  10 
5  6 
5  7 
5  8 
5  9 
5  10 
6  7 
6  8 
6  9 
6  10 
7  8 
7  9 
7  10 
8  9 
8  10 
9  10 
11  4 
11  9 
11  6 
11  5 
12  4 
12  9 
12  8 
12  1 
13  1 
13  4 
13  7 
13  8 
14  6 
14  7 
14  9 
14  1 
15  1 
15  8 
15  7 
15  9 
16  14 
16  9 
16  4 
16  13 
17  10 
17  2 
17  4 
17  9 
18  14 
18  8 
18  1 
18  6 
19  5 
19  8 
19  9 
19  10 
20  1 
20  18 
20  13 
20  10 
21  8 
21  6 
21  5 
21  13 
22  14 
22  12 
22  5 
22  19 
23  4 
23  15 
23  1 
23  14 
24  5 
24  20 
24  19 
24  7 
25  12 
25  14 
25  8 
25  13 
26  10 
26  6 
26  8 
26  16 
27  2 
27  6 
27  12 
27  4 
28  22 
28  10 
28  4 
28  1 
29  20 
29  3 
29  4 
29  25 
30  15 
30  19 
30  6 
30  29 
31  19 
31  9 
31  18 
31  2 
32  1 
32  4 
32  31 
32  8 
33  10 
33  2 
33  14 
33  1 
34  10 
34  6 
34  13 
34  11 
35  10 
35  6 
35  22 
35  3 
36  3 
36  29 
36  9 
36  1 
37  2 
37  1 
37  36 
37  19 
38  5 
38  33 
38  19 
38  15 
39  2 
39  4 
39  16 
39  6 
40  15 
40  13 
40  8 
40  24 
41  4 
41  22 
41  20 
41  12 
42  8 
42  35 
42  18 
42  10 
43  10 
43  5 
43  4 
43  27 
44  4 
44  14 
44  20 
44  3 
45  5 
45  32 
45  13 
45  4 
46  43 
46  28 
46  1 
46  42 
47  15 
47  20 
47  29 
47  3 
48  18 
48  33 
48  10 
48  23 
49  42 
49  48 
49  12 
49  19 
50  43 
50  1 
50  11 
50  42 
51  9 
51  1 
51  5 
51  8 
52  5 
52  42 
52  30 
52  6 
53  6 
53  34 
53  2 
53  20 
54  53 
54  4 
54  12 
54  5 
55  30 
55  10 
55  1 
55  48 
56  24 
56  9 
56  2 
56  6 
57  8 
57  46 
57  12 
57  3 
58  20 
58  12 
58  4 
58  15 
59  8 
59  9 
59  26 
59  35 
60  9 
60  27 
60  1 
60  20 
61  10 
61  40 
61  27 
61  22 
62  4 
62  6 
62  54 
62  42 
63  9 
63  8 
63  45 
63  33 
64  6 
64  10 
64  1 
64  19 
65  51 
65  11 
65  64 
65  8 
66  20 
66  36 
66  5 
66  24 
67  7 
67  8 
67  23 
67  9 
68  3 
68  36 
68  1 
68  27 
69  16 
69  43 
69  41 
69  22 
70  44 
70  3 
70  10 
70  1 
71  4 
71  25 
71  57 
71  61 
72  34 
72  44 
72  58 
72  42 
73  43 
73  1 
73  19 
73  2 
74  23 
74  42 
74  16 
74  8 
75  35 
75  41 
75  12 
75  9 
76  13 
76  19 
76  42 
76  50 
77  73 
77  23 
77  20 
77  25 
78  29 
78  19 
78  4 
78  13 
79  42 
79  13 
79  29 
79  11 
80  2 
80  41 
80  24 
80  48 
81  9 
81  10 
81  15 
81  3 
82  25 
82  8 
82  53 
82  19 
83  5 
83  69 
83  3 
83  70 
84  2 
84  78 
84  15 
84  4 
85  2 
85  74 
85  42 
85  6 
86  30 
86  12 
86  43 
86  10 
87  8 
87  42 
87  5 
87  51 
88  6 
88  43 
88  20 
88  30 
89  4 
89  33 
89  19 
89  3 
90  6 
90  14 
90  4 
90  10 
91  53 
91  6 
91  18 
91  84 
92  22 
92  72 
92  29 
92  67 
93  3 
93  51 
93  73 
93  10 
94  20 
94  19 
94  23 
94  2 
95  9 
95  12 
95  55 
95  38 
96  67 
96  40 
96  66 
96  26 
97  75 
97  24 
97  44 
97  9 
98  18 
98  41 
98  67 
98  1 
99  1 
99  33 
99  32 
99  42 
100  71 
100  9 
100  30 
100  88 
101  6 
101  36 
101  20 
101  54 
102  24 
102  65 
102  38 
102  7 
103  18 
103  44 
103  67 
103  6 
104  57 
104  52 
104  98 
104  48 
105  1 
105  55 
105  83 
105  9 
106  10 
106  16 
106  6 
106  26 
107  5 
107  89 
107  97 
107  3 
108  22 
108  41 
108  7 
108  38 
109  5 
109  101 
109  8 
109  3 
110  4 
110  29 
110  1 
110  41 
111  105 
111  6 
111  74 
111  99 
112  40 
112  6 
112  104 
112  54 
113  4 
113  1 
113  5 
113  96 
114  3 
114  7 
114  19 
114  6 
115  33 
115  44 
115  8 
115  80 
116  4 
116  47 
116  22 
116  25 
117  100 
117  33 
117  62 
117  9 
118  25 
118  22 
118  4 
118  15 
119  94 
119  27 
119  101 
119  39 
120  12 
120  50 
120  40 
120  16 
121  34 
121  67 
121  3 
121  4 
122  3 
122  16 
122  22 
122  1 
123  12 
123  33 
123  67 
123  22 
124  103 
124  42 
124  25 
124  73 
125  3 
125  4 
125  104 
125  22 
126  13 
126  1 
126  44 
126  56 
127  57 
127  92 
127  9 
127  1 
128  119 
128  20 
128  24 
128  108 
129  4 
129  23 
129  57 
129  1 
130  38 
130  57 
130  34 
130  4 
131  44 
131  16 
131  102 
131  57 
132  43 
132  53 
132  34 
132  75 
133  10 
133  1 
133  7 
133  4 
134  73 
134  100 
134  40 
134  20 
135  47 
135  42 
135  26 
135  31 
136  131 
136  24 
136  53 
136  3 
137  20 
137  37 
137  61 
137  2 
138  34 
138  39 
138  20 
138  30 
139  22 
139  49 
139  19 
139  36 
140  4 
140  6 
140  95 
140  124 
141  1 
141  8 
141  4 
141  6 
142  119 
142  8 
142  53 
142  6 
143  115 
143  47 
143  42 
143  101 
144  1 
144  63 
144  126 
144  34 
145  109 
145  67 
145  37 
145  34 
146  40 
146  144 
146  13 
146  19 
147  27 
147  19 
147  42 
147  21 
148  97 
148  36 
148  107 
148  109 
149  8 
149  104 
149  105 
149  126 
150  19 
150  97 
150  141 
150  22 
151  111 
151  56 
151  6 
151  11 
152  31 
152  105 
152  24 
152  10 
153  150 
153  68 
153  2 
153  6 
154  118 
154  151 
154  13 
154  8 
155  6 
155  9 
155  4 
155  104 
156  43 
156  1 
156  73 
156  99 
157  51 
157  6 
157  43 
157  8 
158  14 
158  140 
158  3 
158  86 
159  104 
159  5 
159  100 
159  79 
160  42 
160  97 
160  21 
160  78 
161  1 
161  83 
161  62 
161  111 
162  38 
162  7 
162  117 
162  17 
163  30 
163  61 
163  13 
163  4 
164  134 
164  105 
164  162 
164  6 
165  42 
165  163 
165  104 
165  8 
166  1 
166  2 
166  14 
166  33 
167  31 
167  24 
167  8 
167  36 
168  56 
168  6 
168  42 
168  3 
169  3 
169  74 
169  17 
169  131 
170  165 
170  6 
170  149 
170  84 
171  62 
171  10 
171  34 
171  20 
172  58 
172  8 
172  90 
172  30 
173  29 
173  133 
173  26 
173  6 
174  97 
174  51 
174  8 
174  6 
175  131 
175  111 
175  32 
175  20 
176  5 
176  9 
176  3 
176  45 
177  13 
177  77 
177  49 
177  10 
178  4 
178  167 
178  2 
178  1 
179  117 
179  136 
179  128 
179  131 
180  83 
180  17 
180  23 
180  25 
181  15 
181  9 
181  3 
181  21 
182  6 
182  94 
182  116 
182  146 
183  19 
183  59 
183  161 
183  104 
184  4 
184  129 
184  12 
184  43 
185  132 
185  155 
185  27 
185  43 
186  6 
186  114 
186  103 
186  3 
187  2 
187  116 
187  103 
187  3 
188  9 
188  1 
188  139 
188  3 
189  18 
189  51 
189  7 
189  1 
190  91 
190  45 
190  6 
190  1 
191  22 
191  4 
191  96 
191  3 
192  90 
192  37 
192  11 
192  169 
193  166 
193  108 
193  13 
193  19 
194  173 
194  95 
194  150 
194  8 
195  108 
195  178 
195  18 
195  57 
196  1 
196  15 
196  10 
196  22 
197  29 
197  57 
197  20 
197  110 
198  168 
198  15 
198  96 
198  44 
199  149 
199  133 
199  3 
199  46 
200  14 
200  97 
200  104 
200  140 
1  201 
1  202 
1  203 
1  204 
1  205 
1  206 
2  201 
2  202 
2  207 
2  206 
3  202 
3  203 
3  204 
3  205 
3  208 
4  201 
4  203 
4  207 
4  204 
5  201 
5  207 
5  205 
6  202 
6  203 
6  207 
6  204 
6  206 
6  208 
7  201 
7  203 
7  207 
8  203 
8  205 
8  208 
9  201 
9  202 
9  204 
9  205 
9  206 
9  208 
10  201 
10  202 
10  204 
10  206 
10  208 
11  201 
11  202 
11  203 
11  207 
12  201 
12  202 
12  207 
12  204 
12  206 
12  208 
13  203 
13  207 
13  205 
13  206 
14  201 
14  202 
14  203 
14  207 
14  206 
15  202 
15  207 
15  206 
16  202 
16  203 
16  207 
16  204 
16  206 
17  201 
17  205 
18  201 
18  203 
18  204 
18  205 
18  208 
19  204 
19  205 
20  202 
20  207 
20  204 
20  205 
20  208 
21  201 
21  203 
21  207 
21  205 
21  206 
21  208 
22  201 
22  205 
22  206 
23  201 
23  202 
23  207 
23  205 
23  206 
24  203 
24  205 
24  206 
25  201 
25  203 
25  207 
25  208 
26  202 
26  203 
26  205 
26  206 
26  208 
27  201 
27  202 
27  203 
27  204 
27  206 
27  208 
28  201 
28  202 
28  203 
28  207 
28  205 
29  202 
29  208 
30  201 
30  203 
30  207 
30  204 
30  206 
31  201 
31  202 
31  203 
31  204 
31  205 
32  201 
32  204 
32  205 
32  208 
33  201 
33  202 
33  203 
33  207 
33  204 
33  206 
34  202 
34  203 
34  206 
35  203 
35  205 
35  206 
35  208 
36  201 
36  207 
36  208 
37  207 
37  206 
37  208 
38  201 
38  202 
38  207 
38  206 
38  208 
39  203 
39  207 
39  208 
40  201 
40  202 
40  204 
40  208 
41  201 
41  202 
41  206 
41  208 
42  201 
42  202 
42  206 
43  202 
43  207 
43  204 
43  205 
44  207 
44  205 
44  206 
44  208 
45  203 
45  207 
46  201 
46  202 
46  203 
46  207 
46  204 
47  201 
47  208 
48  201 
48  203 
48  206 
48  208 
49  202 
49  204 
49  208 
50  207 
50  204 
50  205 
201  202 
202  203 
203  207 
207  204 
204  205 
205  206 
206  208 
201  203 
201  205 
202  207 
202  204 
203  204 
203  205 
203  206 
207  205 
207  206 
204  201 
204  206 
205  202 
206  201 
208  203 
208  205 
51  202 
51  204 
51  206 
52  201 
52  202 
52  204 
53  201 
53  202 
53  207 
53  204 
53  205 
53  206 
209  96 
209  159 
209  154 
209  171 
210  209 
210  190 
210  134 
210  140 
211  157 
211  128 
211  150 
211  52 
212  105 
212  87 
212  117 
212  182 
213  141 
213  38 
213  167 
213  105 
214  157 
214  203 
214  83 
214  202 
215  210 
215  69 
215  202 
215  45 
216  128 
216  203 
216  32 
216  138 
217  97 
217  64 
217  163 
217  117 
218  55 
218  196 
218  156 
218  214 
219  58 
219  143 
219  105 
219  70 
220  59 
220  151 
220  199 
220  155 
221  211 
221  23 
221  90 
221  94 
222  80 
222  190 
222  153 
222  135 
223  82 
223  100 
223  155 
223  222 
224  217 
224  88 
224  128 
224  151 
225  105 
225  12 
225  127 
225  114 
226  225 
226  18 
226  87 
226  111 
227  208 
227  210 
227  202 
227  97 
228  213 
228  127 
228  130 
228  71 
54  201 
54  203 
54  207 
54  204 
54  205 
55  202 
55  203 
55  206 
55  208 
56  204 
56  205 
56  206 
57  201 
57  202 
57  204 
57  205 
58  203 
58  204 
58  206 
229  85 
229  49 
229  215 
229  50 
230  37 
230  71 
230  38 
230  7 
231  146 
231  107 
231  111 
231  207 
232  211 
232  123 
232  135 
232  141 
233  191 
233  4 
233  230 
233  135 
234  10 
234  233 
234  231 
234  15 
235  146 
235  185 
235  229 
235  26 
236  79 
236  70 
236  126 
236  221 
237  15 
237  235 
237  126 
237  129 
238  42 
238  230 
238  21 
238  156 
239  59 
239  167 
239  234 
239  4 
240  231 
240  213 
240  230 
240  183 
241  123 
241  160 
241  212 
241  230 
242  241 
242  185 
242  137 
242  226 
243  19 
243  8 
243  88 
243  151 
244  242 
244  231 
244  81 
244  141 
245  230 
245  150 
245  135 
245  244 
246  39 
246  170 
246  108 
246  107 
247  63 
247  236 
247  74 
247  85 
248  26 
248  66 
248  111 
248  53 
59  201 
59  203 
59  207 
59  205 
60  201 
60  202 
60  207 
60  204 
60  205 
60  206 
60  208 
61  203 
61  204 
61  205 
62  201 
62  202 
62  203 
62  207 
62  205 
62  206 
63  202 
63  203 
63  207 
63  204 
63  208 
249  116 
249  202 
249  207 
249  138 
250  147 
250  163 
250  132 
250  164 
251  44 
251  91 
251  45 
251  177 
252  129 
252  32 
252  192 
252  251 
253  41 
253  61 
253  11 
253  93 
254  35 
254  87 
254  39 
254  148 
255  32 
255  187 
255  68 
255  181 
256  183 
256  63 
256  182 
256  87 
257  71 
257  136 
257  126 
257  250 
258  250 
258  134 
258  140 
258  158 
259  194 
259  156 
259  226 
259  107 
260  41 
260  36 
260  216 
260  28 
261  187 
261  144 
261  259 
261  125 
262  216 
262  187 
262  164 
262  76 
263  230 
263  60 
263  92 
263  171 
264  134 
264  118 
264  187 
264  215 
265  264 
265  138 
265  249 
265  196 
266  215 
266  52 
266  165 
266  61 
267  183 
267  212 
267  6 
267  109 
268  27 
268  254 
268  215 
268  94 
64  202 
64  203 
64  204 
64  205 
65  207 
65  204 
65  205 
65  206 
66  204 
1  269 
2  269 
5  269 
6  269 
8  269 
13  269 
14  269 
16  269 
17  269 
20  269 
22  269 
23  269 
25  269 
27  269 
28  269 
29  269 
31  269 
32  269 
34  269 
35  269 
37  269 
41  269 
43  269 
45  269 
51  269 
52  269 
55  269 
57  269 
60  269 
61  269 
63  269 
64  269 
65  269 
66  269 
201  208 
207  201 
207  208 
204  208 
269  203 
269  207 
269  205 
270  19 
270  222 
270  84 
270  37 
271  166 
271  161 
271  98 
271  47 
272  29 
272  191 
272  270 
272  51 
273  90 
273  269 
273  17 
273  138 
274  56 
274  207 
274  89 
274  154 
275  263 
275  78 
275  252 
275  154 
276  7 
276  11 
276  15 
276  74 
277  33 
277  263 
277  243 
277  110 
278  273 
278  270 
278  225 
278  26 
279  61 
279  211 
279  81 
279  11 
280  254 
280  263 
280  277 
280  94 
281  231 
281  205 
281  272 
281  88 
282  254 
282  174 
282  88 
282  129 
283  253 
283  172 
283  8 
283  171 
284  86 
284  7 
284  126 
284  168 
285  230 
285  251 
285  259 
285  118 
286  29 
286  225 
286  155 
286  21 
287  121 
287  227 
287  215 
287  171 
288  7 
288  159 
288  11 
288  121 
289  66 
289  171 
289  264 
289  254 
67  201 
67  202 
67  203 
68  201 
68  204 
68  208 
69  201 
69  202 
69  204 
69  206 
69  208 
69  269 
70  201 
70  203 
70  204 
70  206 
70  208 
70  269 
290  161 
290  27 
290  83 
290  20 
291  101 
291  219 
291  275 
291  135 
292  14 
292  263 
292  285 
292  187 
293  237 
293  46 
293  162 
293  268 
294  74 
294  98 
294  54 
294  67 
295  11 
295  241 
295  168 
295  57 
296  162 
296  287 
296  160 
296  74 
297  106 
297  76 
297  220 
297  261 
298  275 
298  198 
298  103 
298  15 
299  216 
299  293 
299  263 
299  16 
300  231 
300  99 
300  162 
300  174 
301  295 
301  201 
301  221 
301  133 
302  168 
302  290 
302  293 
302  225 
303  201 
303  198 
303  149 
303  151 
304  140 
304  105 
304  79 
304  207 
305  67 
305  256 
305  80 
305  254 
306  165 
306  28 
306  290 
306  32 
307  162 
307  45 
307  80 
307  290 
308  179 
308  74 
308  150 
308  173 
309  3 
309  78 
309  211 
309  150 
71  202 
71  207 
71  206 
71  208 
71  269 
72  202 
72  205 
72  206 
72  208 
72  269 
73  202 
73  203 
73  207 
73  205 
73  206 
73  208 
310  271 
310  156 
310  253 
310  245 
311  299 
311  168 
311  190 
311  163 
312  218 
312  221 
312  263 
312  33 
313  187 
313  8 
313  177 
313  201 
314  301 
314  180 
314  207 
314  294 
315  61 
315  263 
315  132 
315  46 
316  267 
316  98 
316  221 
316  293 
317  288 
317  142 
317  203 
317  221 
318  88 
318  13 
318  228 
318  76 
319  282 
319  7 
319  126 
319  318 
320  52 
320  77 
320  229 
320  218 
321  224 
321  76 
321  94 
321  154 
322  119 
322  5 
322  157 
322  64 
323  300 
323  3 
323  42 
323  255 
324  206 
324  229 
324  170 
324  290 
325  174 
325  56 
325  126 
325  324 
326  247 
326  176 
326  318 
326  234 
327  38 
327  18 
327  128 
327  319 
328  180 
328  134 
328  30 
328  200 
329  56 
329  266 
329  223 
329  208 
74  201 
74  207 
74  204 
74  208 
75  207 
75  206 
75  269 
76  203 
76  269 
330  75 
330  30 
330  297 
330  133 
331  135 
331  198 
331  239 
331  36 
332  280 
332  305 
332  169 
332  171 
333  298 
333  104 
333  290 
333  284 
334  297 
334  92 
334  273 
334  185 
335  268 
335  106 
335  303 
335  159 
336  134 
336  167 
336  303 
336  297 
337  8 
337  41 
337  273 
337  289 
338  12 
338  60 
338  164 
338  246 
339  337 
339  117 
339  304 
339  289 
340  195 
340  297 
340  159 
340  11 
341  128 
341  124 
341  290 
341  219 
342  311 
342  79 
342  191 
342  21 
343  101 
343  227 
343  118 
343  19 
344  131 
344  171 
344  328 
344  68 
345  67 
345  332 
345  118 
345  91 
346  226 
346  338 
346  330 
346  185 
347  341 
347  331 
347  3 
347  110 
348  231 
348  341 
348  330 
348  191 
349  79 
349  273 
349  161 
349  81 
77  202 
77  207 
77  205 
350  114 
350  100 
350  175 
350  239 
351  165 
351  172 
351  60 
351  341 
352  350 
352  249 
352  98 
352  101 
353  137 
353  210 
353  274 
353  69 
354  258 
354  335 
354  80 
354  146 
355  335 
355  59 
355  172 
355  296 
356  208 
356  302 
356  81 
356  307 
357  54 
357  63 
357  58 
357  126 
358  352 
358  42 
358  248 
358  347 
359  95 
359  110 
359  333 
359  176 
360  155 
360  285 
360  198 
360  316 
361  359 
361  75 
361  83 
361  355 
362  64 
362  20 
362  279 
362  353 
363  153 
363  138 
363  355 
363  104 
364  236 
364  198 
364  305 
364  112 
365  207 
365  321 
365  54 
365  138 
366  62 
366  102 
366  320 
366  355 
367  68 
367  207 
367  202 
367  102 
368  315 
368  258 
368  46 
368  352 
369  79 
369  342 
369  354 
369  340 
78  207 
78  204 
78  206 
78  208 
78  269 
79  202 
79  203 
79  205 
79  206 
79  208 
79  269 
80  201 
80  202 
80  204 
80  205 
80  208 
81  206 
370  140 
370  363 
370  203 
370  247 
371  329 
371  253 
371  262 
371  9 
372  222 
372  195 
372  301 
372  14 
373  104 
373  345 
373  145 
373  269 
374  93 
374  358 
374  341 
374  210 
375  288 
375  70 
375  360 
375  250 
376  40 
376  152 
376  125 
376  227 
377  288 
377  328 
377  348 
377  342 
378  375 
378  74 
378  16 
378  62 
379  238 
379  168 
379  367 
379  274 
380  46 
380  125 
380  5 
380  378 
381  374 
381  274 
381  16 
381  164 
382  71 
382  239 
382  361 
382  226 
383  202 
383  243 
383  200 
383  99 
384  200 
384  110 
384  306 
384  378 
385  76 
385  54 
385  310 
385  150 
386  268 
386  276 
386  156 
386  146 
387  194 
387  93 
387  139 
387  177 
388  330 
388  91 
388  46 
388  240 
389  366 
389  238 
389  67 
389  207 
82  201 
82  202 
82  204 
82  206 
83  201 
83  202 
83  207 
84  201 
84  203 
84  207 
84  206 
84  269 
390  288 
390  332 
390  278 
390  219 
391  156 
391  147 
391  84 
391  315 
392  331 
392  26 
392  204 
392  152 
393  74 
393  374 
393  54 
393  301 
394  330 
394  46 
394  377 
394  383 
395  175 
395  152 
395  312 
395  48 
396  16 
396  362 
396  244 
396  358 
397  312 
397  203 
397  360 
397  268 
398  104 
398  365 
398  392 
398  234 
399  354 
399  98 
399  170 
399  189 
400  185 
400  398 
400  186 
400  133 
401  197 
401  76 
401  48 
401  398 
402  278 
402  164 
402  372 
402  5 
403  32 
403  393 
403  323 
403  237 
404  124 
404  262 
404  13 
404  104 
405  268 
405  340 
405  401 
405  394 
406  311 
406  394 
406  313 
406  351 
407  406 
407  401 
407  75 
407  344 
408  395 
408  401 
408  302 
408  407 
409  401 
409  316 
409  188 
409  71 
85  203 
85  207 
85  204 
85  206 
86  202 
86  204 
86  205 
86  269 
87  201 
87  203 
87  207 
87  204 
87  206 
87  208 
87  269 
88  201 
88  202 
88  203 
88  207 
88  204 
88  269 
410  204 
410  95 
410  146 
410  134 
411  262 
411  299 
411  55 
411  83 
412  276 
412  115 
412  173 
412  237 
413  5 
413  14 
413  115 
413  260 
414  309 
414  412 
414  271 
414  27 
415  6 
415  84 
415  364 
415  237 
416  365 
416  115 
416  119 
416  329 
417  261 
417  48 
417  85 
417  409 
418  42 
418  317 
418  327 
418  68 
419  245 
419  258 
419  104 
419  417 
420  52 
420  382 
420  411 
420  14 
421  244 
421  231 
421  413 
421  302 
422  109 
422  14 
422  418 
422  244 
423  417 
423  51 
423  276 
423  231 
424  67 
424  347 
424  5 
424  418 
425  287 
425  113 
425  50 
425  378 
426  173 
426  208 
426  6 
426  294 
427  424 
427  194 
427  354 
427  5 
428  411 
428  410 
428  109 
428  414 
429  367 
429  411 
429  16 
429  413 
89  202 
89  205 
89  269 
90  201 
90  202 
90  206 
90  208 
91  202 
91  203 
91  207 
91  205 
92  201 
92  202 
92  205 
92  206 
430  210 
430  38 
430  98 
430  378 
431  172 
431  389 
431  236 
431  129 
432  209 
432  430 
432  100 
432  93 
433  223 
433  348 
433  346 
433  303 
434  323 
434  217 
434  191 
434  293 
435  305 
435  146 
435  1 
435  58 
436  205 
436  262 
436  222 
436  178 
437  293 
437  376 
437  341 
437  392 
438  437 
438  75 
438  415 
438  130 
439  123 
439  58 
439  392 
439  16 
440  387 
440  256 
440  422 
440  432 
441  226 
441  118 
441  40 
441  255 
442  251 
442  331 
442  378 
442  264 
443  392 
443  317 
443  83 
443  436 
444  75 
444  210 
444  258 
444  63 
445  356 
445  364 
445  437 
445  328 
446  281 
446  183 
446  232 
446  435 
447  441 
447  290 
447  205 
447  323 
448  290 
448  183 
448  282 
448  146 
449  299 
449  333 
449  441 
449  225 
93  207 
93  204 
93  205 
93  208 
93  269 
94  201 
94  203 
94  205 
94  206 
94  208 
94  269 
95  201 
95  203 
95  207 
95  204 
95  205 
95  206 
95  208 
95  269 
96  201 
96  202 
96  203 
96  207 
96  205 
96  208 
96  269 
450  343 
450  260 
450  83 
450  20 
451  225 
451  374 
451  179 
451  262 
452  130 
452  172 
452  451 
452  157 
453  183 
453  207 
453  26 
453  325 
454  82 
454  390 
454  271 
454  63 
455  69 
455  91 
455  31 
455  100 
456  318 
456  418 
456  446 
456  297 
457  339 
457  49 
457  397 
457  452 
458  151 
458  183 
458  138 
458  369 
459  167 
459  197 
459  89 
459  69 
460  247 
460  417 
460  451 
460  26 
461  452 
461  31 
461  433 
461  183 
462  347 
462  35 
462  187 
462  323 
463  268 
463  438 
463  53 
463  142 
464  17 
464  177 
464  142 
464  199 
465  254 
465  148 
465  147 
465  418 
466  170 
466  384 
466  147 
466  452 
467  153 
467  272 
467  118 
467  194 
468  183 
468  48 
468  225 
468  75 
469  409 
469  467 
469  69 
469  148 
97  201 
97  202 
97  207 
97  204 
97  205 
470  393 
470  236 
470  87 
470  19 
471  108 
471  9 
471  397 
471  71 
472  192 
472  426 
472  316 
472  343 
473  422 
473  334 
473  207 
473  408 
474  166 
474  229 
474  384 
474  159 
475  410 
475  23 
475  448 
475  445 
476  445 
476  428 
476  471 
476  384 
477  87 
477  63 
477  2 
477  64 
478  327 
478  14 
478  411 
478  318 
479  95 
479  470 
479  396 
479  291 
480  63 
480  225 
480  83 
480  209 
481  20 
481  271 
481  179 
481  39 
482  366 
482  119 
482  471 
482  449 
483  179 
483  58 
483  67 
483  121 
484  464 
484  323 
484  261 
484  112 
485  472 
485  130 
485  118 
485  291 
486  159 
486  40 
486  81 
486  35 
487  121 
487  167 
487  327 
487  363 
488  197 
488  467 
488  399 
488  191 
489  422 
489  426 
489  471 
489  445 
98  201 
98  202 
98  203 
98  207 
98  206 
99  203 
99  204 
100  201 
100  203 
100  205 
100  208 
100  269 
490  254 
490  333 
490  220 
490  480 
491  97 
491  455 
491  431 
491  205 
492  177 
492  269 
492  408 
492  36 
493  424 
493  398 
493  264 
493  122 
494  94 
494  71 
494  177 
494  115 
495  409 
495  325 
495  264 
495  115 
496  361 
496  378 
496  54 
496  315 
497  477 
497  476 
497  212 
497  459 
498  152 
498  476 
498  271 
498  16 
499  479 
499  325 
499  63 
499  306 
500  299 
500  171 
500  63 
500  302 
501  325 
501  88 
501  305 
501  16 
502  114 
502  432 
502  288 
502  452 
503  186 
503  16 
503  438 
503  287 
504  244 
504  499 
504  437 
504  9 
505  215 
505  40 
505  397 
505  409 
506  38 
506  192 
506  348 
506  270 
507  472 
507  157 
507  268 
507  368 
508  177 
508  481 
508  385 
508  435 
509  40 
509  361 
509  323 
509  459 
101  201 
101  202 
101  203 
101  207 
101  204 
101  205 
102  201 
102  202 
102  203 
102  207 
102  204 
102  205 
102  208 
102  269 
510  499 
510  409 
510  472 
510  107 
511  214 
511  325 
511  353 
511  130 
512  348 
512  482 
512  424 
512  5 
513  346 
513  338 
513  443 
513  341 
514  400 
514  235 
514  124 
514  223 
515  447 
515  509 
515  407 
515  163 
516  43 
516  409 
516  214 
516  18 
517  157 
517  141 
517  11 
517  5 
518  369 
518  245 
518  285 
518  404 
519  276 
519  490 
519  429 
519  24 
520  425 
520  311 
520  116 
520  183 
521  59 
521  265 
521  145 
521  363 
522  321 
522  367 
522  14 
522  154 
523  448 
523  374 
523  406 
523  163 
524  305 
524  393 
524  424 
524  337 
525  33 
525  128 
525  31 
525  246 
526  343 
526  166 
526  99 
526  5 
527  512 
527  500 
527  242 
527  429 
528  157 
528  519 
528  416 
528  511 
529  524 
529  146 
529  528 
529  408 
103  201 
103  202 
103  203 
103  204 
103  206 
104  202 
104  203 
104  204 
104  208 
104  269 
1  530 
3  530 
4  530 
6  530 
8  530 
10  530 
12  530 
14  530 
16  530 
20  530 
21  530 
22  530 
25  530 
26  530 
27  530 
28  530 
31  530 
33  530 
34  530 
36  530 
37  530 
39  530 
40  530 
42  530 
43  530 
44  530 
45  530 
46  530 
48  530 
49  530 
52  530 
54  530 
55  530 
56  530 
57  530 
58  530 
60  530 
67  530 
68  530 
74  530 
78  530 
79  530 
82  530 
86  530 
87  530 
90  530 
96  530 
98  530 
101  530 
103  530 
104  530 
208  269 
201  269 
202  206 
202  208 
204  269 
206  269 
269  202 
530  203 
530  204 
530  206 
531  41 
531  216 
531  473 
531  8 
532  482 
532  332 
532  331 
532  230 
533  280 
533  223 
533  201 
533  101 
534  50 
534  248 
534  450 
534  515 
535  224 
535  194 
535  416 
535  475 
536  117 
536  5 
536  447 
536  26 
537  452 
537  1 
537  531 
537  199 
538  19 
538  324 
538  385 
538  524 
539  106 
539  121 
539  486 
539  134 
540  97 
540  208 
540  515 
540  310 
541  362 
541  281 
541  84 
541  479 
542  495 
542  167 
542  64 
542  193 
543  485 
543  417 
543  70 
543  538 
544  64 
544  389 
544  199 
544  59 
545  161 
545  42 
545  372 
545  542 
546  543 
546  178 
546  536 
546  121 
547  415 
547  541 
547  487 
547  95 
548  83 
548  333 
548  313 
548  78 
549  441 
549  348 
549  333 
549  486 
550  187 
550  521 
550  390 
550  333 
105  202 
105  203 
105  206 
106  201 
106  205 
106  208 
107  202 
107  203 
107  207 
107  204 
107  205 
107  206 
107  269 
551  263 
551  450 
551  13 
551  149 
552  477 
552  522 
552  286 
552  59 
553  393 
553  121 
553  396 
553  251 
554  544 
554  321 
554  275 
554  114 
555  293 
555  469 
555  359 
555  73 
556  321 
556  163 
556  448 
556  137 
557  252 
557  137 
557  177 
557  406 
558  503 
558  345 
558  26 
558  402 
559  436 
559  315 
559  554 
559  1 
560  559 
560  128 
560  440 
560  406 
561  128 
561  18 
561  438 
561  142 
562  345 
562  306 
562  67 
562  558 
563  538 
563  411 
563  402 
563  350 
564  162 
564  250 
564  135 
564  364 
565  468 
565  335 
565  423 
565  248 
566  436 
566  349 
566  478 
566  353 
567  10 
567  323 
567  413 
567  179 
568  363 
568  308 
568  545 
568  560 
569  522 
569  454 
569  158 
569  556 
570  272 
570  559 
570  563 
570  534 
108  204 
108  206 
108  208 
108  530 
109  207 
109  205 
110  207 
110  204 
110  206 
110  530 
571  432 
571  196 
571  363 
571  470 
572  247 
572  191 
572  433 
572  217 
573  413 
573  425 
573  572 
573  486 
574  211 
574  140 
574  264 
574  464 
575  365 
575  155 
575  45 
575  109 
576  363 
576  217 
576  293 
576  482 
577  194 
577  36 
577  195 
577  122 
578  544 
578  150 
578  292 
578  47 
579  441 
579  311 
579  385 
579  429 
580  527 
580  415 
580  441 
580  205 
581  558 
581  502 
581  569 
581  135 
582  441 
582  572 
582  400 
582  71 
583  177 
583  545 
583  37 
583  40 
584  464 
584  571 
584  488 
584  140 
585  498 
585  382 
585  288 
585  130 
586  418 
586  65 
586  522 
586  524 
587  378 
587  417 
587  380 
587  586 
588  195 
588  544 
588  240 
588  64 
589  54 
589  36 
589  579 
589  88 
590  297 
590  504 
590  441 
590  81 
 

