1  2 
1  3 
1  4 
1  5 
1  6 
1  7 
1  8 
1  9 
1  10 
2  3 
2  4 
2  5 
2  6 
2  7 
2  8 
2  9 
2  10 
3  4 
3  5 
3  6 
3  7 
3  8 
3  9 
3  10 
4  5 
4  6 
4  7 
4  8 
4  9 
4  10 
5  6 
5  7 
5  8 
5  9 
5  10 
6  7 
6  8 
6  9 
6  10 
7  8 
7  9 
7  10 
8  9 
8  10 
9  10 
11  8 
11  3 
11  9 
11  6 
12  11 
12  1 
12  4 
12  2 
13  10 
13  8 
13  9 
13  4 
14  7 
14  3 
14  10 
14  2 
15  2 
15  4 
15  8 
15  3 
16  2 
16  12 
16  1 
16  3 
17  14 
17  13 
17  8 
17  6 
18  4 
18  2 
18  9 
18  3 
19  4 
19  9 
19  18 
19  12 
20  12 
20  6 
20  7 
20  5 
21  8 
21  18 
21  17 
21  7 
22  1 
22  15 
22  20 
22  10 
23  11 
23  8 
23  3 
23  15 
24  13 
24  3 
24  2 
24  1 
25  4 
25  5 
25  18 
25  24 
26  5 
26  2 
26  18 
26  14 
27  2 
27  10 
27  7 
27  23 
28  6 
28  3 
28  16 
28  2 
29  1 
29  8 
29  2 
29  12 
30  1 
30  5 
30  9 
30  14 
31  21 
31  5 
31  10 
31  6 
32  10 
32  23 
32  11 
32  1 
33  18 
33  2 
33  1 
33  9 
34  3 
34  12 
34  18 
34  5 
35  5 
35  29 
35  34 
35  4 
36  5 
36  2 
36  4 
36  8 
37  29 
37  23 
37  15 
37  1 
38  27 
38  28 
38  25 
38  30 
39  4 
39  3 
39  10 
39  9 
40  7 
40  33 
40  29 
40  9 
41  10 
41  18 
41  4 
41  6 
42  20 
42  21 
42  8 
42  33 
43  9 
43  18 
43  15 
43  1 
44  30 
44  6 
44  2 
44  32 
45  10 
45  25 
45  18 
45  2 
46  36 
46  14 
46  31 
46  15 
47  1 
47  7 
47  5 
47  2 
48  14 
48  15 
48  2 
48  17 
49  45 
49  30 
49  9 
49  18 
50  48 
50  19 
50  1 
50  10 
51  35 
51  23 
51  1 
51  44 
52  4 
52  24 
52  36 
52  3 
53  3 
53  44 
53  47 
53  2 
54  26 
54  48 
54  13 
54  7 
55  2 
55  37 
55  23 
55  5 
56  8 
56  37 
56  42 
56  5 
57  51 
57  6 
57  10 
57  48 
58  21 
58  10 
58  27 
58  9 
59  35 
59  57 
59  18 
59  27 
60  3 
60  58 
60  7 
60  2 
61  58 
61  1 
61  21 
61  50 
62  10 
62  4 
62  14 
62  38 
63  31 
63  18 
63  13 
63  23 
64  3 
64  17 
64  55 
64  6 
65  50 
65  18 
65  14 
65  4 
66  31 
66  62 
66  3 
66  24 
67  13 
67  40 
67  2 
67  5 
68  9 
68  18 
68  4 
68  34 
69  52 
69  44 
69  28 
69  18 
70  2 
70  34 
70  53 
70  69 
71  24 
71  47 
71  12 
71  35 
72  10 
72  3 
72  53 
72  4 
73  33 
73  42 
73  37 
73  10 
74  42 
74  23 
74  7 
74  27 
75  24 
75  54 
75  8 
75  47 
76  21 
76  23 
76  25 
76  9 
77  60 
77  23 
77  53 
77  30 
78  4 
78  18 
78  2 
78  8 
79  56 
79  8 
79  4 
79  35 
80  9 
80  62 
80  5 
80  73 
81  18 
81  2 
81  53 
81  59 
82  41 
82  5 
82  8 
82  3 
83  57 
83  54 
83  65 
83  78 
84  82 
84  37 
84  31 
84  12 
85  66 
85  17 
85  9 
85  7 
86  63 
86  37 
86  8 
86  57 
87  50 
87  80 
87  64 
87  43 
88  45 
88  5 
88  48 
88  56 
89  7 
89  18 
89  51 
89  5 
90  3 
90  2 
90  4 
90  49 
91  88 
91  3 
91  57 
91  6 
92  75 
92  87 
92  66 
92  20 
93  3 
93  61 
93  8 
93  24 
94  1 
94  44 
94  57 
94  5 
95  55 
95  13 
95  86 
95  32 
96  5 
96  59 
96  62 
96  56 
97  8 
97  38 
97  55 
97  42 
98  86 
98  80 
98  47 
98  4 
99  82 
99  18 
99  10 
99  97 
100  48 
100  29 
100  18 
100  35 
101  48 
101  19 
101  72 
101  91 
102  33 
102  4 
102  55 
102  66 
103  24 
103  96 
103  62 
103  3 
104  18 
104  43 
104  96 
104  56 
105  10 
105  6 
105  21 
105  81 
106  64 
106  94 
106  31 
106  2 
107  11 
107  26 
107  50 
107  2 
108  14 
108  10 
108  58 
108  5 
109  57 
109  44 
109  80 
109  78 
110  84 
110  37 
110  3 
110  2 
111  11 
111  87 
111  8 
111  50 
112  94 
112  57 
112  81 
112  82 
113  58 
113  22 
113  18 
113  70 
114  3 
114  40 
114  29 
114  23 
115  43 
115  8 
115  58 
115  57 
116  27 
116  59 
116  55 
116  60 
117  46 
117  4 
117  74 
117  52 
118  18 
118  113 
118  87 
118  6 
119  31 
119  58 
119  2 
119  9 
120  32 
120  107 
120  36 
120  49 
121  4 
121  58 
121  113 
121  56 
122  2 
122  4 
122  18 
122  17 
123  82 
123  84 
123  2 
123  4 
124  9 
124  64 
124  27 
124  3 
125  56 
125  35 
125  81 
125  82 
126  18 
126  26 
126  17 
126  16 
127  38 
127  6 
127  105 
127  4 
128  103 
128  66 
128  8 
128  77 
129  126 
129  1 
129  50 
129  8 
130  8 
130  22 
130  2 
130  42 
131  96 
131  102 
131  8 
131  87 
132  9 
132  7 
132  27 
132  4 
133  4 
133  6 
133  65 
133  99 
134  12 
134  64 
134  5 
134  18 
135  25 
135  99 
135  34 
135  2 
136  18 
136  131 
136  112 
136  72 
137  60 
137  8 
137  83 
137  44 
138  15 
138  8 
138  2 
138  109 
139  95 
139  1 
139  85 
139  65 
140  8 
140  89 
140  15 
140  30 
141  10 
141  86 
141  97 
141  105 
142  1 
142  26 
142  36 
142  138 
143  106 
143  116 
143  31 
143  84 
144  35 
144  59 
144  14 
144  13 
145  47 
145  141 
145  81 
145  31 
146  1 
146  85 
146  53 
146  44 
147  52 
147  44 
147  7 
147  119 
148  8 
148  129 
148  1 
148  48 
149  5 
149  18 
149  143 
149  3 
150  89 
150  33 
150  81 
150  14 
151  9 
151  61 
151  28 
151  29 
152  91 
152  118 
152  68 
152  33 
153  79 
153  9 
153  5 
153  126 
154  2 
154  15 
154  5 
154  51 
155  8 
155  77 
155  20 
155  10 
156  14 
156  1 
156  40 
156  4 
157  18 
157  2 
157  1 
157  125 
158  16 
158  112 
158  30 
158  26 
159  130 
159  3 
159  28 
159  97 
160  94 
160  14 
160  64 
160  102 
161  50 
161  8 
161  17 
161  89 
162  128 
162  29 
162  65 
162  17 
163  14 
163  32 
163  66 
163  118 
164  27 
164  4 
164  57 
164  56 
165  73 
165  5 
165  18 
165  156 
166  64 
166  61 
166  27 
166  2 
167  66 
167  52 
167  75 
167  94 
168  38 
168  1 
168  58 
168  19 
169  8 
169  5 
169  78 
169  3 
170  118 
170  48 
170  2 
170  3 
171  1 
171  21 
171  70 
171  3 
172  77 
172  29 
172  64 
172  76 
173  60 
173  8 
173  146 
173  30 
174  68 
174  2 
174  40 
174  38 
175  8 
175  2 
175  37 
175  24 
176  6 
176  90 
176  35 
176  2 
177  34 
177  165 
177  18 
177  42 
178  44 
178  30 
178  25 
178  3 
179  29 
179  1 
179  4 
179  116 
180  64 
180  155 
180  3 
180  61 
181  87 
181  167 
181  136 
181  1 
182  10 
182  140 
182  8 
182  4 
183  95 
183  3 
183  126 
183  84 
184  18 
184  9 
184  132 
184  29 
185  51 
185  99 
185  182 
185  2 
186  163 
186  95 
186  12 
186  9 
187  77 
187  159 
187  184 
187  29 
188  139 
188  156 
188  87 
188  29 
189  145 
189  37 
189  132 
189  137 
190  176 
190  56 
190  9 
190  38 
191  16 
191  6 
191  134 
191  165 
192  129 
192  140 
192  2 
192  84 
193  2 
193  3 
193  145 
193  8 
194  3 
194  184 
194  37 
194  77 
195  4 
195  114 
195  156 
195  77 
196  176 
196  2 
196  73 
196  101 
197  2 
197  184 
197  20 
197  76 
198  156 
198  101 
198  28 
198  41 
199  47 
199  19 
199  3 
199  61 
200  119 
200  160 
200  125 
200  70 
1  201 
1  202 
1  203 
1  204 
1  205 
2  202 
2  203 
2  205 
3  206 
3  202 
3  203 
3  204 
3  205 
4  207 
4  202 
4  203 
4  204 
5  207 
5  202 
5  203 
5  205 
6  202 
6  208 
6  203 
7  206 
7  201 
7  203 
7  204 
7  205 
8  201 
8  202 
8  208 
8  204 
9  206 
9  207 
9  208 
9  203 
10  206 
10  201 
10  202 
10  208 
10  204 
11  206 
11  202 
11  208 
11  203 
11  204 
11  205 
12  206 
12  207 
12  208 
13  206 
13  201 
13  208 
13  204 
14  206 
14  203 
15  203 
16  206 
16  208 
16  203 
16  205 
17  206 
17  207 
17  201 
17  208 
17  203 
17  205 
18  206 
18  201 
18  203 
18  204 
19  202 
19  208 
19  203 
19  204 
19  205 
20  206 
20  201 
20  202 
20  203 
206  207 
207  201 
201  202 
202  208 
208  203 
203  204 
204  205 
206  201 
206  202 
206  203 
206  204 
207  208 
207  203 
207  204 
201  203 
202  207 
208  201 
208  204 
203  202 
204  201 
205  206 
205  207 
205  201 
205  208 
209  1 
209  173 
209  45 
209  148 
210  58 
210  118 
210  150 
210  109 
211  6 
211  202 
211  122 
211  190 
212  54 
212  23 
212  49 
212  53 
213  93 
213  53 
213  172 
213  155 
214  95 
214  147 
214  198 
214  91 
215  156 
215  74 
215  41 
215  197 
216  110 
216  23 
216  153 
216  75 
217  161 
217  141 
217  194 
217  32 
218  217 
218  12 
218  203 
218  45 
219  28 
219  214 
219  217 
219  215 
220  136 
220  147 
220  135 
220  210 
221  168 
221  217 
221  175 
221  216 
222  31 
222  27 
222  135 
222  158 
223  212 
223  118 
223  151 
223  89 
224  209 
224  91 
224  59 
224  49 
225  94 
225  89 
225  180 
225  77 
226  147 
226  27 
226  216 
226  77 
227  53 
227  130 
227  77 
227  212 
228  80 
228  78 
228  64 
228  227 
229  9 
229  228 
229  213 
229  201 
230  229 
230  135 
230  170 
230  214 
231  172 
231  77 
231  222 
231  217 
232  27 
232  214 
232  190 
232  121 
233  93 
233  146 
233  15 
233  75 
234  210 
234  24 
234  59 
234  74 
235  151 
235  229 
235  205 
235  39 
236  12 
236  155 
236  94 
236  99 
237  151 
237  216 
237  203 
237  229 
238  179 
238  217 
238  5 
238  151 
239  127 
239  211 
239  238 
239  15 
240  236 
240  103 
240  221 
240  89 
241  105 
241  55 
241  46 
241  141 
242  12 
242  182 
242  14 
242  227 
243  164 
243  55 
243  226 
243  213 
244  218 
244  79 
244  240 
244  215 
245  147 
245  209 
245  241 
245  183 
246  204 
246  240 
246  233 
246  53 
247  204 
247  226 
247  231 
247  241 
248  233 
248  136 
248  89 
248  242 
249  183 
249  213 
249  103 
249  230 
250  237 
250  235 
250  220 
250  6 
251  92 
251  233 
251  216 
251  46 
252  233 
252  29 
252  94 
252  27 
253  75 
253  180 
253  191 
253  12 
254  216 
254  250 
254  190 
254  141 
255  216 
255  3 
255  221 
255  118 
256  151 
256  88 
256  241 
256  245 
257  253 
257  220 
257  103 
257  183 
258  61 
258  166 
258  94 
258  112 
259  195 
259  46 
259  215 
259  232 
260  37 
260  181 
260  212 
260  211 
261  25 
261  68 
261  108 
261  32 
262  181 
262  102 
262  95 
262  104 
263  69 
263  21 
263  144 
263  204 
264  21 
264  255 
264  127 
264  259 
265  78 
265  262 
265  255 
265  232 
266  151 
266  128 
266  50 
266  166 
267  21 
267  173 
267  30 
267  195 
268  233 
268  82 
268  134 
268  11 
269  214 
269  194 
269  66 
269  260 
270  96 
270  261 
270  268 
270  171 
271  77 
271  259 
271  265 
271  200 
272  127 
272  153 
272  121 
272  110 
273  4 
273  269 
273  228 
273  259 
274  140 
274  76 
274  247 
274  226 
275  107 
275  219 
275  208 
275  59 
276  144 
276  237 
276  233 
276  230 
277  195 
277  174 
277  89 
277  21 
278  242 
278  73 
278  269 
278  194 
279  83 
279  224 
279  156 
279  197 
280  21 
280  32 
280  122 
280  260 
281  173 
281  158 
281  46 
281  260 
282  259 
282  119 
282  77 
282  265 
283  227 
283  281 
283  208 
283  12 
284  30 
284  125 
284  144 
284  280 
285  171 
285  247 
285  140 
285  129 
286  256 
286  166 
286  95 
286  23 
287  142 
287  112 
287  21 
287  29 
288  201 
288  25 
288  33 
288  247 
289  14 
289  177 
289  261 
289  58 
290  14 
290  46 
290  79 
290  140 
291  124 
291  65 
291  272 
291  282 
292  274 
292  249 
292  235 
292  67 
293  177 
293  291 
293  235 
293  142 
294  177 
294  147 
294  106 
294  285 
295  228 
295  280 
295  273 
295  128 
296  283 
296  133 
296  247 
296  87 
297  163 
297  83 
297  283 
297  114 
298  140 
298  264 
298  14 
298  261 
299  169 
299  271 
299  263 
299  26 
300  186 
300  285 
300  209 
300  260 
301  262 
301  191 
301  234 
301  55 
302  271 
302  107 
302  299 
302  260 
303  275 
303  259 
303  144 
303  146 
304  77 
304  265 
304  259 
304  253 
305  242 
305  291 
305  299 
305  260 
306  121 
306  144 
306  173 
306  269 
307  109 
307  219 
307  178 
307  185 
308  107 
308  306 
308  279 
308  303 
309  256 
309  109 
309  15 
309  257 
310  260 
310  226 
310  193 
310  46 
311  48 
311  264 
311  234 
311  254 
312  90 
312  201 
312  189 
312  165 
313  208 
313  210 
313  310 
313  83 
314  243 
314  275 
314  139 
314  254 
315  310 
315  250 
315  311 
315  312 
316  39 
316  243 
316  81 
316  135 
317  106 
317  238 
317  287 
317  213 
318  193 
318  153 
318  268 
318  89 
319  23 
319  172 
319  309 
319  314 
320  28 
320  213 
320  99 
320  310 
321  319 
321  161 
321  201 
321  320 
322  64 
322  76 
322  311 
322  233 
323  97 
323  113 
323  177 
323  272 
324  275 
324  310 
324  245 
324  171 
325  77 
325  153 
325  319 
325  250 
326  311 
326  76 
326  69 
326  254 
327  326 
327  311 
327  28 
327  97 
328  62 
328  248 
328  322 
328  81 
329  303 
329  323 
329  213 
329  17 
330  321 
330  48 
330  294 
330  218 
331  150 
331  159 
331  221 
331  25 
332  254 
332  195 
332  317 
332  316 
333  127 
333  312 
333  294 
333  321 
334  303 
334  251 
334  116 
334  76 
335  71 
335  113 
335  153 
335  13 
336  23 
336  78 
336  313 
336  320 
337  58 
337  189 
337  320 
337  160 
338  262 
338  17 
338  139 
338  309 
339  137 
339  147 
339  256 
339  41 
340  310 
340  72 
340  254 
340  269 
341  113 
341  331 
341  123 
341  312 
342  165 
342  328 
342  309 
342  261 
343  287 
343  333 
343  309 
343  312 
344  313 
344  113 
344  105 
344  250 
345  216 
345  329 
345  324 
345  94 
346  43 
346  292 
346  253 
346  314 
347  342 
347  208 
347  292 
347  235 
348  47 
348  254 
348  321 
348  204 
349  67 
349  59 
349  139 
349  328 
350  333 
350  82 
350  12 
350  301 
351  326 
351  327 
351  243 
351  332 
352  250 
352  27 
352  55 
352  243 
353  241 
353  315 
353  311 
353  168 
354  208 
354  261 
354  311 
354  331 
355  353 
355  311 
355  312 
355  135 
356  116 
356  193 
356  313 
356  262 
357  335 
357  113 
357  332 
357  193 
358  337 
358  63 
358  331 
358  59 
359  219 
359  197 
359  325 
359  190 
360  19 
360  258 
360  171 
360  306 
361  112 
361  265 
361  291 
361  37 
362  323 
362  71 
362  244 
362  6 
363  240 
363  213 
363  137 
363  286 
364  334 
364  164 
364  357 
364  81 
365  240 
365  242 
365  294 
365  94 
366  31 
366  321 
366  154 
366  118 
367  17 
367  130 
367  270 
367  351 
368  7 
368  275 
368  156 
368  118 
369  366 
369  268 
369  316 
369  240 
370  12 
370  231 
370  31 
370  348 
371  308 
371  211 
371  81 
371  323 
372  341 
372  367 
372  269 
372  283 
373  101 
373  369 
373  251 
373  37 
374  359 
374  156 
374  66 
374  161 
375  370 
375  144 
375  84 
375  305 
376  152 
376  111 
376  243 
376  371 
377  157 
377  102 
377  245 
377  37 
378  275 
378  71 
378  26 
378  231 
379  79 
379  370 
379  178 
379  71 
380  152 
380  334 
380  359 
380  270 
381  102 
381  367 
381  329 
381  375 
382  41 
382  37 
382  322 
382  370 
383  322 
383  154 
383  329 
383  359 
384  118 
384  218 
384  286 
384  60 
385  232 
385  107 
385  380 
385  245 
386  380 
386  235 
386  377 
386  52 
387  216 
387  137 
387  334 
387  294 
388  164 
388  384 
388  383 
388  81 
389  353 
389  71 
389  259 
389  199 
390  380 
390  366 
390  210 
390  102 
391  381 
391  163 
391  322 
391  385 
392  276 
392  49 
392  20 
392  42 
393  366 
393  243 
393  391 
393  240 
394  322 
394  390 
394  334 
394  386 
395  16 
395  356 
395  37 
395  43 
396  328 
396  365 
396  277 
396  166 
397  26 
397  191 
397  389 
397  33 
398  258 
398  282 
398  102 
398  391 
399  174 
399  180 
399  126 
399  362 
400  158 
400  24 
400  302 
400  282 
401  244 
401  368 
401  175 
401  152 
402  271 
402  292 
402  321 
402  131 
403  268 
403  401 
403  1 
403  145 
404  7 
404  271 
404  33 
404  116 
405  106 
405  378 
405  112 
405  53 
406  215 
406  110 
406  391 
406  275 
407  49 
407  155 
407  385 
407  371 
408  275 
408  6 
408  302 
408  308 
409  233 
409  95 
409  94 
409  369 
410  110 
410  60 
410  64 
410  305 
411  149 
411  331 
411  108 
411  175 
412  357 
412  92 
412  136 
412  98 
413  21 
413  176 
413  277 
413  43 
414  296 
414  349 
414  375 
414  322 
415  144 
415  75 
415  9 
415  271 
416  279 
416  217 
416  209 
416  319 
417  57 
417  203 
417  255 
417  194 
418  179 
418  117 
418  213 
418  105 
419  404 
419  340 
419  242 
419  289 
420  369 
420  241 
420  418 
420  367 
421  71 
421  400 
421  15 
421  103 
422  393 
422  182 
422  162 
422  189 
423  56 
423  361 
423  210 
423  192 
424  148 
424  224 
424  412 
424  221 
425  55 
425  149 
425  2 
425  110 
426  425 
426  285 
426  186 
426  408 
427  409 
427  422 
427  28 
427  68 
428  217 
428  341 
428  102 
428  364 
429  225 
429  347 
429  261 
429  313 
430  62 
430  346 
430  385 
430  414 
431  224 
431  370 
431  181 
431  62 
432  416 
432  335 
432  147 
432  420 
433  126 
433  322 
433  68 
433  347 
434  253 
434  155 
434  149 
434  46 
435  361 
435  367 
435  432 
435  331 
436  103 
436  237 
436  421 
436  172 
437  230 
437  339 
437  284 
437  293 
438  421 
438  210 
438  122 
438  430 
439  58 
439  12 
439  192 
439  219 
440  122 
440  356 
440  357 
440  146 
441  55 
441  162 
441  416 
441  363 
442  95 
442  416 
442  324 
442  421 
443  359 
443  393 
443  170 
443  76 
444  336 
444  195 
444  268 
444  115 
445  393 
445  301 
445  194 
445  416 
446  227 
446  437 
446  351 
446  426 
447  414 
447  324 
447  328 
447  95 
448  55 
448  114 
448  294 
448  401 
449  443 
449  367 
449  228 
449  179 
450  424 
450  89 
450  209 
450  201 
451  280 
451  156 
451  421 
451  153 
452  88 
452  357 
452  349 
452  416 
453  437 
453  114 
453  28 
453  282 
454  430 
454  56 
454  349 
454  416 
455  140 
455  399 
455  178 
455  442 
456  414 
456  148 
456  400 
456  253 
457  129 
457  222 
457  425 
457  445 
458  384 
458  420 
458  253 
458  361 
459  274 
459  306 
459  289 
459  335 
460  372 
460  44 
460  8 
460  386 
461  102 
461  343 
461  176 
461  29 
462  261 
462  439 
462  277 
462  79 
463  45 
463  462 
463  127 
463  336 
464  295 
464  204 
464  368 
464  143 
465  20 
465  222 
465  383 
465  210 
466  372 
466  433 
466  19 
466  463 
467  210 
467  140 
467  342 
467  459 
468  86 
468  113 
468  62 
468  4 
469  20 
469  267 
469  187 
469  468 
470  342 
470  74 
470  5 
470  200 
471  467 
471  62 
471  143 
471  187 
472  187 
472  219 
472  93 
472  204 
473  157 
473  467 
473  245 
473  243 
474  284 
474  428 
474  330 
474  203 
475  337 
475  293 
475  318 
475  412 
476  267 
476  202 
476  61 
476  161 
477  402 
477  223 
477  475 
477  436 
478  453 
478  22 
478  133 
478  74 
479  248 
479  120 
479  108 
479  381 
480  298 
480  318 
480  474 
480  466 
481  465 
481  410 
481  475 
481  344 
482  303 
482  6 
482  30 
482  221 
483  474 
483  250 
483  251 
483  69 
484  204 
484  23 
484  141 
484  433 
485  207 
485  257 
485  454 
485  93 
486  79 
486  256 
486  273 
486  362 
487  241 
487  261 
487  291 
487  468 
488  344 
488  466 
488  485 
488  323 
489  298 
489  176 
489  319 
489  178 
490  8 
490  176 
490  108 
490  245 
491  466 
491  48 
491  468 
491  122 
492  54 
492  200 
492  470 
492  114 
493  444 
493  483 
493  63 
493  223 
494  141 
494  428 
494  223 
494  342 
495  154 
495  193 
495  205 
495  324 
496  106 
496  217 
496  234 
496  335 
497  436 
497  385 
497  404 
497  317 
498  443 
498  335 
498  475 
498  121 
499  343 
499  25 
499  475 
499  492 
500  207 
500  496 
500  318 
500  191 
501  318 
501  144 
501  492 
501  21 
502  479 
502  421 
502  271 
502  190 
503  462 
503  279 
503  463 
503  25 
504  232 
504  408 
504  278 
504  189 
505  53 
505  439 
505  147 
505  493 
506  65 
506  206 
506  497 
506  342 
507  478 
507  477 
507  436 
507  408 
508  204 
508  133 
508  423 
508  433 
509  350 
509  81 
509  66 
509  77 
510  113 
510  348 
510  305 
510  438 
511  9 
511  483 
511  193 
511  437 
512  378 
512  180 
512  39 
512  317 
513  281 
513  337 
513  349 
513  320 
514  147 
514  127 
514  384 
514  137 
515  57 
515  120 
515  458 
515  433 
516  377 
516  91 
516  315 
516  458 
517  276 
517  200 
517  35 
517  459 
518  319 
518  109 
518  494 
518  83 
519  89 
519  256 
519  517 
519  97 
520  324 
520  480 
520  423 
520  239 
521  233 
521  445 
521  423 
521  167 
522  499 
522  100 
522  6 
522  45 
523  153 
523  47 
523  220 
523  450 
524  445 
524  440 
524  21 
524  179 
525  357 
525  18 
525  511 
525  387 
526  320 
526  458 
526  1 
526  218 
527  63 
527  260 
527  3 
527  214 
528  340 
528  82 
528  278 
528  243 
529  340 
529  57 
529  469 
529  471 
530  165 
530  227 
530  522 
530  265 
531  124 
531  355 
531  97 
531  55 
532  45 
532  459 
532  281 
532  8 
533  52 
533  460 
533  280 
533  55 
534  8 
534  4 
534  147 
534  195 
535  532 
535  124 
535  425 
535  396 
536  114 
536  414 
536  216 
536  310 
537  522 
537  189 
537  514 
537  377 
538  521 
538  520 
538  535 
538  80 
539  255 
539  473 
539  382 
539  281 
540  378 
540  67 
540  524 
540  402 
541  128 
541  52 
541  89 
541  114 
542  142 
542  340 
542  513 
542  280 
543  469 
543  425 
543  281 
543  277 
544  210 
544  270 
544  382 
544  224 
545  86 
545  243 
545  271 
545  120 
546  508 
546  80 
546  260 
546  327 
547  175 
547  14 
547  5 
547  478 
548  333 
548  35 
548  22 
548  320 
549  39 
549  412 
549  524 
549  329 
550  522 
550  456 
550  512 
550  346 
551  200 
551  156 
551  150 
551  456 
552  542 
552  440 
552  280 
552  67 
553  543 
553  225 
553  505 
553  373 
554  250 
554  535 
554  120 
554  226 
555  82 
555  74 
555  324 
555  539 
556  459 
556  340 
556  443 
556  529 
557  75 
557  540 
557  200 
557  529 
558  206 
558  367 
558  511 
558  99 
 

