1  2 
1  3 
1  4 
1  5 
1  6 
1  7 
1  8 
1  9 
1  10 
2  3 
2  4 
2  5 
2  6 
2  7 
2  8 
2  9 
2  10 
3  4 
3  5 
3  6 
3  7 
3  8 
3  9 
3  10 
4  5 
4  6 
4  7 
4  8 
4  9 
4  10 
5  6 
5  7 
5  8 
5  9 
5  10 
6  7 
6  8 
6  9 
6  10 
7  8 
7  9 
7  10 
8  9 
8  10 
9  10 
11  4 
11  2 
11  7 
11  8 
12  7 
12  2 
12  9 
12  4 
13  9 
13  2 
13  5 
13  7 
14  2 
14  10 
14  9 
14  8 
15  10 
15  9 
15  8 
15  5 
16  11 
16  3 
16  1 
16  5 
17  10 
17  9 
17  3 
17  8 
18  7 
18  5 
18  2 
18  17 
19  2 
19  5 
19  8 
19  3 
20  12 
20  4 
20  10 
20  6 
21  18 
21  7 
21  5 
21  3 
22  6 
22  2 
22  8 
22  1 
23  18 
23  6 
23  10 
23  5 
24  10 
24  3 
24  7 
24  8 
25  24 
25  6 
25  9 
25  2 
26  22 
26  8 
26  18 
26  3 
27  25 
27  4 
27  26 
27  2 
28  4 
28  26 
28  18 
28  5 
29  23 
29  25 
29  5 
29  17 
30  4 
30  5 
30  16 
30  2 
31  3 
31  26 
31  1 
31  9 
32  1 
32  18 
32  8 
32  9 
33  7 
33  6 
33  25 
33  31 
34  26 
34  1 
34  11 
34  7 
35  5 
35  10 
35  17 
35  2 
36  2 
36  1 
36  3 
36  21 
37  1 
37  8 
37  2 
37  33 
38  17 
38  4 
38  34 
38  15 
39  7 
39  4 
39  27 
39  8 
40  34 
40  4 
40  5 
40  9 
41  17 
41  16 
41  8 
41  4 
42  9 
42  2 
42  6 
42  1 
43  6 
43  13 
43  37 
43  5 
44  26 
44  2 
44  25 
44  8 
45  19 
45  4 
45  43 
45  1 
46  24 
46  15 
46  1 
46  3 
47  24 
47  42 
47  23 
47  16 
48  41 
48  38 
48  21 
48  8 
49  17 
49  22 
49  10 
49  15 
50  15 
50  4 
50  22 
50  41 
51  2 
51  1 
51  12 
51  6 
52  15 
52  5 
52  2 
52  3 
53  17 
53  16 
53  7 
53  34 
54  16 
54  45 
54  9 
54  25 
55  46 
55  8 
55  2 
55  21 
56  46 
56  41 
56  40 
56  48 
57  29 
57  11 
57  8 
57  36 
58  5 
58  2 
58  9 
58  6 
59  6 
59  26 
59  21 
59  5 
60  42 
60  8 
60  5 
60  1 
61  2 
61  59 
61  43 
61  21 
62  12 
62  57 
62  6 
62  4 
63  7 
63  10 
63  32 
63  35 
64  25 
64  9 
64  36 
64  8 
65  15 
65  36 
65  7 
65  17 
66  59 
66  27 
66  5 
66  17 
67  59 
67  43 
67  7 
67  6 
68  54 
68  4 
68  59 
68  2 
69  38 
69  25 
69  1 
69  5 
70  4 
70  45 
70  10 
70  1 
71  7 
71  66 
71  4 
71  22 
72  69 
72  29 
72  26 
72  25 
73  1 
73  37 
73  64 
73  18 
74  2 
74  45 
74  9 
74  4 
75  8 
75  30 
75  6 
75  11 
76  53 
76  71 
76  15 
76  40 
77  5 
77  7 
77  26 
77  70 
78  22 
78  1 
78  7 
78  25 
79  6 
79  71 
79  27 
79  15 
80  22 
80  11 
80  2 
80  8 
81  2 
81  4 
81  69 
81  71 
82  32 
82  29 
82  59 
82  8 
83  31 
83  78 
83  71 
83  22 
84  16 
84  6 
84  67 
84  32 
85  5 
85  41 
85  75 
85  18 
86  7 
86  10 
86  4 
86  26 
87  7 
87  16 
87  78 
87  64 
88  61 
88  26 
88  4 
88  9 
89  47 
89  25 
89  30 
89  10 
90  2 
90  52 
90  80 
90  5 
91  41 
91  83 
91  63 
91  4 
92  66 
92  51 
92  6 
92  2 
93  87 
93  1 
93  3 
93  11 
94  2 
94  17 
94  5 
94  1 
95  75 
95  43 
95  65 
95  9 
96  3 
96  32 
96  22 
96  30 
97  64 
97  2 
97  36 
97  4 
98  74 
98  30 
98  41 
98  20 
99  52 
99  17 
99  2 
99  38 
100  2 
100  26 
100  1 
100  29 
101  1 
101  24 
101  25 
101  96 
102  16 
102  8 
102  72 
102  5 
103  4 
103  18 
103  15 
103  8 
104  1 
104  5 
104  25 
104  8 
105  45 
105  2 
105  41 
105  4 
106  3 
106  87 
106  4 
106  9 
107  5 
107  65 
107  71 
107  1 
108  101 
108  44 
108  2 
108  8 
109  4 
109  5 
109  6 
109  8 
110  54 
110  105 
110  2 
110  11 
111  71 
111  3 
111  78 
111  104 
112  36 
112  7 
112  16 
112  54 
113  7 
113  59 
113  79 
113  100 
114  52 
114  8 
114  97 
114  59 
115  60 
115  25 
115  13 
115  9 
116  67 
116  10 
116  13 
116  27 
117  8 
117  74 
117  3 
117  11 
118  113 
118  52 
118  80 
118  106 
119  59 
119  6 
119  25 
119  9 
120  16 
120  57 
120  52 
120  25 
121  84 
121  85 
121  64 
121  25 
122  86 
122  9 
122  4 
122  121 
123  17 
123  67 
123  97 
123  9 
124  59 
124  47 
124  18 
124  46 
125  36 
125  10 
125  4 
125  67 
126  14 
126  8 
126  3 
126  11 
127  82 
127  3 
127  7 
127  103 
128  56 
128  59 
128  5 
128  23 
129  71 
129  9 
129  99 
129  50 
130  76 
130  41 
130  8 
130  109 
131  96 
131  8 
131  16 
131  36 
132  69 
132  59 
132  12 
132  7 
133  37 
133  36 
133  9 
133  19 
134  2 
134  89 
134  1 
134  132 
135  72 
135  55 
135  133 
135  47 
136  12 
136  101 
136  20 
136  73 
137  5 
137  56 
137  12 
137  73 
138  39 
138  96 
138  121 
138  116 
139  18 
139  6 
139  4 
139  25 
140  85 
140  2 
140  55 
140  1 
141  109 
141  8 
141  7 
141  101 
142  100 
142  18 
142  116 
142  13 
143  5 
143  11 
143  84 
143  10 
144  71 
144  52 
144  22 
144  122 
145  18 
145  8 
145  75 
145  26 
146  63 
146  17 
146  5 
146  22 
147  22 
147  4 
147  29 
147  17 
148  2 
148  146 
148  25 
148  31 
149  52 
149  33 
149  45 
149  83 
150  74 
150  8 
150  134 
150  36 
151  149 
151  3 
151  87 
151  33 
152  1 
152  4 
152  108 
152  3 
153  36 
153  54 
153  66 
153  122 
154  14 
154  12 
154  110 
154  24 
155  82 
155  4 
155  8 
155  101 
156  72 
156  5 
156  16 
156  107 
157  17 
157  122 
157  1 
157  4 
158  151 
158  8 
158  101 
158  6 
159  26 
159  1 
159  8 
159  10 
160  38 
160  26 
160  119 
160  54 
161  64 
161  60 
161  37 
161  18 
162  2 
162  29 
162  43 
162  1 
163  8 
163  131 
163  111 
163  52 
164  72 
164  108 
164  56 
164  17 
165  55 
165  149 
165  126 
165  17 
166  112 
166  8 
166  143 
166  6 
167  124 
167  18 
167  26 
167  145 
168  71 
168  59 
168  13 
168  35 
169  97 
169  43 
169  59 
169  28 
170  30 
170  98 
170  8 
170  36 
171  63 
171  22 
171  3 
171  12 
172  151 
172  96 
172  171 
172  71 
173  143 
173  129 
173  49 
173  153 
174  47 
174  39 
174  105 
174  122 
175  29 
175  9 
175  30 
175  71 
176  3 
176  83 
176  45 
176  102 
177  43 
177  39 
177  38 
177  74 
178  69 
178  171 
178  115 
178  38 
179  149 
179  63 
179  178 
179  97 
180  121 
180  129 
180  41 
180  28 
181  80 
181  7 
181  2 
181  174 
182  1 
182  66 
182  26 
182  7 
183  169 
183  143 
183  5 
183  80 
184  57 
184  97 
184  183 
184  174 
185  119 
185  34 
185  87 
185  122 
186  8 
186  62 
186  6 
186  67 
187  9 
187  6 
187  7 
187  31 
188  18 
188  43 
188  144 
188  6 
189  25 
189  87 
189  78 
189  32 
190  82 
190  1 
190  135 
190  188 
191  4 
191  126 
191  148 
191  94 
192  4 
192  30 
192  168 
192  59 
193  8 
193  41 
193  7 
193  83 
194  18 
194  103 
194  19 
194  116 
195  71 
195  81 
195  6 
195  187 
196  2 
196  3 
196  166 
196  58 
197  101 
197  80 
197  97 
197  5 
198  9 
198  101 
198  78 
198  143 
199  4 
199  175 
199  170 
199  52 
200  57 
200  7 
200  103 
200  83 
1  201 
1  202 
2  203 
2  204 
2  205 
2  206 
2  207 
2  202 
3  208 
3  204 
3  205 
3  206 
3  207 
4  208 
4  204 
4  205 
4  206 
5  208 
5  203 
5  204 
5  205 
5  206 
5  201 
6  208 
6  205 
6  206 
6  207 
6  201 
7  208 
7  203 
7  204 
7  205 
7  206 
7  202 
8  208 
8  204 
8  205 
8  201 
8  202 
9  204 
9  205 
10  208 
10  203 
10  206 
10  207 
10  201 
11  208 
11  205 
11  207 
11  201 
11  202 
12  203 
12  205 
12  206 
12  201 
12  202 
13  208 
13  203 
13  206 
14  205 
15  208 
15  204 
15  207 
15  201 
16  204 
16  205 
16  207 
16  201 
17  208 
17  203 
17  204 
17  205 
17  206 
18  208 
18  204 
18  206 
18  207 
18  201 
18  202 
19  203 
19  204 
20  205 
20  206 
20  201 
20  202 
21  208 
21  203 
21  207 
21  201 
22  203 
22  204 
22  206 
22  207 
23  203 
23  204 
23  205 
23  207 
23  201 
23  202 
24  203 
24  205 
24  201 
24  202 
25  204 
25  206 
25  207 
26  203 
26  204 
26  205 
26  206 
27  203 
27  205 
27  207 
28  203 
28  206 
28  207 
28  201 
29  205 
29  206 
29  202 
30  208 
30  205 
30  207 
30  202 
31  203 
31  204 
31  206 
31  201 
31  202 
32  203 
32  201 
32  202 
33  201 
34  208 
34  203 
34  201 
35  207 
36  207 
36  201 
36  202 
37  208 
37  203 
37  205 
37  201 
37  202 
38  204 
38  206 
38  202 
39  204 
39  205 
39  206 
39  207 
39  201 
40  203 
40  205 
40  206 
40  207 
40  201 
40  202 
41  203 
41  204 
41  205 
41  207 
41  201 
42  203 
42  204 
42  205 
42  207 
43  208 
43  203 
43  204 
43  205 
43  207 
43  201 
43  202 
44  203 
45  208 
45  204 
45  205 
45  207 
46  208 
46  204 
46  207 
46  202 
47  204 
47  206 
47  207 
47  202 
48  208 
48  201 
49  208 
49  204 
49  206 
49  201 
49  202 
50  203 
50  205 
50  207 
50  201 
50  202 
208  203 
203  204 
204  205 
205  206 
206  207 
207  201 
201  202 
208  206 
203  201 
204  207 
204  201 
205  208 
205  203 
205  207 
205  201 
207  208 
207  203 
202  208 
202  203 
202  204 
202  207 
51  203 
51  205 
51  206 
51  201 
52  208 
52  203 
52  204 
52  206 
52  207 
53  208 
53  203 
53  204 
53  206 
53  207 
53  201 
54  204 
54  205 
54  201 
55  206 
55  202 
209  71 
209  53 
209  34 
209  197 
210  43 
210  33 
210  19 
210  85 
211  60 
211  183 
211  99 
211  192 
212  140 
212  44 
212  25 
212  197 
213  165 
213  20 
213  168 
213  196 
214  58 
214  8 
214  110 
214  193 
215  131 
215  91 
215  211 
215  198 
216  77 
216  16 
216  149 
216  132 
217  155 
217  3 
217  199 
217  184 
218  142 
218  12 
218  216 
218  200 
219  193 
219  94 
219  209 
219  77 
220  10 
220  128 
220  219 
220  211 
221  38 
221  46 
221  82 
221  110 
222  168 
222  207 
222  146 
222  8 
223  213 
223  70 
223  85 
223  167 
224  60 
224  168 
224  212 
224  110 
225  41 
225  183 
225  212 
225  180 
226  47 
226  197 
226  111 
226  14 
227  17 
227  212 
227  6 
227  107 
228  184 
228  34 
228  144 
228  103 
56  208 
56  203 
56  204 
56  205 
56  206 
56  207 
56  202 
229  36 
229  119 
229  191 
229  80 
230  132 
230  13 
230  107 
230  81 
231  197 
231  165 
231  129 
231  185 
232  229 
232  140 
232  129 
232  210 
233  156 
233  101 
233  121 
233  50 
234  163 
234  131 
234  168 
234  229 
235  75 
235  223 
235  120 
235  226 
236  220 
236  22 
236  60 
236  222 
237  236 
237  79 
237  110 
237  233 
238  76 
238  143 
238  17 
238  226 
239  233 
239  21 
239  137 
239  229 
240  94 
240  88 
240  229 
240  115 
241  74 
241  221 
241  165 
241  145 
242  232 
242  1 
242  159 
242  120 
243  133 
243  71 
243  219 
243  20 
244  74 
244  140 
244  240 
244  163 
245  153 
245  216 
245  232 
245  236 
246  219 
246  144 
246  230 
246  53 
247  161 
247  234 
247  241 
247  47 
248  92 
248  197 
248  234 
248  131 
57  203 
57  205 
57  206 
57  207 
57  202 
58  208 
58  203 
58  204 
58  201 
58  202 
59  208 
59  203 
59  201 
59  202 
249  159 
249  235 
249  179 
249  123 
250  35 
250  126 
250  82 
250  171 
251  235 
251  122 
251  202 
251  94 
252  71 
252  165 
252  249 
252  1 
253  165 
253  132 
253  127 
253  51 
254  195 
254  6 
254  53 
254  43 
255  88 
255  47 
255  103 
255  249 
256  184 
256  23 
256  30 
256  15 
257  135 
257  71 
257  256 
257  7 
258  72 
258  149 
258  122 
258  6 
259  216 
259  107 
259  43 
259  232 
260  47 
260  77 
260  250 
260  253 
261  132 
261  215 
261  106 
261  253 
262  251 
262  257 
262  1 
262  27 
263  158 
263  137 
263  203 
263  132 
264  166 
264  158 
264  99 
264  185 
265  212 
265  158 
265  203 
265  254 
266  232 
266  78 
266  250 
266  176 
267  264 
267  123 
267  13 
267  51 
268  247 
268  228 
268  2 
268  86 
60  204 
60  205 
60  206 
60  207 
60  202 
1  269 
6  269 
8  269 
9  269 
11  269 
12  269 
13  269 
14  269 
16  269 
17  269 
20  269 
24  269 
25  269 
33  269 
34  269 
37  269 
39  269 
43  269 
44  269 
45  269 
47  269 
51  269 
52  269 
53  269 
54  269 
57  269 
60  269 
208  201 
204  208 
204  206 
205  202 
206  203 
206  202 
269  203 
269  204 
269  205 
269  206 
269  201 
270  13 
270  196 
270  106 
270  63 
271  16 
271  48 
271  266 
271  194 
272  132 
272  102 
272  3 
272  138 
273  258 
273  164 
273  56 
273  2 
274  202 
274  92 
274  7 
274  169 
275  36 
275  214 
275  68 
275  260 
276  52 
276  28 
276  154 
276  226 
277  3 
277  95 
277  263 
277  8 
278  35 
278  117 
278  235 
278  79 
279  275 
279  183 
279  14 
279  251 
280  63 
280  55 
280  92 
280  230 
281  3 
281  144 
281  208 
281  238 
282  278 
282  238 
282  111 
282  147 
283  106 
283  134 
283  140 
283  274 
284  234 
284  273 
284  31 
284  159 
285  282 
285  278 
285  270 
285  88 
286  70 
286  171 
286  28 
286  117 
287  271 
287  266 
287  143 
287  186 
288  146 
288  285 
288  111 
288  116 
289  31 
289  178 
289  265 
289  251 
 

