1  2 
1  3 
1  4 
1  5 
1  6 
1  7 
1  8 
1  9 
1  10 
2  3 
2  4 
2  5 
2  6 
2  7 
2  8 
2  9 
2  10 
3  4 
3  5 
3  6 
3  7 
3  8 
3  9 
3  10 
4  5 
4  6 
4  7 
4  8 
4  9 
4  10 
5  6 
5  7 
5  8 
5  9 
5  10 
6  7 
6  8 
6  9 
6  10 
7  8 
7  9 
7  10 
8  9 
8  10 
9  10 
11  9 
11  4 
11  5 
11  6 
12  6 
12  8 
12  7 
12  2 
13  1 
13  3 
13  5 
13  8 
14  12 
14  10 
14  1 
14  4 
15  8 
15  10 
15  1 
15  9 
16  14 
16  10 
16  6 
16  2 
17  8 
17  5 
17  4 
17  1 
18  5 
18  4 
18  8 
18  9 
19  8 
19  5 
19  1 
19  9 
20  6 
20  5 
20  3 
20  2 
21  6 
21  1 
21  4 
21  12 
22  9 
22  18 
22  6 
22  11 
23  1 
23  14 
23  13 
23  7 
24  12 
24  10 
24  14 
24  6 
25  6 
25  13 
25  10 
25  3 
26  8 
26  2 
26  6 
26  7 
27  19 
27  6 
27  13 
27  3 
28  5 
28  2 
28  27 
28  7 
29  4 
29  19 
29  2 
29  7 
30  19 
30  2 
30  18 
30  7 
31  30 
31  1 
31  5 
31  9 
32  5 
32  7 
32  9 
32  18 
33  3 
33  12 
33  25 
33  1 
34  2 
34  7 
34  27 
34  17 
35  12 
35  2 
35  1 
35  5 
36  9 
36  19 
36  14 
36  5 
37  3 
37  24 
37  2 
37  18 
38  13 
38  9 
38  29 
38  8 
39  10 
39  8 
39  27 
39  24 
40  3 
40  39 
40  18 
40  12 
41  25 
41  18 
41  23 
41  7 
42  39 
42  4 
42  14 
42  12 
43  1 
43  7 
43  14 
43  17 
44  4 
44  41 
44  2 
44  40 
45  10 
45  13 
45  37 
45  6 
46  10 
46  4 
46  38 
46  5 
47  5 
47  21 
47  25 
47  2 
48  24 
48  40 
48  41 
48  14 
49  30 
49  1 
49  48 
49  7 
50  39 
50  5 
50  35 
50  8 
51  23 
51  14 
51  17 
51  5 
52  29 
52  1 
52  47 
52  3 
53  8 
53  3 
53  49 
53  18 
54  2 
54  3 
54  19 
54  24 
55  23 
55  7 
55  17 
55  12 
56  51 
56  8 
56  46 
56  3 
57  54 
57  9 
57  19 
57  4 
58  53 
58  9 
58  27 
58  2 
59  12 
59  14 
59  34 
59  3 
60  16 
60  3 
60  23 
60  50 
61  9 
61  23 
61  10 
61  38 
62  18 
62  47 
62  38 
62  2 
63  6 
63  52 
63  47 
63  45 
64  9 
64  2 
64  12 
64  4 
65  19 
65  2 
65  6 
65  14 
66  4 
66  12 
66  2 
66  27 
67  18 
67  63 
67  4 
67  6 
68  38 
68  2 
68  33 
68  56 
69  59 
69  27 
69  49 
69  47 
70  2 
70  6 
70  49 
70  46 
71  59 
71  39 
71  38 
71  5 
72  32 
72  12 
72  62 
72  5 
73  62 
73  5 
73  8 
73  9 
74  23 
74  5 
74  64 
74  15 
75  66 
75  56 
75  55 
75  3 
76  28 
76  3 
76  1 
76  39 
77  4 
77  3 
77  38 
77  20 
78  45 
78  20 
78  6 
78  13 
79  37 
79  44 
79  13 
79  9 
80  27 
80  18 
80  5 
80  3 
81  18 
81  39 
81  66 
81  38 
82  51 
82  10 
82  72 
82  7 
83  12 
83  7 
83  23 
83  24 
84  39 
84  1 
84  74 
84  3 
85  32 
85  1 
85  47 
85  24 
86  27 
86  49 
86  32 
86  18 
87  34 
87  7 
87  23 
87  48 
88  86 
88  50 
88  39 
88  35 
89  81 
89  37 
89  9 
89  17 
90  23 
90  60 
90  72 
90  3 
91  9 
91  2 
91  11 
91  44 
92  2 
92  17 
92  88 
92  12 
93  63 
93  75 
93  2 
93  1 
94  40 
94  15 
94  83 
94  89 
95  2 
95  1 
95  4 
95  18 
96  7 
96  55 
96  6 
96  56 
97  57 
97  31 
97  6 
97  32 
98  3 
98  42 
98  31 
98  25 
99  12 
99  75 
99  10 
99  48 
100  64 
100  1 
100  74 
100  83 
101  18 
101  33 
101  5 
101  34 
102  21 
102  33 
102  52 
102  4 
103  84 
103  98 
103  9 
103  72 
104  14 
104  89 
104  103 
104  23 
105  3 
105  42 
105  46 
105  13 
106  48 
106  60 
106  2 
106  39 
107  24 
107  3 
107  96 
107  8 
108  101 
108  80 
108  104 
108  23 
109  8 
109  89 
109  14 
109  95 
110  2 
110  1 
110  36 
110  20 
111  47 
111  1 
111  13 
111  23 
112  75 
112  38 
112  33 
112  48 
113  68 
113  5 
113  90 
113  18 
114  23 
114  92 
114  39 
114  3 
115  81 
115  2 
115  13 
115  28 
116  4 
116  47 
116  112 
116  9 
117  72 
117  116 
117  24 
117  77 
118  10 
118  51 
118  7 
118  57 
119  91 
119  2 
119  84 
119  40 
120  33 
120  12 
120  4 
120  8 
121  23 
121  38 
121  15 
121  11 
122  80 
122  6 
122  5 
122  9 
123  27 
123  38 
123  65 
123  50 
124  38 
124  2 
124  54 
124  27 
125  124 
125  123 
125  2 
125  1 
126  10 
126  1 
126  42 
126  12 
127  4 
127  67 
127  55 
127  5 
128  13 
128  92 
128  17 
128  60 
129  19 
129  4 
129  57 
129  1 
130  47 
130  39 
130  2 
130  64 
131  38 
131  116 
131  4 
131  71 
132  88 
132  39 
132  124 
132  46 
133  51 
133  76 
133  18 
133  84 
134  9 
134  39 
134  4 
134  3 
135  79 
135  73 
135  88 
135  69 
136  10 
136  27 
136  79 
136  105 
137  66 
137  40 
137  10 
137  12 
138  115 
138  12 
138  102 
138  2 
139  2 
139  50 
139  42 
139  114 
140  88 
140  24 
140  8 
140  99 
141  18 
141  21 
141  23 
141  7 
142  28 
142  8 
142  76 
142  10 
143  3 
143  6 
143  12 
143  18 
144  27 
144  86 
144  15 
144  10 
145  10 
145  103 
145  89 
145  13 
146  13 
146  9 
146  52 
146  117 
147  143 
147  129 
147  8 
147  97 
148  63 
148  56 
148  19 
148  6 
149  132 
149  118 
149  7 
149  96 
150  10 
150  5 
150  65 
150  102 
151  68 
151  3 
151  1 
151  38 
152  9 
152  49 
152  10 
152  15 
153  52 
153  19 
153  46 
153  33 
154  3 
154  7 
154  23 
154  88 
155  6 
155  55 
155  14 
155  101 
156  103 
156  148 
156  93 
156  10 
157  38 
157  39 
157  9 
157  108 
158  15 
158  10 
158  9 
158  4 
159  9 
159  34 
159  132 
159  6 
160  80 
160  2 
160  39 
160  89 
161  142 
161  146 
161  156 
161  134 
162  2 
162  8 
162  6 
162  48 
163  3 
163  5 
163  47 
163  6 
164  49 
164  9 
164  141 
164  1 
165  142 
165  56 
165  26 
165  23 
166  94 
166  131 
166  101 
166  40 
167  156 
167  1 
167  14 
167  25 
168  38 
168  23 
168  1 
168  2 
169  99 
169  102 
169  2 
169  6 
170  9 
170  19 
170  87 
170  12 
171  154 
171  18 
171  95 
171  32 
172  62 
172  139 
172  104 
172  14 
173  60 
173  47 
173  20 
173  14 
174  5 
174  85 
174  61 
174  14 
175  62 
175  46 
175  161 
175  2 
176  159 
176  46 
176  47 
176  127 
177  8 
177  33 
177  87 
177  56 
178  4 
178  6 
178  3 
178  49 
179  74 
179  102 
179  153 
179  4 
180  92 
180  38 
180  4 
180  20 
181  95 
181  150 
181  83 
181  56 
182  1 
182  2 
182  10 
182  90 
183  65 
183  31 
183  7 
183  38 
184  52 
184  10 
184  43 
184  1 
185  72 
185  87 
185  48 
185  47 
186  83 
186  68 
186  5 
186  101 
187  47 
187  164 
187  126 
187  124 
188  77 
188  92 
188  23 
188  39 
189  8 
189  104 
189  13 
189  21 
190  63 
190  182 
190  148 
190  51 
191  52 
191  19 
191  31 
191  78 
192  129 
192  188 
192  42 
192  6 
193  11 
193  89 
193  26 
193  95 
194  83 
194  12 
194  140 
194  17 
195  6 
195  35 
195  98 
195  7 
196  23 
196  156 
196  35 
196  26 
197  142 
197  9 
197  21 
197  134 
198  3 
198  56 
198  6 
198  90 
199  75 
199  5 
199  80 
199  57 
200  194 
200  64 
200  3 
200  32 
1  201 
1  202 
1  203 
1  204 
1  205 
1  206 
2  202 
2  204 
2  205 
3  202 
3  204 
3  207 
3  205 
4  201 
4  208 
5  201 
5  204 
5  207 
5  205 
5  208 
6  201 
6  202 
6  204 
7  202 
7  203 
7  205 
7  208 
8  202 
8  207 
8  205 
8  206 
9  201 
9  202 
9  203 
9  204 
9  206 
10  204 
10  205 
10  208 
10  206 
11  201 
11  202 
11  204 
11  207 
12  205 
13  203 
13  207 
14  201 
14  202 
14  204 
14  205 
14  208 
14  206 
15  202 
15  207 
15  205 
15  208 
15  206 
16  201 
16  202 
16  203 
16  207 
16  206 
17  201 
18  201 
18  203 
18  207 
18  205 
18  208 
18  206 
19  202 
19  203 
19  205 
19  206 
20  201 
20  203 
20  204 
20  207 
20  205 
20  206 
21  201 
21  202 
21  203 
21  204 
21  207 
21  206 
22  202 
22  205 
22  208 
23  201 
23  204 
23  208 
23  206 
24  201 
24  203 
24  207 
24  208 
25  201 
25  203 
25  204 
25  206 
26  203 
26  207 
26  205 
26  206 
27  202 
27  205 
27  206 
28  201 
28  203 
28  206 
29  201 
29  204 
29  207 
29  205 
30  201 
30  202 
30  204 
30  208 
31  202 
31  203 
31  204 
31  207 
31  205 
32  202 
32  203 
32  204 
32  207 
33  204 
33  208 
34  201 
34  204 
34  205 
34  206 
35  201 
35  202 
35  203 
35  205 
35  206 
36  202 
36  204 
36  205 
36  206 
37  202 
37  203 
37  204 
37  205 
37  208 
38  201 
38  206 
39  201 
39  205 
40  201 
40  202 
40  208 
41  202 
41  204 
41  207 
41  206 
42  202 
42  203 
42  204 
42  207 
42  208 
43  201 
43  207 
43  205 
43  206 
44  201 
44  203 
44  207 
44  205 
44  206 
45  202 
45  204 
45  205 
45  208 
46  201 
46  202 
46  204 
46  207 
46  205 
47  203 
47  204 
47  207 
47  206 
48  202 
48  207 
48  206 
49  201 
49  202 
49  203 
49  204 
49  207 
50  203 
50  204 
50  207 
50  208 
50  206 
201  202 
202  203 
203  204 
204  207 
207  205 
205  208 
208  206 
201  203 
201  204 
201  208 
202  207 
202  208 
203  205 
203  208 
204  205 
207  201 
207  208 
205  201 
206  201 
206  202 
206  203 
206  205 
51  203 
51  208 
51  206 
52  201 
52  208 
52  206 
53  201 
53  202 
53  205 
53  208 
53  206 
209  134 
209  126 
209  84 
209  182 
210  143 
210  191 
210  68 
210  209 
211  62 
211  112 
211  197 
211  118 
212  31 
212  161 
212  39 
212  87 
213  179 
213  16 
213  91 
213  46 
214  154 
214  93 
214  72 
214  156 
215  131 
215  87 
215  73 
215  193 
216  210 
216  93 
216  10 
216  61 
217  109 
217  82 
217  113 
217  198 
218  144 
218  103 
218  179 
218  156 
219  196 
219  209 
219  180 
219  165 
220  217 
220  2 
220  216 
220  201 
221  217 
221  213 
221  112 
221  175 
222  220 
222  93 
222  128 
222  216 
223  134 
223  171 
223  177 
223  41 
224  56 
224  202 
224  149 
224  122 
225  144 
225  219 
225  154 
225  137 
226  216 
226  176 
226  14 
226  179 
227  50 
227  185 
227  224 
227  23 
228  224 
228  84 
228  217 
228  123 
54  201 
54  202 
54  203 
54  204 
54  207 
54  205 
54  208 
229  26 
229  156 
229  222 
229  77 
230  84 
230  55 
230  29 
230  176 
231  68 
231  43 
231  64 
231  203 
232  39 
232  203 
232  195 
232  222 
233  226 
233  41 
233  11 
233  232 
234  233 
234  77 
234  27 
234  222 
235  180 
235  12 
235  162 
235  68 
236  106 
236  108 
236  1 
236  64 
237  208 
237  47 
237  134 
237  173 
238  25 
238  96 
238  197 
238  73 
239  140 
239  153 
239  225 
239  172 
240  139 
240  83 
240  146 
240  225 
241  108 
241  68 
241  82 
241  221 
242  5 
242  87 
242  59 
242  238 
243  10 
243  87 
243  174 
243  105 
244  243 
244  109 
244  26 
244  198 
245  186 
245  132 
245  11 
245  9 
246  241 
246  23 
246  141 
246  172 
247  45 
247  243 
247  196 
247  208 
248  87 
248  243 
248  232 
248  47 
55  208 
56  202 
56  207 
56  205 
56  208 
57  202 
57  203 
57  204 
57  208 
249  176 
249  98 
249  174 
249  52 
250  77 
250  21 
250  234 
250  148 
251  97 
251  52 
251  184 
251  24 
252  124 
252  182 
252  15 
252  89 
253  167 
253  65 
253  7 
253  221 
254  173 
254  233 
254  216 
254  241 
255  34 
255  218 
255  191 
255  8 
256  249 
256  20 
256  243 
256  220 
257  52 
257  200 
257  246 
257  149 
258  96 
258  128 
258  257 
258  155 
259  112 
259  170 
259  228 
259  212 
260  69 
260  105 
260  249 
260  178 
261  259 
261  137 
261  3 
261  233 
262  161 
262  157 
262  62 
262  135 
263  243 
263  6 
263  222 
263  145 
264  185 
264  259 
264  179 
264  202 
265  211 
265  250 
265  261 
265  192 
266  167 
266  153 
266  151 
266  141 
267  47 
267  259 
267  184 
267  63 
268  219 
268  223 
268  166 
268  220 
58  201 
58  203 
58  204 
58  208 
58  206 
59  203 
59  204 
59  207 
59  205 
1  269 
2  269 
4  269 
5  269 
6  269 
9  269 
13  269 
15  269 
17  269 
18  269 
20  269 
25  269 
26  269 
27  269 
28  269 
33  269 
34  269 
35  269 
36  269 
38  269 
40  269 
41  269 
43  269 
44  269 
45  269 
51  269 
59  269 
202  204 
204  206 
205  202 
206  207 
269  202 
269  203 
269  208 
270  102 
270  133 
270  51 
270  150 
271  65 
271  182 
271  6 
271  131 
272  51 
272  215 
272  2 
272  55 
273  97 
273  142 
273  7 
273  48 
274  223 
274  3 
274  27 
274  160 
275  123 
275  178 
275  117 
275  129 
276  118 
276  113 
276  110 
276  159 
277  263 
277  272 
277  178 
277  204 
278  96 
278  206 
278  7 
278  128 
279  223 
279  215 
279  45 
279  29 
280  218 
280  27 
280  186 
280  189 
281  128 
281  275 
281  84 
281  47 
282  95 
282  8 
282  177 
282  184 
283  11 
283  122 
283  114 
283  19 
284  223 
284  234 
284  8 
284  57 
285  123 
285  118 
285  262 
285  128 
286  271 
286  222 
286  48 
286  280 
287  47 
287  137 
287  15 
287  155 
288  123 
288  18 
288  138 
288  260 
289  119 
289  218 
289  288 
289  2 
60  203 
60  204 
60  207 
60  206 
60  269 
61  205 
61  208 
61  206 
61  269 
62  202 
62  203 
62  204 
62  207 
62  208 
62  269 
63  202 
290  72 
290  259 
290  48 
290  220 
291  183 
291  231 
291  216 
291  147 
292  111 
292  128 
292  7 
292  279 
293  222 
293  49 
293  94 
293  141 
294  268 
294  31 
294  258 
294  28 
295  174 
295  159 
295  239 
295  128 
296  82 
296  27 
296  205 
296  158 
297  236 
297  156 
297  113 
297  212 
298  17 
298  113 
298  176 
298  182 
299  295 
299  98 
299  138 
299  290 
300  168 
300  251 
300  39 
300  245 
301  64 
301  293 
301  185 
301  226 
302  255 
302  185 
302  260 
302  12 
303  16 
303  294 
303  5 
303  291 
304  119 
304  261 
304  300 
304  245 
305  82 
305  35 
305  19 
305  144 
306  296 
306  78 
306  90 
306  250 
307  195 
307  289 
307  296 
307  133 
308  238 
308  147 
308  296 
308  298 
309  250 
309  128 
309  109 
309  135 
64  202 
64  205 
64  206 
65  202 
65  205 
65  269 
66  201 
66  203 
66  204 
66  205 
66  208 
67  201 
67  202 
67  203 
67  204 
67  207 
67  208 
67  269 
68  202 
68  207 
68  205 
68  206 
68  269 
310  99 
310  228 
310  293 
310  238 
311  237 
311  94 
311  93 
311  140 
312  63 
312  175 
312  311 
312  57 
313  129 
313  56 
313  50 
313  189 
314  131 
314  8 
314  36 
314  245 
315  216 
315  46 
315  242 
315  24 
316  109 
316  274 
316  294 
316  59 
317  217 
317  22 
317  285 
317  8 
318  233 
318  161 
318  144 
318  153 
319  252 
319  300 
319  33 
319  134 
320  114 
320  193 
320  171 
320  87 
321  103 
321  290 
321  122 
321  295 
322  38 
322  24 
322  279 
322  318 
323  214 
323  8 
323  158 
323  200 
324  63 
324  192 
324  193 
324  217 
325  294 
325  169 
325  23 
325  158 
326  29 
326  200 
326  289 
326  189 
327  122 
327  310 
327  290 
327  16 
328  318 
328  252 
328  193 
328  283 
329  33 
329  197 
329  309 
329  144 
69  201 
69  203 
69  204 
69  207 
69  205 
69  208 
70  201 
70  204 
70  207 
70  205 
70  208 
70  206 
71  201 
71  202 
71  208 
72  201 
72  202 
72  203 
72  204 
72  207 
72  205 
72  208 
72  206 
72  269 
73  207 
73  208 
73  206 
330  239 
330  82 
330  74 
330  11 
331  12 
331  278 
331  290 
331  155 
332  187 
332  236 
332  156 
332  185 
333  230 
333  253 
333  31 
333  25 
334  199 
334  264 
334  111 
334  85 
335  56 
335  4 
335  95 
335  138 
336  92 
336  33 
336  60 
336  80 
337  231 
337  143 
337  333 
337  169 
338  312 
338  220 
338  169 
338  335 
339  335 
339  54 
339  71 
339  33 
340  40 
340  124 
340  118 
340  215 
341  333 
341  177 
341  253 
341  57 
342  166 
342  92 
342  220 
342  330 
343  105 
343  149 
343  303 
343  6 
344  329 
344  293 
344  225 
344  220 
345  73 
345  205 
345  331 
345  267 
346  62 
346  2 
346  243 
346  186 
347  185 
347  126 
347  312 
347  70 
348  53 
348  330 
348  294 
348  335 
349  261 
349  60 
349  332 
349  111 
74  204 
74  205 
74  208 
74  206 
74  269 
75  201 
75  203 
75  207 
76  203 
76  205 
77  202 
77  204 
77  205 
77  206 
78  201 
78  207 
78  208 
78  206 
78  269 
350  243 
350  205 
350  208 
350  153 
351  333 
351  266 
351  40 
351  222 
352  100 
352  351 
352  104 
352  237 
353  201 
353  295 
353  326 
353  41 
354  351 
354  191 
354  188 
354  27 
355  344 
355  14 
355  257 
355  71 
356  131 
356  79 
356  46 
356  234 
357  248 
357  266 
357  340 
357  148 
358  138 
358  33 
358  213 
358  324 
359  293 
359  346 
359  326 
359  186 
360  185 
360  270 
360  2 
360  312 
361  131 
361  225 
361  309 
361  353 
362  223 
362  360 
362  242 
362  152 
363  241 
363  258 
363  327 
363  342 
364  147 
364  244 
364  72 
364  322 
365  364 
365  121 
365  241 
365  213 
366  108 
366  350 
366  241 
366  182 
367  146 
367  273 
367  29 
367  148 
368  174 
368  108 
368  330 
368  351 
369  244 
369  351 
369  75 
369  79 
79  202 
79  207 
79  208 
79  206 
80  201 
80  202 
80  205 
80  208 
80  269 
81  201 
81  203 
81  208 
81  206 
81  269 
370  176 
370  356 
370  19 
370  335 
371  301 
371  37 
371  62 
371  29 
372  163 
372  272 
372  367 
372  169 
373  49 
373  92 
373  137 
373  220 
374  74 
374  274 
374  197 
374  330 
375  53 
375  370 
375  237 
375  16 
376  372 
376  85 
376  4 
376  290 
377  376 
377  343 
377  73 
377  318 
378  4 
378  38 
378  372 
378  85 
379  357 
379  361 
379  148 
379  23 
380  283 
380  330 
380  240 
380  197 
381  222 
381  185 
381  168 
381  4 
382  190 
382  252 
382  381 
382  137 
383  200 
383  265 
383  203 
383  358 
384  66 
384  82 
384  167 
384  317 
385  382 
385  4 
385  327 
385  150 
386  73 
386  144 
386  323 
386  318 
387  222 
387  66 
387  16 
387  281 
388  227 
388  377 
388  144 
388  333 
389  219 
389  222 
389  383 
389  371 
82  201 
82  202 
82  203 
82  204 
82  208 
82  269 
390  349 
390  290 
390  235 
390  342 
391  162 
391  234 
391  5 
391  72 
392  65 
392  250 
392  172 
392  321 
393  86 
393  170 
393  115 
393  390 
394  289 
394  390 
394  183 
394  206 
395  93 
395  111 
395  140 
395  86 
396  357 
396  321 
396  128 
396  249 
397  232 
397  239 
397  93 
397  56 
398  206 
398  173 
398  392 
398  351 
399  288 
399  140 
399  321 
399  379 
400  213 
400  205 
400  207 
400  395 
401  288 
401  253 
401  334 
401  249 
402  296 
402  379 
402  321 
402  160 
403  399 
403  285 
403  392 
403  23 
404  186 
404  67 
404  334 
404  173 
405  197 
405  338 
405  390 
405  175 
406  391 
406  52 
406  265 
406  386 
407  205 
407  182 
407  187 
407  241 
408  195 
408  84 
408  285 
408  220 
409  401 
409  254 
409  148 
409  117 
83  201 
83  202 
83  207 
83  206 
83  269 
84  201 
84  203 
84  204 
84  205 
85  201 
85  202 
85  203 
85  204 
85  207 
85  206 
85  269 
410  46 
410  4 
410  355 
410  85 
411  71 
411  369 
411  270 
411  111 
412  71 
412  255 
412  130 
412  308 
413  176 
413  99 
413  224 
413  366 
414  56 
414  371 
414  149 
414  171 
415  28 
415  219 
415  299 
415  70 
416  73 
416  128 
416  333 
416  151 
417  308 
417  264 
417  73 
417  187 
418  254 
418  417 
418  230 
418  240 
419  380 
419  27 
419  164 
419  113 
420  315 
420  71 
420  128 
420  146 
421  191 
421  46 
421  196 
421  357 
422  194 
422  323 
422  236 
422  178 
423  416 
423  106 
423  139 
423  293 
424  211 
424  111 
424  395 
424  28 
425  299 
425  360 
425  71 
425  85 
426  281 
426  419 
426  211 
426  46 
427  384 
427  60 
427  196 
427  43 
428  141 
428  11 
428  155 
428  191 
429  99 
429  306 
429  394 
429  352 
86  203 
86  204 
86  207 
86  205 
86  208 
87  201 
87  203 
87  204 
87  207 
87  205 
87  208 
87  269 
430  169 
430  148 
430  77 
430  261 
431  309 
431  46 
431  385 
431  418 
432  270 
432  300 
432  308 
432  266 
433  217 
433  140 
433  6 
433  392 
434  222 
434  34 
434  198 
434  270 
435  272 
435  22 
435  14 
435  360 
436  160 
436  411 
436  132 
436  406 
437  83 
437  85 
437  181 
437  62 
438  160 
438  13 
438  309 
438  266 
439  198 
439  434 
439  54 
439  433 
440  266 
440  360 
440  324 
440  341 
441  431 
441  92 
441  433 
441  436 
442  34 
442  352 
442  67 
442  64 
443  307 
443  72 
443  157 
443  36 
444  3 
444  434 
444  7 
444  439 
445  360 
445  75 
445  342 
445  386 
446  57 
446  272 
446  87 
446  66 
447  221 
447  215 
447  86 
447  36 
448  86 
448  325 
448  44 
448  438 
449  194 
449  96 
449  29 
449  435 
88  201 
88  207 
88  205 
88  206 
89  269 
90  207 
90  205 
90  206 
90  269 
450  407 
450  10 
450  232 
450  181 
451  87 
451  308 
451  323 
451  282 
452  417 
452  358 
452  281 
452  289 
453  369 
453  327 
453  393 
453  60 
454  327 
454  360 
454  32 
454  367 
455  138 
455  231 
455  29 
455  416 
456  4 
456  362 
456  195 
456  28 
457  29 
457  171 
457  409 
457  136 
458  76 
458  143 
458  111 
458  452 
459  372 
459  95 
459  217 
459  432 
460  82 
460  179 
460  123 
460  177 
461  209 
461  155 
461  90 
461  40 
462  388 
462  290 
462  452 
462  203 
463  246 
463  285 
463  72 
463  40 
464  314 
464  172 
464  279 
464  252 
465  419 
465  29 
465  23 
465  28 
466  96 
466  405 
466  38 
466  449 
467  25 
467  195 
467  289 
467  412 
468  115 
468  125 
468  464 
468  424 
469  98 
469  37 
469  415 
469  394 
91  203 
91  207 
91  205 
91  208 
91  269 
92  201 
92  202 
92  203 
92  208 
470  256 
470  50 
470  286 
470  65 
471  150 
471  237 
471  352 
471  404 
472  193 
472  377 
472  396 
472  468 
473  193 
473  112 
473  339 
473  147 
474  369 
474  421 
474  149 
474  472 
475  124 
475  282 
475  82 
475  419 
476  199 
476  3 
476  94 
476  140 
477  420 
477  94 
477  88 
477  399 
478  286 
478  94 
478  103 
478  26 
479  212 
479  254 
479  198 
479  420 
480  198 
480  351 
480  282 
480  5 
481  92 
481  103 
481  56 
481  101 
482  170 
482  279 
482  472 
482  410 
483  275 
483  134 
483  481 
483  38 
484  305 
484  468 
484  233 
484  77 
485  123 
485  405 
485  426 
485  316 
486  170 
486  263 
486  262 
486  407 
487  186 
487  103 
487  470 
487  149 
488  180 
488  430 
488  471 
488  348 
489  183 
489  5 
489  406 
489  270 
93  204 
93  207 
93  208 
93  269 
94  203 
94  206 
95  201 
95  203 
95  204 
95  207 
95  205 
95  269 
96  203 
96  208 
490  103 
490  85 
490  121 
490  386 
491  158 
491  463 
491  480 
491  381 
492  367 
492  250 
492  67 
492  395 
493  408 
493  339 
493  21 
493  450 
494  454 
494  395 
494  176 
494  151 
495  78 
495  87 
495  288 
495  206 
496  250 
496  425 
496  178 
496  493 
497  219 
497  395 
497  248 
497  307 
498  28 
498  131 
498  106 
498  272 
499  130 
499  490 
499  374 
499  244 
500  368 
500  421 
500  267 
500  266 
501  384 
501  152 
501  78 
501  68 
502  174 
502  419 
502  415 
502  278 
503  499 
503  174 
503  81 
503  44 
504  124 
504  151 
504  48 
504  445 
505  391 
505  316 
505  484 
505  493 
506  359 
506  326 
506  103 
506  202 
507  209 
507  492 
507  282 
507  260 
508  496 
508  83 
508  156 
508  45 
509  316 
509  432 
509  111 
509  326 
97  202 
97  206 
97  269 
98  201 
98  203 
98  204 
98  207 
98  206 
98  269 
510  165 
510  268 
510  495 
510  188 
511  28 
511  324 
511  452 
511  332 
512  349 
512  382 
512  89 
512  428 
513  362 
513  325 
513  1 
513  135 
514  345 
514  511 
514  241 
514  432 
515  510 
515  384 
515  228 
515  341 
516  469 
516  263 
516  503 
516  376 
517  465 
517  50 
517  217 
517  115 
518  363 
518  241 
518  19 
518  47 
519  31 
519  241 
519  122 
519  438 
520  175 
520  128 
520  78 
520  320 
521  46 
521  367 
521  191 
521  465 
522  471 
522  421 
522  257 
522  339 
523  49 
523  1 
523  455 
523  470 
524  19 
524  468 
524  27 
524  327 
525  137 
525  423 
525  518 
525  377 
526  207 
526  305 
526  365 
526  126 
527  94 
527  314 
527  389 
527  523 
528  465 
528  166 
528  373 
528  171 
529  465 
529  522 
529  525 
529  414 
99  201 
99  205 
99  208 
99  269 
100  201 
100  205 
100  269 
101  201 
101  207 
101  269 
102  201 
102  203 
102  204 
102  207 
102  205 
103  202 
103  203 
103  204 
103  205 
103  269 
1  530 
3  530 
4  530 
5  530 
6  530 
7  530 
9  530 
12  530 
14  530 
15  530 
17  530 
19  530 
27  530 
29  530 
35  530 
37  530 
43  530 
44  530 
46  530 
47  530 
49  530 
50  530 
52  530 
53  530 
54  530 
55  530 
56  530 
61  530 
63  530 
64  530 
67  530 
68  530 
69  530 
73  530 
74  530 
78  530 
80  530 
85  530 
87  530 
90  530 
96  530 
98  530 
102  530 
103  530 
206  269 
203  207 
204  269 
207  269 
205  269 
208  204 
269  201 
530  201 
530  203 
530  204 
531  391 
531  336 
531  76 
531  253 
532  212 
532  99 
532  406 
532  491 
533  269 
533  87 
533  304 
533  10 
534  463 
534  114 
534  118 
534  335 
535  345 
535  492 
535  534 
535  295 
536  378 
536  226 
536  73 
536  113 
537  164 
537  293 
537  116 
537  404 
538  337 
538  88 
538  59 
538  434 
539  536 
539  448 
539  49 
539  251 
540  259 
540  48 
540  76 
540  415 
541  532 
541  477 
541  195 
541  8 
542  284 
542  191 
542  10 
542  331 
543  310 
543  461 
543  476 
543  442 
544  277 
544  407 
544  26 
544  542 
545  67 
545  99 
545  79 
545  297 
546  531 
546  11 
546  258 
546  477 
547  481 
547  188 
547  308 
547  201 
548  310 
548  535 
548  443 
548  546 
549  145 
549  375 
549  340 
549  308 
550  344 
550  105 
550  411 
550  84 
104  201 
104  202 
104  203 
104  204 
104  208 
104  269 
104  530 
105  207 
105  205 
105  530 
106  201 
106  203 
106  207 
106  205 
106  269 
106  530 
107  202 
107  204 
107  207 
107  208 
107  530 
108  202 
108  203 
108  208 
108  206 
108  269 
108  530 
551  192 
551  139 
551  378 
551  124 
552  148 
552  524 
552  499 
552  288 
553  552 
553  160 
553  347 
553  113 
554  63 
554  188 
554  513 
554  406 
555  503 
555  276 
555  393 
555  89 
556  99 
556  240 
556  552 
556  546 
557  116 
557  291 
557  157 
557  553 
558  110 
558  7 
558  542 
558  313 
559  370 
559  503 
559  524 
559  528 
560  545 
560  63 
560  555 
560  284 
561  68 
561  537 
561  533 
561  323 
562  550 
562  54 
562  148 
562  146 
563  244 
563  234 
563  402 
563  45 
564  510 
564  38 
564  144 
564  537 
565  543 
565  381 
565  384 
565  94 
566  531 
566  564 
566  160 
566  151 
567  558 
567  524 
567  130 
567  300 
568  514 
568  1 
568  395 
568  487 
569  183 
569  517 
569  1 
569  513 
570  29 
570  461 
570  186 
570  411 
109  205 
109  208 
110  202 
110  204 
110  207 
110  205 
110  208 
110  206 
111  201 
111  207 
111  205 
111  269 
111  530 
112  204 
112  207 
112  205 
112  208 
112  206 
571  387 
571  328 
571  506 
571  162 
572  31 
572  139 
572  484 
572  100 
573  461 
573  417 
573  388 
573  86 
574  157 
574  419 
574  13 
574  491 
575  78 
575  242 
575  152 
575  198 
576  215 
576  417 
576  255 
576  376 
577  555 
577  481 
577  230 
577  505 
578  346 
578  534 
578  326 
578  353 
579  527 
579  295 
579  402 
579  447 
580  142 
580  180 
580  459 
580  179 
581  138 
581  67 
581  328 
581  541 
582  195 
582  87 
582  364 
582  579 
583  480 
583  308 
583  573 
583  301 
584  502 
584  111 
584  574 
584  255 
585  345 
585  93 
585  524 
585  286 
586  283 
586  332 
586  398 
586  48 
587  459 
587  115 
587  30 
587  510 
588  477 
588  586 
588  527 
588  111 
589  30 
589  309 
589  527 
589  572 
590  162 
590  241 
590  92 
590  514 
113  201 
113  203 
113  530 
114  201 
114  203 
114  204 
114  207 
114  205 
114  206 
591  398 
591  330 
591  373 
591  525 
592  105 
592  344 
592  232 
592  551 
593  346 
593  45 
593  6 
593  24 
594  440 
594  328 
594  188 
594  31 
595  188 
595  270 
595  249 
595  218 
596  482 
596  512 
596  119 
596  492 
597  31 
597  218 
597  76 
597  546 
598  405 
598  563 
598  193 
598  53 
599  402 
599  88 
599  54 
599  592 
600  188 
600  403 
600  103 
600  250 
601  470 
601  392 
601  360 
601  549 
602  221 
602  530 
602  19 
602  386 
603  14 
603  593 
603  246 
603  31 
604  76 
604  602 
604  24 
604  79 
605  536 
605  17 
605  24 
605  461 
606  130 
606  207 
606  532 
606  408 
607  496 
607  358 
607  524 
607  546 
608  55 
608  598 
608  473 
608  593 
609  289 
609  67 
609  424 
609  156 
610  68 
610  166 
610  594 
610  446 
 

