1  2 
1  3 
1  4 
1  5 
1  6 
1  7 
1  8 
1  9 
1  10 
2  3 
2  4 
2  5 
2  6 
2  7 
2  8 
2  9 
2  10 
3  4 
3  5 
3  6 
3  7 
3  8 
3  9 
3  10 
4  5 
4  6 
4  7 
4  8 
4  9 
4  10 
5  6 
5  7 
5  8 
5  9 
5  10 
6  7 
6  8 
6  9 
6  10 
7  8 
7  9 
7  10 
8  9 
8  10 
9  10 
11  10 
11  4 
11  2 
11  1 
12  6 
12  2 
12  5 
12  8 
13  3 
13  9 
13  10 
13  4 
14  1 
14  5 
14  4 
14  9 
15  10 
15  6 
15  1 
15  4 
16  10 
16  1 
16  14 
16  5 
17  10 
17  6 
17  1 
17  2 
18  15 
18  5 
18  7 
18  3 
19  4 
19  9 
19  6 
19  2 
20  12 
20  3 
20  4 
20  5 
21  6 
21  9 
21  11 
21  5 
22  7 
22  20 
22  2 
22  9 
23  14 
23  6 
23  13 
23  20 
24  5 
24  14 
24  2 
24  9 
25  7 
25  1 
25  9 
25  18 
26  22 
26  16 
26  3 
26  11 
27  2 
27  13 
27  7 
27  6 
28  7 
28  10 
28  2 
28  6 
29  22 
29  9 
29  2 
29  4 
30  1 
30  8 
30  26 
30  10 
31  10 
31  22 
31  11 
31  28 
32  15 
32  10 
32  14 
32  8 
33  15 
33  1 
33  31 
33  2 
34  29 
34  15 
34  14 
34  5 
35  2 
35  3 
35  10 
35  20 
36  9 
36  2 
36  15 
36  6 
37  5 
37  14 
37  7 
37  11 
38  5 
38  6 
38  34 
38  23 
39  5 
39  23 
39  15 
39  7 
40  34 
40  1 
40  3 
40  22 
41  27 
41  8 
41  15 
41  1 
42  16 
42  26 
42  9 
42  13 
43  9 
43  32 
43  1 
43  17 
44  2 
44  6 
44  3 
44  28 
45  10 
45  1 
45  33 
45  3 
46  30 
46  28 
46  4 
46  34 
47  35 
47  9 
47  11 
47  19 
48  20 
48  9 
48  11 
48  17 
49  8 
49  5 
49  21 
49  20 
50  24 
50  3 
50  8 
50  10 
51  3 
51  9 
51  29 
51  41 
52  17 
52  35 
52  8 
52  10 
53  6 
53  48 
53  27 
53  7 
54  1 
54  43 
54  51 
54  41 
55  16 
55  22 
55  45 
55  19 
56  43 
56  42 
56  14 
56  5 
57  2 
57  7 
57  10 
57  35 
58  6 
58  5 
58  11 
58  3 
59  32 
59  2 
59  53 
59  30 
60  14 
60  8 
60  2 
60  10 
61  17 
61  36 
61  1 
61  14 
62  7 
62  43 
62  34 
62  6 
63  5 
63  6 
63  35 
63  53 
64  2 
64  32 
64  46 
64  6 
65  5 
65  14 
65  4 
65  20 
66  10 
66  43 
66  6 
66  22 
67  21 
67  33 
67  38 
67  1 
68  3 
68  17 
68  32 
68  67 
69  1 
69  35 
69  38 
69  57 
70  2 
70  14 
70  38 
70  29 
71  9 
71  19 
71  5 
71  10 
72  58 
72  2 
72  7 
72  25 
73  12 
73  9 
73  47 
73  6 
74  1 
74  33 
74  27 
74  21 
75  70 
75  6 
75  9 
75  25 
76  32 
76  9 
76  3 
76  16 
77  5 
77  2 
77  68 
77  42 
78  51 
78  3 
78  23 
78  11 
79  63 
79  3 
79  59 
79  7 
80  29 
80  28 
80  13 
80  5 
81  35 
81  6 
81  23 
81  26 
82  7 
82  48 
82  17 
82  53 
83  2 
83  4 
83  73 
83  7 
84  3 
84  36 
84  13 
84  9 
85  40 
85  9 
85  38 
85  4 
86  1 
86  5 
86  11 
86  2 
87  8 
87  5 
87  9 
87  26 
88  6 
88  10 
88  27 
88  8 
89  16 
89  43 
89  35 
89  36 
90  8 
90  9 
90  64 
90  22 
91  87 
91  13 
91  6 
91  64 
92  23 
92  6 
92  9 
92  29 
93  9 
93  1 
93  3 
93  51 
94  74 
94  41 
94  53 
94  62 
95  32 
95  87 
95  6 
95  2 
96  10 
96  2 
96  82 
96  95 
97  53 
97  17 
97  82 
97  46 
98  19 
98  5 
98  1 
98  17 
99  64 
99  20 
99  83 
99  92 
100  2 
100  24 
100  28 
100  5 
101  30 
101  92 
101  6 
101  5 
102  52 
102  7 
102  9 
102  73 
103  41 
103  35 
103  6 
103  70 
104  15 
104  2 
104  101 
104  9 
105  72 
105  5 
105  85 
105  2 
106  20 
106  28 
106  12 
106  5 
107  9 
107  1 
107  5 
107  21 
108  38 
108  22 
108  49 
108  70 
109  14 
109  19 
109  17 
109  13 
110  73 
110  8 
110  49 
110  35 
111  108 
111  82 
111  5 
111  8 
112  11 
112  8 
112  86 
112  53 
113  93 
113  95 
113  106 
113  30 
114  53 
114  35 
114  56 
114  41 
115  7 
115  112 
115  95 
115  44 
116  15 
116  43 
116  4 
116  14 
117  38 
117  49 
117  82 
117  1 
118  68 
118  10 
118  3 
118  109 
119  32 
119  114 
119  64 
119  26 
120  4 
120  100 
120  26 
120  53 
121  32 
121  96 
121  7 
121  12 
122  65 
122  14 
122  12 
122  73 
123  8 
123  61 
123  32 
123  67 
124  49 
124  11 
124  7 
124  3 
125  3 
125  32 
125  29 
125  16 
126  20 
126  19 
126  105 
126  117 
127  15 
127  4 
127  30 
127  98 
128  21 
128  25 
128  7 
128  70 
129  53 
129  90 
129  43 
129  9 
130  109 
130  121 
130  14 
130  7 
131  71 
131  6 
131  53 
131  44 
132  10 
132  35 
132  4 
132  99 
133  2 
133  64 
133  5 
133  10 
134  8 
134  14 
134  70 
134  4 
135  49 
135  14 
135  16 
135  102 
136  104 
136  83 
136  27 
136  8 
137  84 
137  85 
137  30 
137  23 
138  102 
138  135 
138  4 
138  1 
139  11 
139  95 
139  105 
139  3 
140  62 
140  28 
140  43 
140  84 
141  28 
141  70 
141  5 
141  8 
142  88 
142  9 
142  6 
142  26 
143  9 
143  30 
143  5 
143  16 
144  97 
144  41 
144  18 
144  43 
145  17 
145  9 
145  26 
145  36 
146  53 
146  26 
146  133 
146  49 
147  9 
147  17 
147  1 
147  38 
148  127 
148  140 
148  63 
148  14 
149  67 
149  9 
149  51 
149  7 
150  108 
150  9 
150  65 
150  1 
151  38 
151  86 
151  2 
151  24 
152  116 
152  67 
152  59 
152  10 
153  117 
153  72 
153  5 
153  74 
154  20 
154  73 
154  6 
154  27 
155  114 
155  49 
155  143 
155  1 
156  13 
156  15 
156  108 
156  94 
157  5 
157  150 
157  60 
157  3 
158  1 
158  10 
158  6 
158  70 
159  143 
159  14 
159  25 
159  72 
160  86 
160  14 
160  7 
160  27 
161  1 
161  51 
161  19 
161  125 
162  17 
162  41 
162  30 
162  157 
163  18 
163  5 
163  6 
163  16 
164  48 
164  28 
164  12 
164  7 
165  150 
165  146 
165  129 
165  85 
166  6 
166  92 
166  51 
166  12 
167  97 
167  13 
167  65 
167  36 
168  19 
168  21 
168  74 
168  166 
169  3 
169  126 
169  10 
169  130 
170  19 
170  67 
170  25 
170  14 
171  105 
171  88 
171  112 
171  104 
172  60 
172  2 
172  49 
172  77 
173  38 
173  13 
173  49 
173  27 
174  7 
174  6 
174  1 
174  111 
175  21 
175  103 
175  174 
175  121 
176  2 
176  77 
176  147 
176  6 
177  7 
177  164 
177  130 
177  53 
178  6 
178  168 
178  36 
178  93 
179  1 
179  7 
179  102 
179  168 
180  14 
180  152 
180  109 
180  5 
181  7 
181  2 
181  108 
181  25 
182  11 
182  36 
182  21 
182  6 
183  9 
183  74 
183  3 
183  117 
184  62 
184  124 
184  32 
184  117 
185  172 
185  105 
185  14 
185  20 
186  6 
186  23 
186  149 
186  7 
187  14 
187  145 
187  152 
187  35 
188  170 
188  3 
188  9 
188  1 
189  127 
189  185 
189  187 
189  102 
190  34 
190  146 
190  54 
190  136 
191  109 
191  57 
191  160 
191  67 
192  115 
192  37 
192  157 
192  3 
193  12 
193  22 
193  2 
193  36 
194  5 
194  11 
194  53 
194  43 
195  13 
195  11 
195  16 
195  8 
196  5 
196  108 
196  49 
196  2 
197  25 
197  10 
197  38 
197  55 
198  125 
198  2 
198  65 
198  17 
199  16 
199  2 
199  12 
199  10 
200  16 
200  2 
200  15 
200  3 
1  201 
1  202 
1  203 
2  204 
2  201 
2  202 
2  205 
2  206 
3  204 
3  207 
3  205 
3  208 
3  206 
4  204 
4  207 
4  202 
4  203 
5  207 
5  201 
5  202 
5  205 
5  208 
5  203 
6  204 
6  201 
6  205 
6  203 
7  207 
7  202 
7  208 
8  202 
8  205 
8  208 
8  203 
8  206 
9  202 
9  203 
10  201 
10  202 
10  203 
10  206 
11  207 
11  208 
11  203 
11  206 
12  204 
12  207 
12  203 
12  206 
13  204 
13  207 
13  201 
13  202 
13  205 
13  208 
14  203 
15  204 
15  207 
15  201 
15  205 
15  206 
16  204 
16  207 
16  201 
16  208 
16  203 
17  207 
17  202 
17  205 
17  203 
18  204 
18  207 
18  205 
18  208 
18  203 
19  201 
19  202 
19  206 
20  202 
20  205 
20  206 
21  204 
21  202 
21  205 
21  208 
21  206 
22  204 
22  205 
22  203 
22  206 
23  207 
23  201 
23  203 
24  204 
24  207 
24  201 
24  202 
24  205 
24  208 
24  203 
25  204 
25  202 
25  208 
25  203 
26  207 
26  205 
26  208 
27  204 
27  201 
27  202 
27  205 
27  208 
27  206 
28  207 
28  202 
28  208 
28  203 
29  204 
29  207 
29  201 
29  202 
29  208 
29  206 
30  204 
30  201 
30  202 
30  208 
31  207 
31  202 
31  208 
31  203 
31  206 
32  208 
32  203 
33  207 
33  205 
33  203 
33  206 
34  204 
34  202 
34  208 
34  206 
35  204 
35  202 
35  205 
35  203 
36  201 
36  205 
36  208 
36  203 
37  207 
37  202 
37  205 
37  208 
37  206 
38  204 
38  207 
38  201 
38  202 
39  207 
39  201 
39  202 
39  205 
40  207 
40  201 
40  202 
41  207 
41  201 
41  205 
41  208 
41  206 
42  207 
42  202 
42  205 
43  207 
43  201 
43  205 
43  203 
44  207 
44  201 
44  208 
44  203 
44  206 
45  207 
45  201 
46  204 
46  207 
46  202 
46  208 
46  203 
46  206 
47  204 
47  207 
47  201 
47  202 
47  203 
47  206 
48  207 
48  201 
48  202 
48  203 
48  206 
49  204 
49  207 
49  201 
49  205 
49  203 
50  207 
50  201 
50  202 
50  205 
50  203 
50  206 
204  207 
207  201 
201  202 
202  205 
205  208 
208  203 
203  206 
204  205 
204  208 
204  203 
207  202 
207  205 
207  208 
207  203 
201  208 
201  203 
202  204 
208  202 
206  204 
206  202 
206  208 
51  202 
51  206 
52  204 
52  205 
52  206 
53  207 
53  205 
53  203 
54  207 
54  206 
55  207 
55  205 
55  208 
55  203 
55  206 
209  146 
209  153 
209  39 
209  102 
210  149 
210  18 
210  20 
210  185 
211  148 
211  16 
211  143 
211  147 
212  123 
212  108 
212  211 
212  79 
213  71 
213  6 
213  160 
213  100 
214  212 
214  18 
214  13 
214  84 
215  77 
215  198 
215  84 
215  137 
216  71 
216  16 
216  210 
216  128 
217  124 
217  179 
217  189 
217  194 
218  23 
218  56 
218  133 
218  59 
219  160 
219  212 
219  189 
219  214 
220  210 
220  3 
220  111 
220  82 
221  40 
221  20 
221  26 
221  47 
222  138 
222  28 
222  131 
222  116 
223  220 
223  138 
223  102 
223  109 
224  158 
224  155 
224  22 
224  16 
225  222 
225  72 
225  138 
225  181 
226  111 
226  211 
226  51 
226  65 
227  137 
227  132 
227  47 
227  224 
228  38 
228  214 
228  158 
228  113 
 

