1  2 
1  3 
1  4 
1  5 
1  6 
1  7 
1  8 
1  9 
1  10 
2  3 
2  4 
2  5 
2  6 
2  7 
2  8 
2  9 
2  10 
3  4 
3  5 
3  6 
3  7 
3  8 
3  9 
3  10 
4  5 
4  6 
4  7 
4  8 
4  9 
4  10 
5  6 
5  7 
5  8 
5  9 
5  10 
6  7 
6  8 
6  9 
6  10 
7  8 
7  9 
7  10 
8  9 
8  10 
9  10 
11  7 
11  3 
11  1 
11  2 
12  2 
12  6 
12  3 
12  4 
13  12 
13  4 
13  3 
13  9 
14  11 
14  12 
14  1 
14  7 
15  5 
15  6 
15  13 
15  9 
16  2 
16  4 
16  9 
16  1 
17  14 
17  5 
17  7 
17  13 
18  5 
18  6 
18  3 
18  7 
19  10 
19  3 
19  9 
19  4 
20  1 
20  6 
20  9 
20  10 
21  15 
21  9 
21  11 
21  14 
22  20 
22  4 
22  18 
22  19 
23  14 
23  8 
23  9 
23  16 
24  8 
24  1 
24  13 
24  6 
25  8 
25  3 
25  7 
25  19 
26  24 
26  11 
26  20 
26  2 
27  6 
27  13 
27  10 
27  7 
28  13 
28  2 
28  19 
28  8 
29  5 
29  6 
29  9 
29  1 
30  8 
30  25 
30  23 
30  5 
31  2 
31  5 
31  11 
31  3 
32  1 
32  9 
32  7 
32  4 
33  1 
33  2 
33  13 
33  5 
34  13 
34  33 
34  8 
34  6 
35  13 
35  19 
35  5 
35  12 
36  1 
36  8 
36  7 
36  32 
37  5 
37  15 
37  34 
37  8 
38  4 
38  10 
38  7 
38  16 
39  4 
39  30 
39  8 
39  10 
40  3 
40  32 
40  6 
40  9 
41  20 
41  4 
41  10 
41  12 
42  7 
42  9 
42  33 
42  35 
43  42 
43  12 
43  7 
43  18 
44  7 
44  3 
44  6 
44  20 
45  21 
45  37 
45  8 
45  5 
46  1 
46  10 
46  9 
46  20 
47  7 
47  10 
47  9 
47  3 
48  6 
48  34 
48  9 
48  5 
49  9 
49  21 
49  8 
49  11 
50  12 
50  49 
50  7 
50  13 
51  38 
51  5 
51  7 
51  4 
52  29 
52  14 
52  46 
52  2 
53  13 
53  7 
53  9 
53  14 
54  9 
54  37 
54  29 
54  51 
55  26 
55  1 
55  6 
55  3 
56  7 
56  9 
56  55 
56  19 
57  42 
57  3 
57  1 
57  5 
58  8 
58  53 
58  11 
58  20 
59  46 
59  14 
59  6 
59  18 
60  24 
60  14 
60  1 
60  4 
61  3 
61  18 
61  8 
61  33 
62  1 
62  30 
62  9 
62  42 
63  13 
63  26 
63  45 
63  14 
64  22 
64  1 
64  10 
64  24 
65  51 
65  9 
65  7 
65  29 
66  1 
66  4 
66  21 
66  55 
67  9 
67  10 
67  38 
67  49 
68  4 
68  36 
68  66 
68  51 
69  14 
69  51 
69  25 
69  13 
70  38 
70  8 
70  3 
70  10 
71  14 
71  66 
71  36 
71  1 
72  11 
72  7 
72  38 
72  41 
73  2 
73  51 
73  4 
73  34 
74  6 
74  57 
74  1 
74  11 
75  43 
75  14 
75  33 
75  23 
76  10 
76  2 
76  45 
76  39 
77  7 
77  26 
77  9 
77  1 
78  7 
78  1 
78  45 
78  9 
79  4 
79  7 
79  41 
79  19 
80  13 
80  5 
80  76 
80  55 
81  25 
81  72 
81  32 
81  4 
82  3 
82  1 
82  2 
82  46 
83  66 
83  42 
83  75 
83  10 
84  41 
84  29 
84  5 
84  6 
85  5 
85  32 
85  7 
85  65 
86  2 
86  19 
86  10 
86  81 
87  58 
87  45 
87  10 
87  13 
88  27 
88  32 
88  11 
88  20 
89  48 
89  1 
89  32 
89  39 
90  16 
90  2 
90  65 
90  80 
91  2 
91  16 
91  10 
91  43 
92  15 
92  4 
92  47 
92  5 
93  22 
93  51 
93  74 
93  9 
94  1 
94  9 
94  15 
94  3 
95  11 
95  26 
95  57 
95  20 
96  1 
96  61 
96  14 
96  73 
97  52 
97  6 
97  13 
97  5 
98  10 
98  8 
98  1 
98  43 
99  53 
99  69 
99  13 
99  24 
100  45 
100  11 
100  12 
100  8 
101  7 
101  66 
101  77 
101  2 
102  9 
102  83 
102  12 
102  25 
103  87 
103  24 
103  95 
103  98 
104  79 
104  19 
104  57 
104  38 
105  1 
105  52 
105  8 
105  9 
106  25 
106  10 
106  9 
106  2 
107  7 
107  8 
107  61 
107  11 
108  7 
108  58 
108  3 
108  80 
109  98 
109  19 
109  22 
109  2 
110  51 
110  1 
110  25 
110  2 
111  53 
111  58 
111  73 
111  12 
112  88 
112  74 
112  48 
112  9 
113  7 
113  10 
113  9 
113  81 
114  36 
114  12 
114  1 
114  25 
115  1 
115  47 
115  76 
115  98 
116  2 
116  98 
116  19 
116  52 
117  4 
117  13 
117  57 
117  74 
118  3 
118  2 
118  57 
118  45 
119  41 
119  98 
119  113 
119  62 
120  1 
120  59 
120  47 
120  63 
121  23 
121  40 
121  65 
121  94 
122  4 
122  38 
122  8 
122  28 
123  3 
123  102 
123  76 
123  39 
124  105 
124  98 
124  89 
124  25 
125  9 
125  62 
125  10 
125  8 
126  45 
126  5 
126  125 
126  13 
127  26 
127  22 
127  9 
127  44 
128  50 
128  102 
128  75 
128  73 
129  1 
129  25 
129  5 
129  33 
130  79 
130  39 
130  3 
130  65 
131  15 
131  108 
131  20 
131  102 
132  56 
132  14 
132  7 
132  50 
133  32 
133  19 
133  11 
133  65 
134  25 
134  13 
134  95 
134  48 
135  43 
135  65 
135  2 
135  18 
136  8 
136  41 
136  93 
136  10 
137  49 
137  136 
137  66 
137  9 
138  64 
138  65 
138  28 
138  27 
139  9 
139  1 
139  7 
139  108 
140  1 
140  29 
140  25 
140  13 
141  25 
141  9 
141  5 
141  63 
142  51 
142  87 
142  141 
142  69 
143  9 
143  44 
143  81 
143  125 
144  8 
144  50 
144  10 
144  98 
145  34 
145  14 
145  48 
145  38 
146  51 
146  63 
146  58 
146  27 
147  122 
147  2 
147  120 
147  140 
148  8 
148  15 
148  40 
148  13 
149  45 
149  1 
149  75 
149  106 
150  76 
150  13 
150  94 
150  64 
151  148 
151  47 
151  141 
151  32 
152  112 
152  19 
152  16 
152  23 
153  13 
153  10 
153  38 
153  7 
154  11 
154  7 
154  49 
154  88 
155  9 
155  112 
155  81 
155  148 
156  47 
156  37 
156  13 
156  23 
157  127 
157  95 
157  5 
157  9 
158  118 
158  76 
158  75 
158  136 
159  34 
159  6 
159  103 
159  132 
160  9 
160  10 
160  95 
160  99 
161  7 
161  8 
161  33 
161  13 
162  8 
162  66 
162  26 
162  2 
163  3 
163  77 
163  61 
163  9 
164  52 
164  163 
164  2 
164  47 
165  67 
165  12 
165  5 
165  80 
166  2 
166  38 
166  34 
166  143 
167  56 
167  3 
167  1 
167  7 
168  15 
168  151 
168  10 
168  6 
169  7 
169  41 
169  136 
169  32 
170  38 
170  9 
170  11 
170  46 
171  70 
171  53 
171  8 
171  45 
172  8 
172  61 
172  3 
172  1 
173  126 
173  7 
173  156 
173  10 
174  6 
174  9 
174  10 
174  114 
175  49 
175  94 
175  11 
175  85 
176  154 
176  5 
176  140 
176  37 
177  66 
177  4 
177  8 
177  98 
178  50 
178  16 
178  28 
178  107 
179  11 
179  66 
179  9 
179  151 
180  81 
180  39 
180  160 
180  29 
181  114 
181  25 
181  22 
181  84 
182  44 
182  125 
182  28 
182  49 
183  24 
183  9 
183  5 
183  53 
184  72 
184  2 
184  73 
184  80 
185  79 
185  6 
185  60 
185  10 
186  9 
186  65 
186  20 
186  42 
187  179 
187  121 
187  49 
187  166 
188  160 
188  8 
188  1 
188  58 
189  43 
189  4 
189  13 
189  119 
190  113 
190  42 
190  149 
190  20 
191  89 
191  10 
191  61 
191  15 
192  17 
192  32 
192  167 
192  121 
193  56 
193  3 
193  7 
193  93 
194  5 
194  99 
194  27 
194  50 
195  104 
195  25 
195  10 
195  183 
196  83 
196  30 
196  23 
196  3 
197  69 
197  95 
197  2 
197  4 
198  13 
198  71 
198  36 
198  73 
199  15 
199  95 
199  9 
199  140 
200  162 
200  156 
200  1 
200  176 
1  201 
1  202 
1  203 
1  204 
1  205 
1  206 
2  201 
2  202 
2  207 
2  204 
2  205 
2  206 
3  202 
3  207 
3  204 
3  205 
3  206 
4  207 
4  205 
4  206 
5  203 
5  204 
5  208 
5  206 
6  201 
6  202 
6  203 
6  208 
6  205 
7  205 
8  204 
8  208 
8  205 
8  206 
9  202 
9  203 
9  204 
9  205 
9  206 
10  201 
10  204 
10  205 
10  206 
11  201 
11  208 
11  205 
11  206 
12  201 
12  206 
13  201 
13  207 
13  208 
14  201 
14  202 
14  203 
14  207 
14  204 
14  208 
14  206 
15  201 
15  202 
15  207 
15  204 
15  208 
15  205 
16  203 
16  204 
16  206 
17  202 
17  204 
18  202 
18  203 
18  204 
18  208 
18  205 
18  206 
19  201 
19  207 
19  206 
20  201 
20  203 
20  207 
20  208 
20  205 
20  206 
201  202 
202  203 
203  207 
207  204 
204  208 
208  205 
205  206 
201  208 
202  207 
202  204 
202  208 
202  205 
203  204 
203  205 
207  201 
204  201 
204  205 
208  203 
208  207 
205  201 
205  207 
206  201 
206  202 
206  203 
206  207 
206  208 
209  29 
209  14 
209  163 
209  34 
210  164 
210  71 
210  205 
210  13 
211  30 
211  69 
211  12 
211  18 
212  87 
212  211 
212  186 
212  41 
213  182 
213  112 
213  23 
213  24 
214  213 
214  204 
214  144 
214  33 
215  11 
215  190 
215  205 
215  24 
216  211 
216  3 
216  53 
216  41 
217  138 
217  88 
217  40 
217  105 
218  217 
218  100 
218  80 
218  210 
219  213 
219  88 
219  112 
219  154 
220  153 
220  175 
220  11 
220  210 
221  184 
221  86 
221  115 
221  150 
222  211 
222  95 
222  60 
222  194 
223  120 
223  190 
223  65 
223  66 
224  38 
224  161 
224  69 
224  158 
225  106 
225  23 
225  67 
225  84 
226  69 
226  140 
226  24 
226  52 
227  66 
227  59 
227  212 
227  195 
228  188 
228  161 
228  84 
228  42 
229  24 
229  177 
229  6 
229  107 
230  175 
230  213 
230  40 
230  112 
231  88 
231  89 
231  155 
231  104 
232  95 
232  190 
232  35 
232  142 
233  219 
233  181 
233  159 
233  223 
234  211 
234  199 
234  228 
234  8 
235  134 
235  210 
235  217 
235  66 
236  165 
236  34 
236  216 
236  155 
237  30 
237  39 
237  91 
237  88 
238  40 
238  17 
238  216 
238  221 
239  10 
239  116 
239  25 
239  108 
240  137 
240  228 
240  183 
240  4 
241  183 
241  221 
241  210 
241  127 
242  88 
242  168 
242  220 
242  183 
243  42 
243  223 
243  233 
243  175 
244  119 
244  103 
244  24 
244  223 
245  225 
245  240 
245  221 
245  88 
246  229 
246  41 
246  189 
246  218 
247  24 
247  30 
247  219 
247  181 
248  154 
248  42 
248  235 
248  213 
249  225 
249  175 
249  211 
249  159 
250  137 
250  103 
250  199 
250  53 
251  213 
251  42 
251  159 
251  63 
252  216 
252  100 
252  98 
252  181 
253  18 
253  138 
253  183 
253  63 
254  156 
254  84 
254  154 
254  47 
255  200 
255  228 
255  211 
255  84 
256  52 
256  23 
256  234 
256  211 
257  137 
257  246 
257  211 
257  36 
258  91 
258  115 
258  84 
258  181 
259  201 
259  156 
259  96 
259  148 
260  217 
260  78 
260  23 
260  149 
261  105 
261  20 
261  234 
261  170 
262  159 
262  149 
262  171 
262  193 
263  197 
263  223 
263  101 
263  169 
264  231 
264  87 
264  27 
264  176 
265  204 
265  162 
265  170 
265  109 
266  259 
266  117 
266  191 
266  245 
267  91 
267  85 
267  259 
267  197 
268  181 
268  192 
268  20 
268  53 
269  170 
269  263 
269  87 
269  139 
270  123 
270  267 
270  4 
270  35 
271  173 
271  56 
271  267 
271  218 
272  269 
272  250 
272  170 
272  18 
273  44 
273  41 
273  155 
273  16 
274  98 
274  49 
274  86 
274  99 
275  236 
275  56 
275  247 
275  44 
276  18 
276  106 
276  272 
276  121 
277  261 
277  259 
277  257 
277  6 
278  163 
278  168 
278  73 
278  135 
279  47 
279  8 
279  110 
279  204 
280  72 
280  133 
280  269 
280  27 
281  183 
281  180 
281  184 
281  236 
282  250 
282  218 
282  171 
282  254 
283  32 
283  262 
283  266 
283  5 
284  231 
284  257 
284  123 
284  38 
285  87 
285  38 
285  243 
285  197 
286  281 
286  264 
286  265 
286  1 
287  61 
287  38 
287  27 
287  279 
288  84 
288  5 
288  243 
288  237 
289  232 
289  34 
289  9 
289  82 
290  141 
290  245 
290  43 
290  15 
291  230 
291  87 
291  1 
291  245 
292  170 
292  61 
292  38 
292  197 
293  79 
293  43 
293  118 
293  270 
294  85 
294  278 
294  159 
294  176 
295  27 
295  199 
295  168 
295  262 
296  254 
296  44 
296  262 
296  271 
297  115 
297  14 
297  282 
297  295 
298  112 
298  235 
298  79 
298  34 
299  75 
299  68 
299  262 
299  260 
300  289 
300  220 
300  286 
300  236 
301  225 
301  103 
301  36 
301  115 
302  298 
302  112 
302  107 
302  230 
303  15 
303  63 
303  168 
303  269 
304  291 
304  79 
304  278 
304  15 
305  294 
305  123 
305  216 
305  223 
306  198 
306  266 
306  273 
306  53 
307  278 
307  74 
307  162 
307  297 
308  219 
308  294 
308  149 
308  278 
309  89 
309  290 
309  95 
309  279 
310  4 
310  193 
310  66 
310  129 
311  92 
311  6 
311  113 
311  153 
312  128 
312  73 
312  303 
312  294 
313  285 
313  253 
313  309 
313  148 
314  4 
314  234 
314  257 
314  203 
315  33 
315  213 
315  40 
315  285 
316  162 
316  293 
316  241 
316  181 
317  6 
317  10 
317  135 
317  150 
318  205 
318  271 
318  180 
318  310 
319  266 
319  148 
319  203 
319  280 
320  109 
320  251 
320  148 
320  223 
321  318 
321  293 
321  167 
321  280 
322  304 
322  74 
322  171 
322  317 
323  195 
323  110 
323  198 
323  284 
324  319 
324  92 
324  293 
324  181 
325  169 
325  243 
325  226 
325  313 
326  321 
326  78 
326  148 
326  182 
327  244 
327  322 
327  40 
327  317 
328  246 
328  14 
328  73 
328  241 
329  296 
329  40 
329  75 
329  176 
330  40 
330  112 
330  22 
330  69 
331  305 
331  160 
331  293 
331  326 
332  165 
332  327 
332  10 
332  204 
333  294 
333  31 
333  56 
333  239 
334  201 
334  117 
334  333 
334  176 
335  32 
335  270 
335  188 
335  170 
336  170 
336  19 
336  327 
336  190 
337  293 
337  164 
337  318 
337  141 
338  203 
338  19 
338  143 
338  92 
339  256 
339  313 
339  168 
339  330 
340  80 
340  198 
340  190 
340  257 
341  157 
341  315 
341  165 
341  14 
342  293 
342  88 
342  257 
342  22 
343  161 
343  59 
343  162 
343  254 
344  284 
344  258 
344  22 
344  255 
345  83 
345  10 
345  258 
345  305 
346  277 
346  285 
346  327 
346  234 
347  333 
347  272 
347  340 
347  153 
348  333 
348  226 
348  240 
348  160 
349  348 
349  342 
349  332 
349  117 
350  337 
350  233 
350  290 
350  40 
351  180 
351  61 
351  327 
351  57 
352  57 
352  322 
352  63 
352  148 
353  326 
353  167 
353  312 
353  135 
354  20 
354  129 
354  303 
354  16 
355  20 
355  22 
355  170 
355  13 
356  328 
356  197 
356  159 
356  14 
357  353 
357  10 
357  66 
357  317 
358  175 
358  37 
358  203 
358  65 
359  138 
359  28 
359  44 
359  301 
360  298 
360  166 
360  332 
360  85 
361  34 
361  310 
361  279 
361  232 
362  217 
362  172 
362  313 
362  190 
363  227 
363  74 
363  244 
363  172 
364  259 
364  211 
364  128 
364  6 
365  164 
365  218 
365  294 
365  356 
366  279 
366  215 
366  364 
366  148 
367  57 
367  70 
367  363 
367  310 
368  297 
368  178 
368  112 
368  11 
369  269 
369  33 
369  327 
369  296 
370  298 
370  361 
370  333 
370  140 
371  220 
371  190 
371  234 
371  363 
372  188 
372  74 
372  367 
372  10 
373  234 
373  230 
373  360 
373  283 
374  372 
374  174 
374  182 
374  118 
375  131 
375  17 
375  88 
375  103 
376  354 
376  289 
376  233 
376  133 
377  36 
377  366 
377  367 
377  118 
378  370 
378  289 
378  125 
378  60 
379  371 
379  242 
379  224 
379  6 
380  17 
380  357 
380  310 
380  126 
381  155 
381  94 
381  164 
381  95 
382  234 
382  104 
382  163 
382  192 
383  375 
383  163 
383  4 
383  125 
384  289 
384  202 
384  296 
384  224 
385  360 
385  215 
385  365 
385  101 
386  206 
386  383 
386  144 
386  258 
387  164 
387  327 
387  281 
387  145 
388  312 
388  248 
388  385 
388  147 
389  40 
389  45 
389  364 
389  125 
390  357 
390  25 
390  378 
390  327 
391  374 
391  202 
391  218 
391  164 
392  348 
392  256 
392  90 
392  239 
393  19 
393  372 
393  376 
393  381 
394  46 
394  19 
394  144 
394  381 
395  241 
395  381 
395  232 
395  296 
396  368 
396  364 
396  188 
396  235 
397  376 
397  245 
397  374 
397  387 
398  105 
398  120 
398  202 
398  248 
399  398 
399  153 
399  325 
399  242 
400  8 
400  332 
400  174 
400  39 
401  364 
401  66 
401  368 
401  20 
402  39 
402  110 
402  137 
402  88 
403  342 
403  388 
403  38 
403  53 
404  315 
404  363 
404  263 
404  357 
405  357 
405  375 
405  36 
405  74 
406  268 
406  381 
406  211 
406  371 
407  359 
407  205 
407  386 
407  338 
408  220 
408  403 
408  43 
408  26 
409  313 
409  180 
409  9 
409  91 
410  91 
410  66 
410  105 
410  122 
411  172 
411  369 
411  316 
411  252 
412  257 
412  52 
412  296 
412  410 
413  140 
413  47 
413  368 
413  409 
414  208 
414  240 
414  130 
414  269 
415  120 
415  50 
415  17 
415  37 
416  409 
416  152 
416  243 
416  100 
417  235 
417  408 
417  118 
417  75 
418  158 
418  106 
418  163 
418  173 
419  295 
419  287 
419  79 
419  398 
420  98 
420  39 
420  58 
420  147 
421  235 
421  409 
421  166 
421  52 
422  24 
422  321 
422  134 
422  356 
423  310 
423  98 
423  235 
423  330 
424  165 
424  348 
424  361 
424  175 
425  357 
425  364 
425  171 
425  319 
426  137 
426  88 
426  109 
426  252 
427  391 
427  175 
427  416 
427  102 
428  27 
428  404 
428  233 
428  15 
429  428 
429  17 
429  271 
429  323 
430  414 
430  287 
430  171 
430  423 
431  294 
431  188 
431  391 
431  101 
432  208 
432  188 
432  414 
432  429 
433  171 
433  14 
433  157 
433  395 
434  165 
434  307 
434  208 
434  360 
435  385 
435  6 
435  113 
435  431 
436  64 
436  233 
436  239 
436  81 
437  373 
437  342 
437  78 
437  432 
438  335 
438  368 
438  380 
438  302 
439  127 
439  433 
439  57 
439  98 
440  60 
440  417 
440  235 
440  68 
441  353 
441  429 
441  175 
441  307 
442  381 
442  312 
442  157 
442  126 
443  327 
443  70 
443  296 
443  149 
444  36 
444  159 
444  33 
444  437 
445  311 
445  442 
445  376 
445  277 
446  99 
446  435 
446  191 
446  412 
447  32 
447  358 
447  64 
447  82 
448  423 
448  431 
448  198 
448  318 
449  404 
449  56 
449  435 
449  11 
450  320 
450  178 
450  123 
450  438 
451  111 
451  373 
451  233 
451  52 
452  6 
452  396 
452  409 
452  111 
453  87 
453  205 
453  128 
453  434 
454  426 
454  434 
454  239 
454  320 
455  287 
455  11 
455  303 
455  417 
456  105 
456  436 
456  244 
456  168 
457  442 
457  328 
457  84 
457  277 
458  381 
458  61 
458  289 
458  287 
459  102 
459  233 
459  9 
459  16 
460  454 
460  128 
460  296 
460  241 
461  447 
461  361 
461  133 
461  272 
462  416 
462  445 
462  240 
462  343 
463  57 
463  209 
463  19 
463  240 
464  240 
464  89 
464  367 
464  272 
465  424 
465  404 
465  325 
465  253 
466  58 
466  239 
466  465 
466  30 
467  19 
467  154 
467  306 
467  308 
468  201 
468  52 
468  210 
468  230 
469  378 
469  299 
469  98 
469  302 
470  181 
470  459 
470  333 
470  82 
471  468 
471  198 
471  217 
471  234 
472  229 
472  468 
472  97 
472  100 
473  23 
473  178 
473  381 
473  433 
474  209 
474  464 
474  148 
474  207 
475  129 
475  166 
475  405 
475  335 
476  97 
476  149 
476  58 
476  475 
477  365 
477  173 
477  169 
477  377 
478  216 
478  335 
478  73 
478  277 
479  76 
479  474 
479  296 
479  295 
480  67 
480  432 
480  277 
480  469 
481  378 
481  464 
481  387 
481  468 
482  41 
482  100 
482  240 
482  59 
483  36 
483  239 
483  200 
483  436 
484  315 
484  258 
484  65 
484  36 
485  481 
485  239 
485  403 
485  203 
486  463 
486  336 
486  142 
486  467 
487  63 
487  41 
487  432 
487  229 
488  11 
488  188 
488  440 
488  467 
489  475 
489  339 
489  347 
489  293 
490  185 
490  336 
490  467 
490  474 
491  413 
491  475 
491  255 
491  245 
492  489 
492  440 
492  453 
492  328 
493  122 
493  475 
493  199 
493  41 
494  346 
494  64 
494  387 
494  323 
495  20 
495  369 
495  340 
495  468 
496  381 
496  294 
496  357 
496  295 
497  119 
497  350 
497  405 
497  494 
498  482 
498  329 
498  345 
498  459 
499  73 
499  334 
499  468 
499  222 
500  359 
500  461 
500  349 
500  397 
501  59 
501  31 
501  359 
501  182 
502  449 
502  324 
502  39 
502  130 
503  243 
503  475 
503  36 
503  313 
504  442 
504  293 
504  278 
504  329 
505  333 
505  93 
505  251 
505  267 
506  475 
506  339 
506  277 
506  435 
507  335 
507  292 
507  485 
507  353 
508  317 
508  368 
508  459 
508  35 
509  65 
509  384 
509  148 
509  279 
510  412 
510  463 
510  147 
510  234 
511  503 
511  118 
511  252 
511  201 
512  417 
512  393 
512  157 
512  277 
513  226 
513  489 
513  447 
513  266 
514  289 
514  50 
514  383 
514  363 
515  35 
515  157 
515  165 
515  100 
516  266 
516  512 
516  330 
516  61 
517  314 
517  20 
517  392 
517  516 
518  409 
518  432 
518  445 
518  25 
519  236 
519  153 
519  168 
519  209 
520  452 
520  303 
520  490 
520  345 
521  334 
521  168 
521  217 
521  185 
522  16 
522  122 
522  355 
522  364 
523  511 
523  370 
523  165 
523  103 
524  401 
524  373 
524  95 
524  287 
525  374 
525  315 
525  253 
525  74 
526  152 
526  30 
526  184 
526  108 
527  112 
527  400 
527  76 
527  240 
528  62 
528  284 
528  150 
528  103 
529  311 
529  215 
529  526 
529  393 
530  444 
530  43 
530  461 
530  207 
531  276 
531  518 
531  183 
531  252 
532  351 
532  464 
532  355 
532  529 
533  509 
533  517 
533  403 
533  122 
534  52 
534  515 
534  405 
534  368 
535  295 
535  43 
535  274 
535  302 
536  509 
536  185 
536  226 
536  347 
537  210 
537  406 
537  108 
537  268 
538  528 
538  361 
538  84 
538  505 
539  45 
539  535 
539  538 
539  210 
540  472 
540  386 
540  516 
540  431 
541  289 
541  464 
541  150 
541  140 
542  469 
542  252 
542  503 
542  330 
543  529 
543  509 
543  447 
543  234 
544  249 
544  364 
544  489 
544  151 
545  314 
545  393 
545  476 
545  310 
546  529 
546  262 
546  79 
546  142 
547  380 
547  509 
547  383 
547  364 
548  516 
548  55 
548  237 
548  511 
549  537 
549  244 
549  153 
549  366 
550  216 
550  512 
550  288 
550  470 
551  279 
551  48 
551  183 
551  531 
552  431 
552  521 
552  288 
552  522 
553  527 
553  269 
553  549 
553  380 
554  111 
554  109 
554  550 
554  357 
555  87 
555  152 
555  94 
555  236 
556  388 
556  452 
556  392 
556  72 
557  92 
557  210 
557  452 
557  331 
558  47 
558  522 
558  393 
558  364 
 

