1  2 
1  3 
1  4 
1  5 
1  6 
1  7 
1  8 
1  9 
1  10 
2  3 
2  4 
2  5 
2  6 
2  7 
2  8 
2  9 
2  10 
3  4 
3  5 
3  6 
3  7 
3  8 
3  9 
3  10 
4  5 
4  6 
4  7 
4  8 
4  9 
4  10 
5  6 
5  7 
5  8 
5  9 
5  10 
6  7 
6  8 
6  9 
6  10 
7  8 
7  9 
7  10 
8  9 
8  10 
9  10 
11  9 
11  10 
11  3 
11  6 
12  4 
12  9 
12  7 
12  6 
13  11 
13  6 
13  10 
13  8 
14  11 
14  9 
14  5 
14  6 
15  3 
15  7 
15  4 
15  5 
16  1 
16  7 
16  6 
16  14 
17  6 
17  2 
17  8 
17  4 
18  4 
18  9 
18  13 
18  11 
19  16 
19  6 
19  14 
19  15 
20  10 
20  9 
20  12 
20  2 
21  1 
21  19 
21  4 
21  8 
22  1 
22  8 
22  17 
22  21 
23  13 
23  14 
23  3 
23  21 
24  4 
24  14 
24  1 
24  12 
25  17 
25  3 
25  1 
25  14 
26  5 
26  2 
26  11 
26  21 
27  5 
27  2 
27  14 
27  1 
28  24 
28  1 
28  14 
28  10 
29  6 
29  1 
29  3 
29  17 
30  22 
30  10 
30  12 
30  3 
31  4 
31  2 
31  29 
31  27 
32  30 
32  7 
32  6 
32  26 
33  3 
33  8 
33  4 
33  27 
34  10 
34  33 
34  17 
34  19 
35  14 
35  7 
35  12 
35  11 
36  10 
36  9 
36  27 
36  24 
37  3 
37  21 
37  31 
37  6 
38  3 
38  33 
38  1 
38  8 
39  4 
39  3 
39  26 
39  29 
40  4 
40  2 
40  30 
40  15 
41  31 
41  28 
41  12 
41  15 
42  10 
42  2 
42  4 
42  1 
43  2 
43  29 
43  18 
43  7 
44  40 
44  26 
44  27 
44  4 
45  2 
45  32 
45  5 
45  24 
46  18 
46  6 
46  2 
46  42 
47  3 
47  38 
47  40 
47  8 
48  19 
48  1 
48  10 
48  2 
49  27 
49  43 
49  35 
49  18 
50  27 
50  4 
50  2 
50  10 
51  31 
51  3 
51  30 
51  43 
52  20 
52  36 
52  40 
52  30 
53  7 
53  45 
53  3 
53  8 
54  53 
54  2 
54  29 
54  18 
55  9 
55  36 
55  30 
55  2 
56  13 
56  29 
56  45 
56  41 
57  35 
57  50 
57  12 
57  6 
58  12 
58  18 
58  45 
58  37 
59  36 
59  12 
59  55 
59  41 
60  2 
60  4 
60  34 
60  18 
61  4 
61  9 
61  46 
61  50 
62  3 
62  1 
62  37 
62  40 
63  31 
63  3 
63  17 
63  41 
64  18 
64  37 
64  32 
64  17 
65  8 
65  52 
65  18 
65  1 
66  44 
66  49 
66  9 
66  1 
67  5 
67  41 
67  49 
67  40 
68  53 
68  15 
68  67 
68  9 
69  53 
69  8 
69  11 
69  3 
70  18 
70  3 
70  8 
70  29 
71  13 
71  8 
71  2 
71  21 
72  20 
72  9 
72  46 
72  8 
73  40 
73  12 
73  57 
73  8 
74  23 
74  31 
74  24 
74  9 
75  66 
75  25 
75  41 
75  38 
76  25 
76  8 
76  9 
76  10 
77  51 
77  9 
77  14 
77  10 
78  36 
78  14 
78  25 
78  56 
79  39 
79  65 
79  16 
79  2 
80  22 
80  66 
80  39 
80  9 
81  67 
81  23 
81  11 
81  37 
82  27 
82  67 
82  42 
82  12 
83  9 
83  67 
83  13 
83  6 
84  27 
84  38 
84  69 
84  54 
85  75 
85  11 
85  71 
85  24 
86  43 
86  37 
86  82 
86  44 
87  20 
87  14 
87  68 
87  50 
88  3 
88  66 
88  6 
88  53 
89  1 
89  61 
89  23 
89  5 
90  4 
90  52 
90  86 
90  16 
91  5 
91  88 
91  83 
91  66 
92  18 
92  21 
92  28 
92  7 
93  69 
93  6 
93  70 
93  53 
94  10 
94  76 
94  5 
94  59 
95  11 
95  34 
95  9 
95  5 
96  2 
96  83 
96  85 
96  35 
97  21 
97  4 
97  12 
97  82 
98  5 
98  28 
98  43 
98  81 
99  98 
99  46 
99  8 
99  12 
100  45 
100  82 
100  10 
100  41 
101  7 
101  6 
101  17 
101  85 
102  41 
102  8 
102  79 
102  6 
103  25 
103  12 
103  24 
103  37 
104  10 
104  55 
104  62 
104  76 
105  79 
105  2 
105  9 
105  1 
106  4 
106  1 
106  7 
106  28 
107  13 
107  94 
107  58 
107  5 
108  48 
108  4 
108  7 
108  8 
109  46 
109  73 
109  5 
109  4 
110  41 
110  18 
110  9 
110  85 
111  35 
111  12 
111  58 
111  99 
112  2 
112  26 
112  60 
112  46 
113  3 
113  1 
113  29 
113  5 
114  61 
114  10 
114  2 
114  20 
115  7 
115  11 
115  17 
115  29 
116  29 
116  9 
116  73 
116  42 
117  12 
117  75 
117  1 
117  92 
118  4 
118  50 
118  9 
118  109 
119  1 
119  6 
119  50 
119  3 
120  2 
120  23 
120  39 
120  5 
121  12 
121  35 
121  97 
121  61 
122  8 
122  5 
122  24 
122  12 
123  37 
123  11 
123  58 
123  33 
124  64 
124  82 
124  15 
124  121 
125  17 
125  73 
125  25 
125  18 
126  3 
126  17 
126  46 
126  57 
127  81 
127  56 
127  9 
127  55 
128  98 
128  8 
128  103 
128  74 
129  28 
129  9 
129  5 
129  50 
130  67 
130  12 
130  35 
130  83 
131  26 
131  77 
131  30 
131  9 
132  29 
132  5 
132  83 
132  8 
133  37 
133  25 
133  94 
133  3 
134  51 
134  27 
134  49 
134  18 
135  82 
135  63 
135  47 
135  7 
136  57 
136  32 
136  2 
136  59 
137  40 
137  56 
137  89 
137  83 
138  30 
138  57 
138  3 
138  5 
139  126 
139  18 
139  4 
139  123 
140  103 
140  110 
140  20 
140  3 
141  6 
141  9 
141  133 
141  10 
142  32 
142  17 
142  113 
142  135 
143  91 
143  10 
143  2 
143  8 
144  1 
144  66 
144  69 
144  17 
145  6 
145  73 
145  66 
145  1 
146  8 
146  2 
146  1 
146  124 
147  82 
147  21 
147  39 
147  18 
148  12 
148  20 
148  114 
148  9 
149  42 
149  18 
149  37 
149  71 
150  91 
150  18 
150  60 
150  39 
151  37 
151  2 
151  11 
151  85 
152  7 
152  1 
152  74 
152  51 
153  149 
153  2 
153  4 
153  80 
154  8 
154  11 
154  1 
154  150 
155  94 
155  136 
155  29 
155  15 
156  11 
156  40 
156  3 
156  90 
157  58 
157  154 
157  3 
157  82 
158  9 
158  24 
158  5 
158  120 
159  133 
159  108 
159  9 
159  15 
160  76 
160  6 
160  40 
160  4 
161  15 
161  24 
161  33 
161  43 
162  28 
162  83 
162  12 
162  52 
163  110 
163  5 
163  102 
163  162 
164  3 
164  8 
164  141 
164  147 
165  164 
165  1 
165  109 
165  82 
166  139 
166  9 
166  83 
166  31 
167  93 
167  79 
167  136 
167  146 
168  12 
168  40 
168  43 
168  67 
169  8 
169  24 
169  115 
169  147 
170  43 
170  59 
170  27 
170  159 
171  6 
171  139 
171  10 
171  21 
172  19 
172  6 
172  14 
172  11 
173  48 
173  46 
173  153 
173  89 
174  149 
174  33 
174  74 
174  3 
175  35 
175  96 
175  24 
175  80 
176  98 
176  137 
176  5 
176  57 
177  88 
177  60 
177  130 
177  29 
178  56 
178  161 
178  7 
178  104 
179  160 
179  67 
179  10 
179  47 
180  8 
180  4 
180  117 
180  2 
181  123 
181  71 
181  18 
181  6 
182  7 
182  18 
182  131 
182  171 
183  9 
183  5 
183  10 
183  34 
184  119 
184  30 
184  17 
184  177 
185  1 
185  12 
185  9 
185  109 
186  53 
186  4 
186  8 
186  114 
187  9 
187  3 
187  4 
187  130 
188  18 
188  138 
188  12 
188  2 
189  11 
189  7 
189  4 
189  35 
190  25 
190  14 
190  107 
190  92 
191  81 
191  14 
191  164 
191  187 
192  4 
192  87 
192  109 
192  37 
193  20 
193  44 
193  57 
193  68 
194  8 
194  3 
194  18 
194  93 
195  87 
195  143 
195  123 
195  3 
196  2 
196  58 
196  5 
196  191 
197  6 
197  34 
197  38 
197  4 
198  3 
198  33 
198  5 
198  24 
199  144 
199  84 
199  114 
199  91 
200  178 
200  34 
200  54 
200  29 
1  201 
1  202 
1  203 
1  204 
1  205 
2  201 
2  206 
2  202 
2  205 
2  207 
3  201 
3  203 
3  204 
4  206 
4  205 
5  202 
6  202 
6  203 
6  204 
6  205 
6  207 
6  208 
7  206 
7  202 
7  208 
8  206 
8  202 
8  203 
8  205 
8  208 
9  205 
10  206 
11  206 
11  202 
11  207 
12  201 
12  206 
12  203 
12  208 
13  202 
13  207 
13  208 
14  202 
14  204 
14  205 
14  207 
15  201 
15  206 
15  202 
15  203 
15  204 
15  205 
15  208 
16  202 
16  203 
16  207 
16  208 
17  204 
17  205 
17  207 
17  208 
18  201 
18  206 
18  203 
18  204 
18  207 
18  208 
19  201 
19  202 
19  207 
19  208 
20  201 
20  203 
20  205 
20  207 
20  208 
21  206 
21  202 
21  204 
21  207 
22  206 
22  202 
22  203 
22  205 
23  201 
23  205 
23  208 
24  206 
24  202 
24  203 
24  204 
25  201 
25  206 
25  205 
25  207 
26  201 
26  206 
26  203 
26  205 
26  208 
27  206 
27  202 
27  205 
27  207 
27  208 
28  204 
28  205 
29  201 
29  206 
29  203 
30  201 
30  206 
30  202 
30  204 
30  207 
31  203 
31  204 
31  205 
31  207 
31  208 
32  206 
32  203 
32  205 
32  207 
32  208 
33  206 
33  203 
33  208 
34  202 
34  203 
34  204 
35  206 
35  204 
35  208 
36  206 
36  204 
36  207 
37  202 
37  203 
37  204 
37  205 
38  201 
38  204 
38  205 
38  207 
39  201 
39  205 
40  201 
40  202 
40  203 
40  205 
41  201 
41  206 
41  202 
41  204 
41  205 
42  201 
42  204 
42  207 
43  206 
43  202 
43  203 
43  207 
43  208 
44  206 
44  202 
44  203 
44  204 
44  207 
45  202 
45  203 
45  205 
46  206 
46  202 
46  204 
46  208 
47  202 
47  203 
47  204 
47  208 
48  202 
48  203 
48  205 
48  207 
48  208 
49  201 
49  202 
49  203 
49  207 
50  206 
50  202 
50  204 
50  205 
50  207 
50  208 
201  206 
206  202 
202  203 
203  204 
204  205 
205  207 
207  208 
201  202 
201  203 
201  204 
201  207 
206  203 
206  207 
202  205 
202  207 
203  205 
203  207 
204  206 
205  206 
208  201 
208  202 
208  204 
209  205 
209  92 
209  33 
209  169 
210  143 
210  45 
210  183 
210  174 
211  15 
211  183 
211  53 
211  69 
212  55 
212  51 
212  60 
212  211 
213  78 
213  26 
213  209 
213  199 
214  212 
214  208 
214  91 
214  58 
215  176 
215  209 
215  43 
215  107 
216  154 
216  92 
216  153 
216  198 
217  99 
217  32 
217  213 
217  33 
218  177 
218  157 
218  163 
218  14 
219  161 
219  215 
219  127 
219  47 
220  209 
220  22 
220  76 
220  164 
221  209 
221  5 
221  214 
221  26 
222  214 
222  129 
222  80 
222  8 
223  43 
223  117 
223  52 
223  92 
224  113 
224  78 
224  220 
224  211 
225  20 
225  199 
225  18 
225  209 
226  225 
226  24 
226  26 
226  199 
227  191 
227  165 
227  175 
227  187 
228  83 
228  157 
228  161 
228  156 
229  214 
229  95 
229  140 
229  27 
230  162 
230  163 
230  126 
230  26 
231  219 
231  156 
231  204 
231  107 
232  18 
232  175 
232  120 
232  53 
233  12 
233  231 
233  167 
233  48 
234  89 
234  53 
234  210 
234  58 
235  167 
235  233 
235  214 
235  203 
236  220 
236  27 
236  213 
236  211 
237  214 
237  217 
237  47 
237  226 
238  217 
238  73 
238  183 
238  152 
239  18 
239  226 
239  50 
239  231 
240  220 
240  22 
240  239 
240  26 
241  198 
241  226 
241  26 
241  233 
242  22 
242  34 
242  11 
242  191 
243  55 
243  207 
243  130 
243  135 
244  37 
244  101 
244  18 
244  45 
245  106 
245  5 
245  92 
245  1 
246  198 
246  104 
246  227 
246  50 
247  80 
247  212 
247  232 
247  178 
248  197 
248  224 
248  150 
248  226 
249  214 
249  18 
249  247 
249  33 
250  224 
250  219 
250  107 
250  145 
251  213 
251  94 
251  44 
251  135 
252  219 
252  245 
252  78 
252  249 
253  176 
253  177 
253  5 
253  215 
254  245 
254  101 
254  243 
254  12 
255  125 
255  213 
255  199 
255  50 
256  203 
256  163 
256  226 
256  160 
257  73 
257  244 
257  243 
257  253 
258  214 
258  234 
258  32 
258  208 
259  184 
259  124 
259  29 
259  38 
260  125 
260  150 
260  76 
260  249 
261  107 
261  192 
261  64 
261  104 
262  196 
262  107 
262  65 
262  259 
263  80 
263  204 
263  104 
263  234 
264  187 
264  49 
264  99 
264  146 
265  104 
265  45 
265  112 
265  37 
266  262 
266  240 
266  27 
266  259 
267  183 
267  261 
267  262 
267  192 
268  164 
268  125 
268  213 
268  206 
269  23 
269  145 
269  189 
269  121 
270  95 
270  158 
270  117 
270  142 
271  213 
271  194 
271  207 
271  268 
272  57 
272  234 
272  78 
272  42 
273  269 
273  101 
273  216 
273  262 
274  259 
274  63 
274  53 
274  156 
275  132 
275  94 
275  263 
275  29 
276  164 
276  96 
276  45 
276  221 
277  234 
277  157 
277  161 
277  46 
278  39 
278  206 
278  232 
278  273 
279  61 
279  278 
279  269 
279  57 
280  155 
280  107 
280  158 
280  87 
281  49 
281  276 
281  268 
281  147 
282  221 
282  61 
282  275 
282  77 
283  266 
283  66 
283  163 
283  95 
284  215 
284  155 
284  87 
284  222 
285  141 
285  276 
285  51 
285  125 
286  272 
286  240 
286  124 
286  165 
287  262 
287  138 
287  5 
287  267 
288  115 
288  63 
288  65 
288  27 
289  48 
289  284 
289  273 
289  282 
290  27 
290  104 
290  93 
290  92 
291  140 
291  41 
291  267 
291  290 
292  179 
292  157 
292  138 
292  98 
293  96 
293  267 
293  228 
293  95 
294  63 
294  240 
294  206 
294  264 
295  90 
295  267 
295  284 
295  195 
296  96 
296  29 
296  104 
296  266 
297  273 
297  198 
297  262 
297  284 
298  203 
298  274 
298  290 
298  47 
299  189 
299  104 
299  53 
299  98 
300  124 
300  288 
300  157 
300  208 
301  25 
301  242 
301  285 
301  48 
302  110 
302  284 
302  13 
302  282 
303  170 
303  261 
303  270 
303  272 
304  260 
304  275 
304  282 
304  49 
305  6 
305  285 
305  87 
305  216 
306  296 
306  176 
306  277 
306  267 
307  157 
307  272 
307  281 
307  288 
308  48 
308  295 
308  216 
308  232 
 

