1  2 
1  3 
1  4 
1  5 
1  6 
1  7 
1  8 
1  9 
1  10 
2  3 
2  4 
2  5 
2  6 
2  7 
2  8 
2  9 
2  10 
3  4 
3  5 
3  6 
3  7 
3  8 
3  9 
3  10 
4  5 
4  6 
4  7 
4  8 
4  9 
4  10 
5  6 
5  7 
5  8 
5  9 
5  10 
6  7 
6  8 
6  9 
6  10 
7  8 
7  9 
7  10 
8  9 
8  10 
9  10 
11  1 
11  3 
11  7 
11  4 
12  1 
12  2 
12  6 
12  10 
13  3 
13  5 
13  6 
13  2 
14  2 
14  3 
14  10 
14  1 
15  8 
15  9 
15  14 
15  6 
16  4 
16  8 
16  5 
16  7 
17  14 
17  11 
17  10 
17  6 
18  2 
18  5 
18  8 
18  4 
19  8 
19  7 
19  1 
19  9 
20  3 
20  4 
20  5 
20  9 
21  7 
21  1 
21  14 
21  19 
22  16 
22  13 
22  3 
22  8 
23  8 
23  2 
23  13 
23  16 
24  9 
24  12 
24  5 
24  13 
25  4 
25  20 
25  17 
25  2 
26  9 
26  1 
26  14 
26  3 
27  7 
27  8 
27  6 
27  22 
28  13 
28  5 
28  14 
28  4 
29  10 
29  3 
29  7 
29  9 
30  13 
30  2 
30  1 
30  7 
31  2 
31  16 
31  30 
31  1 
32  9 
32  25 
32  31 
32  6 
33  3 
33  5 
33  9 
33  8 
34  1 
34  27 
34  7 
34  3 
35  13 
35  8 
35  25 
35  1 
36  13 
36  4 
36  1 
36  7 
37  3 
37  7 
37  1 
37  30 
38  5 
38  12 
38  7 
38  36 
39  1 
39  7 
39  8 
39  15 
40  16 
40  14 
40  10 
40  33 
41  9 
41  8 
41  32 
41  1 
42  4 
42  20 
42  1 
42  19 
43  16 
43  6 
43  34 
43  9 
44  20 
44  16 
44  38 
44  39 
45  2 
45  8 
45  3 
45  15 
46  13 
46  29 
46  1 
46  10 
47  1 
47  30 
47  8 
47  40 
48  3 
48  17 
48  8 
48  25 
49  42 
49  40 
49  43 
49  14 
50  10 
50  35 
50  49 
50  5 
51  14 
51  4 
51  16 
51  37 
52  2 
52  51 
52  10 
52  9 
53  8 
53  13 
53  2 
53  39 
54  6 
54  50 
54  48 
54  30 
55  45 
55  6 
55  36 
55  49 
56  39 
56  10 
56  33 
56  7 
57  48 
57  7 
57  40 
57  42 
58  1 
58  33 
58  18 
58  7 
59  5 
59  22 
59  1 
59  3 
60  31 
60  17 
60  55 
60  2 
61  55 
61  36 
61  8 
61  9 
62  27 
62  12 
62  10 
62  45 
63  11 
63  30 
63  35 
63  2 
64  56 
64  26 
64  7 
64  4 
65  15 
65  1 
65  3 
65  4 
66  56 
66  16 
66  5 
66  39 
67  2 
67  41 
67  31 
67  50 
68  8 
68  42 
68  5 
68  43 
69  14 
69  7 
69  22 
69  30 
70  47 
70  41 
70  51 
70  3 
71  42 
71  32 
71  30 
71  31 
72  64 
72  17 
72  8 
72  71 
73  8 
73  10 
73  69 
73  6 
74  10 
74  29 
74  24 
74  59 
75  44 
75  25 
75  14 
75  40 
76  11 
76  7 
76  8 
76  5 
77  16 
77  47 
77  6 
77  3 
78  10 
78  42 
78  43 
78  17 
79  4 
79  42 
79  50 
79  2 
80  23 
80  25 
80  1 
80  12 
81  40 
81  44 
81  10 
81  12 
82  36 
82  8 
82  40 
82  77 
83  30 
83  52 
83  9 
83  10 
84  75 
84  45 
84  6 
84  14 
85  1 
85  50 
85  16 
85  33 
86  43 
86  10 
86  8 
86  50 
87  59 
87  32 
87  45 
87  78 
88  6 
88  8 
88  67 
88  12 
89  43 
89  34 
89  28 
89  42 
90  41 
90  74 
90  39 
90  8 
91  3 
91  6 
91  36 
91  26 
92  12 
92  39 
92  2 
92  91 
93  36 
93  29 
93  88 
93  47 
94  6 
94  40 
94  8 
94  38 
95  36 
95  2 
95  80 
95  87 
96  7 
96  8 
96  25 
96  77 
97  82 
97  19 
97  42 
97  3 
98  8 
98  95 
98  81 
98  6 
99  40 
99  5 
99  1 
99  66 
100  7 
100  36 
100  6 
100  73 
101  93 
101  82 
101  7 
101  2 
102  5 
102  9 
102  42 
102  44 
103  14 
103  33 
103  11 
103  4 
104  8 
104  67 
104  35 
104  40 
105  8 
105  11 
105  81 
105  98 
106  1 
106  69 
106  51 
106  49 
107  37 
107  6 
107  73 
107  44 
108  40 
108  100 
108  83 
108  31 
109  25 
109  68 
109  69 
109  1 
110  4 
110  7 
110  75 
110  21 
111  26 
111  40 
111  1 
111  35 
112  28 
112  25 
112  17 
112  80 
113  25 
113  80 
113  18 
113  1 
114  25 
114  29 
114  8 
114  15 
115  25 
115  2 
115  7 
115  108 
116  19 
116  30 
116  18 
116  33 
117  65 
117  77 
117  7 
117  50 
118  2 
118  6 
118  70 
118  113 
119  6 
119  91 
119  9 
119  117 
120  98 
120  42 
120  9 
120  1 
121  62 
121  77 
121  97 
121  8 
122  6 
122  64 
122  13 
122  48 
123  18 
123  88 
123  33 
123  10 
124  64 
124  105 
124  58 
124  4 
125  4 
125  3 
125  8 
125  38 
126  54 
126  7 
126  112 
126  59 
127  44 
127  7 
127  36 
127  1 
128  10 
128  75 
128  114 
128  9 
129  42 
129  112 
129  38 
129  58 
130  50 
130  51 
130  60 
130  7 
131  29 
131  40 
131  30 
131  10 
132  82 
132  20 
132  26 
132  7 
133  5 
133  132 
133  30 
133  8 
134  8 
134  4 
134  42 
134  71 
135  11 
135  113 
135  9 
135  68 
136  39 
136  98 
136  10 
136  40 
137  131 
137  30 
137  108 
137  99 
138  40 
138  130 
138  4 
138  122 
139  43 
139  12 
139  93 
139  7 
140  37 
140  18 
140  121 
140  11 
141  83 
141  20 
141  95 
141  62 
142  76 
142  9 
142  92 
142  85 
143  65 
143  3 
143  54 
143  6 
144  140 
144  8 
144  13 
144  107 
145  10 
145  35 
145  14 
145  4 
146  20 
146  2 
146  6 
146  7 
147  35 
147  121 
147  1 
147  145 
148  34 
148  4 
148  113 
148  92 
149  91 
149  78 
149  98 
149  44 
150  1 
150  77 
150  49 
150  96 
151  16 
151  49 
151  4 
151  53 
152  8 
152  3 
152  120 
152  118 
153  10 
153  152 
153  111 
153  18 
154  8 
154  17 
154  86 
154  9 
155  148 
155  10 
155  78 
155  131 
156  149 
156  128 
156  8 
156  88 
157  55 
157  10 
157  80 
157  98 
158  9 
158  95 
158  6 
158  48 
159  32 
159  16 
159  7 
159  1 
160  51 
160  124 
160  112 
160  17 
161  29 
161  40 
161  104 
161  31 
162  61 
162  35 
162  19 
162  5 
163  35 
163  127 
163  6 
163  80 
164  1 
164  123 
164  10 
164  73 
165  21 
165  141 
165  11 
165  8 
166  40 
166  22 
166  155 
166  126 
167  79 
167  33 
167  35 
167  132 
168  5 
168  47 
168  87 
168  57 
169  21 
169  36 
169  115 
169  61 
170  41 
170  29 
170  106 
170  44 
171  7 
171  9 
171  4 
171  136 
172  105 
172  161 
172  15 
172  152 
173  34 
173  31 
173  48 
173  39 
174  39 
174  130 
174  5 
174  76 
175  152 
175  112 
175  8 
175  32 
176  104 
176  40 
176  96 
176  11 
177  47 
177  70 
177  8 
177  131 
178  164 
178  15 
178  167 
178  123 
179  111 
179  10 
179  102 
179  35 
180  49 
180  81 
180  178 
180  58 
181  3 
181  5 
181  70 
181  47 
182  2 
182  17 
182  125 
182  82 
183  143 
183  4 
183  21 
183  35 
184  4 
184  64 
184  140 
184  176 
185  70 
185  165 
185  140 
185  3 
186  12 
186  135 
186  40 
186  155 
187  71 
187  86 
187  34 
187  35 
188  88 
188  125 
188  29 
188  128 
189  83 
189  45 
189  41 
189  138 
190  104 
190  131 
190  133 
190  7 
191  6 
191  33 
191  59 
191  7 
192  18 
192  46 
192  1 
192  83 
193  125 
193  8 
193  141 
193  6 
194  82 
194  189 
194  18 
194  9 
195  42 
195  41 
195  8 
195  6 
196  140 
196  128 
196  187 
196  4 
197  181 
197  186 
197  123 
197  39 
198  46 
198  21 
198  77 
198  24 
199  10 
199  147 
199  5 
199  54 
200  135 
200  83 
200  40 
200  45 
1  201 
1  202 
1  203 
1  204 
2  202 
2  205 
2  203 
2  206 
2  207 
3  201 
3  208 
3  206 
3  207 
3  204 
4  202 
4  205 
4  203 
4  206 
4  204 
5  208 
5  205 
5  203 
5  206 
5  207 
6  201 
6  202 
6  207 
7  201 
7  206 
7  204 
8  202 
8  205 
8  207 
9  202 
9  208 
9  207 
9  204 
10  201 
10  202 
10  205 
10  204 
11  208 
11  205 
11  203 
12  208 
12  206 
12  204 
13  202 
13  207 
14  203 
15  208 
15  205 
16  201 
16  208 
16  203 
16  206 
17  201 
17  202 
17  208 
17  203 
17  204 
18  205 
18  203 
18  207 
19  202 
19  208 
19  205 
19  207 
19  204 
20  202 
20  208 
20  203 
20  207 
20  204 
21  205 
21  203 
21  206 
21  204 
22  201 
22  202 
22  206 
22  207 
22  204 
23  202 
23  208 
23  205 
23  206 
23  207 
24  208 
24  203 
24  207 
24  204 
25  201 
25  202 
25  208 
25  205 
25  203 
25  206 
25  204 
26  202 
26  203 
27  202 
27  208 
27  205 
27  203 
27  206 
27  207 
28  202 
28  208 
28  207 
29  201 
29  208 
29  205 
29  203 
29  204 
30  208 
30  203 
30  207 
31  206 
31  204 
32  201 
32  205 
32  203 
32  206 
32  207 
32  204 
33  205 
33  203 
33  207 
33  204 
34  201 
34  202 
34  205 
34  207 
35  202 
35  207 
35  204 
36  201 
36  208 
36  204 
37  208 
37  207 
38  201 
38  202 
38  208 
38  205 
38  206 
38  207 
39  208 
39  203 
40  201 
40  208 
40  205 
40  207 
41  202 
41  205 
41  203 
41  204 
42  202 
42  205 
42  206 
42  207 
43  202 
43  206 
44  201 
44  208 
44  206 
44  204 
45  203 
45  207 
45  204 
46  208 
46  205 
46  203 
46  206 
46  204 
47  201 
47  205 
47  203 
47  206 
48  201 
48  208 
48  205 
48  206 
48  207 
48  204 
49  202 
49  208 
49  205 
49  203 
49  204 
50  202 
50  208 
50  205 
50  206 
201  202 
202  208 
208  205 
205  203 
203  206 
206  207 
207  204 
201  208 
201  205 
201  203 
202  205 
202  206 
208  203 
208  206 
208  207 
205  206 
205  207 
203  202 
206  201 
207  201 
207  203 
204  201 
204  202 
204  203 
51  202 
51  205 
51  203 
51  206 
52  201 
52  205 
52  206 
53  208 
53  205 
53  206 
53  207 
209  160 
209  97 
209  81 
209  77 
210  117 
210  48 
210  101 
210  65 
211  56 
211  167 
211  109 
211  151 
212  35 
212  173 
212  47 
212  175 
213  148 
213  108 
213  203 
213  23 
214  93 
214  152 
214  25 
214  66 
215  58 
215  151 
215  152 
215  45 
216  131 
216  215 
216  146 
216  3 
217  204 
217  211 
217  69 
217  216 
218  154 
218  213 
218  64 
218  141 
219  84 
219  161 
219  210 
219  55 
220  217 
220  21 
220  56 
220  148 
221  2 
221  37 
221  13 
221  109 
222  97 
222  107 
222  151 
222  56 
223  68 
223  145 
223  39 
223  2 
224  205 
224  220 
224  84 
224  215 
225  147 
225  42 
225  223 
225  216 
226  212 
226  87 
226  188 
226  221 
227  77 
227  142 
227  161 
227  63 
228  218 
228  59 
228  192 
228  75 
54  201 
54  208 
54  205 
54  203 
54  207 
55  201 
55  202 
55  205 
55  203 
55  206 
55  204 
56  202 
56  208 
56  203 
56  204 
57  205 
57  206 
57  207 
229  227 
229  87 
229  128 
229  196 
230  58 
230  95 
230  5 
230  222 
231  230 
231  100 
231  165 
231  93 
232  148 
232  36 
232  69 
232  114 
233  138 
233  218 
233  44 
233  172 
234  185 
234  170 
234  13 
234  44 
235  81 
235  233 
235  234 
235  44 
236  234 
236  128 
236  167 
236  123 
237  26 
237  114 
237  229 
237  81 
238  109 
238  51 
238  56 
238  15 
239  232 
239  57 
239  191 
239  124 
240  187 
240  127 
240  156 
240  237 
241  40 
241  200 
241  18 
241  91 
242  187 
242  233 
242  238 
242  101 
243  150 
243  109 
243  241 
243  198 
244  166 
244  69 
244  184 
244  232 
245  180 
245  138 
245  52 
245  142 
246  203 
246  101 
246  99 
246  229 
247  235 
247  4 
247  137 
247  237 
248  232 
248  8 
248  142 
248  217 
58  201 
58  202 
58  205 
58  203 
58  204 
59  203 
59  206 
59  207 
249  147 
249  197 
249  164 
249  174 
250  15 
250  8 
250  239 
250  213 
251  129 
251  237 
251  187 
251  151 
252  23 
252  91 
252  232 
252  220 
253  173 
253  13 
253  19 
253  1 
254  52 
254  179 
254  249 
254  252 
255  112 
255  58 
255  86 
255  5 
256  139 
256  73 
256  118 
256  232 
257  153 
257  255 
257  256 
257  86 
258  8 
258  226 
258  52 
258  227 
259  256 
259  251 
259  58 
259  150 
260  153 
260  144 
260  104 
260  23 
261  219 
261  259 
261  258 
261  29 
262  181 
262  173 
262  137 
262  154 
263  206 
263  51 
263  77 
263  35 
264  240 
264  53 
264  261 
264  237 
265  220 
265  58 
265  19 
265  110 
266  148 
266  250 
266  254 
266  260 
267  206 
267  232 
267  175 
267  52 
268  147 
268  58 
268  249 
268  65 
60  201 
60  202 
60  208 
60  205 
60  203 
61  201 
61  202 
61  205 
1  269 
4  269 
5  269 
8  269 
12  269 
13  269 
19  269 
21  269 
25  269 
26  269 
28  269 
34  269 
42  269 
46  269 
47  269 
49  269 
56  269 
58  269 
59  269 
208  204 
206  204 
269  202 
269  206 
270  130 
270  93 
270  170 
270  100 
271  198 
271  225 
271  82 
271  24 
272  9 
272  200 
272  226 
272  48 
273  83 
273  272 
273  48 
273  253 
274  138 
274  71 
274  200 
274  233 
275  4 
275  249 
275  192 
275  193 
276  30 
276  37 
276  225 
276  265 
277  183 
277  6 
277  43 
277  68 
278  36 
278  235 
278  120 
278  240 
279  86 
279  87 
279  117 
279  176 
280  87 
280  39 
280  196 
280  19 
281  138 
281  101 
281  211 
281  121 
282  97 
282  271 
282  230 
282  40 
283  118 
283  245 
283  183 
283  214 
284  188 
284  247 
284  53 
284  77 
285  225 
285  220 
285  6 
285  139 
286  102 
286  250 
286  228 
286  219 
287  68 
287  213 
287  230 
287  286 
288  281 
288  230 
288  141 
288  14 
289  242 
289  271 
289  154 
289  141 
62  208 
62  203 
62  206 
62  269 
63  201 
63  205 
63  269 
290  181 
290  274 
290  236 
290  171 
291  210 
291  273 
291  259 
291  236 
292  214 
292  113 
292  182 
292  98 
293  8 
293  191 
293  172 
293  279 
294  8 
294  28 
294  108 
294  11 
295  206 
295  175 
295  223 
295  204 
296  240 
296  26 
296  102 
296  288 
297  93 
297  104 
297  98 
297  111 
298  194 
298  74 
298  230 
298  104 
299  274 
299  115 
299  80 
299  217 
300  108 
300  152 
300  56 
300  249 
301  34 
301  19 
301  53 
301  186 
302  90 
302  252 
302  240 
302  243 
303  53 
303  301 
303  104 
303  4 
304  89 
304  197 
304  47 
304  240 
305  181 
305  205 
305  288 
305  239 
306  22 
306  304 
306  287 
306  172 
307  69 
307  290 
307  104 
307  138 
308  61 
308  277 
308  150 
308  186 
309  245 
309  109 
309  49 
309  216 
64  201 
64  269 
65  201 
65  202 
65  208 
65  207 
65  269 
310  236 
310  225 
310  95 
310  248 
311  9 
311  252 
311  239 
311  68 
312  118 
312  70 
312  78 
312  287 
313  202 
313  61 
313  153 
313  147 
314  219 
314  124 
314  229 
314  91 
315  260 
315  7 
315  283 
315  267 
316  303 
316  268 
316  217 
316  114 
317  292 
317  106 
317  135 
317  51 
318  101 
318  107 
318  305 
318  141 
319  242 
319  315 
319  313 
319  263 
320  319 
320  241 
320  283 
320  311 
321  115 
321  310 
321  113 
321  17 
322  234 
322  283 
322  51 
322  268 
323  141 
323  229 
323  85 
323  14 
324  41 
324  321 
324  132 
324  22 
325  78 
325  24 
325  321 
325  14 
326  41 
326  85 
326  91 
326  318 
327  29 
327  43 
327  318 
327  160 
328  313 
328  113 
328  319 
328  180 
329  131 
329  328 
329  118 
329  150 
66  201 
66  203 
66  206 
66  204 
66  269 
67  201 
67  206 
67  207 
67  204 
67  269 
68  206 
68  207 
68  204 
68  269 
330  92 
330  111 
330  36 
330  190 
331  201 
331  168 
331  40 
331  281 
332  71 
332  137 
332  52 
332  211 
333  260 
333  136 
333  36 
333  50 
334  291 
334  92 
334  186 
334  29 
335  30 
335  264 
335  309 
335  100 
336  64 
336  101 
336  80 
336  256 
337  214 
337  5 
337  207 
337  315 
338  48 
338  255 
338  68 
338  147 
339  30 
339  261 
339  69 
339  195 
340  208 
340  164 
340  9 
340  298 
341  49 
341  9 
341  201 
341  33 
342  8 
342  213 
342  308 
342  259 
343  259 
343  267 
343  295 
343  260 
344  64 
344  339 
344  315 
344  151 
345  216 
345  27 
345  213 
345  181 
346  344 
346  292 
346  64 
346  57 
347  183 
347  223 
347  14 
347  112 
348  312 
348  226 
348  244 
348  264 
349  312 
349  151 
349  299 
349  316 
69  202 
69  208 
69  205 
69  206 
69  207 
69  204 
69  269 
350  302 
350  77 
350  234 
350  121 
351  76 
351  85 
351  253 
351  191 
352  350 
352  12 
352  158 
352  115 
353  79 
353  219 
353  75 
353  151 
354  159 
354  287 
354  147 
354  138 
355  76 
355  79 
355  93 
355  231 
356  88 
356  235 
356  300 
356  109 
357  233 
357  76 
357  192 
357  330 
358  141 
358  290 
358  116 
358  79 
359  33 
359  242 
359  54 
359  205 
360  352 
360  30 
360  219 
360  4 
361  61 
361  139 
361  305 
361  76 
362  33 
362  27 
362  329 
362  318 
363  136 
363  156 
363  134 
363  282 
364  148 
364  356 
364  72 
364  139 
365  350 
365  111 
365  282 
365  141 
366  68 
366  283 
366  298 
366  287 
367  239 
367  182 
367  174 
367  116 
368  296 
368  24 
368  348 
368  220 
369  6 
369  41 
369  365 
369  50 
70  201 
70  204 
70  269 
71  201 
71  202 
71  205 
71  206 
71  207 
71  269 
72  202 
72  203 
72  206 
72  207 
72  204 
72  269 
73  202 
73  203 
73  207 
73  204 
73  269 
74  201 
74  206 
74  269 
370  255 
370  304 
370  307 
370  313 
371  65 
371  204 
371  154 
371  329 
372  161 
372  148 
372  158 
372  243 
373  294 
373  49 
373  11 
373  322 
374  173 
374  49 
374  347 
374  292 
375  95 
375  258 
375  351 
375  49 
376  356 
376  211 
376  360 
376  50 
377  360 
377  124 
377  290 
377  156 
378  58 
378  157 
378  26 
378  7 
379  60 
379  269 
379  179 
379  139 
380  360 
380  199 
380  354 
380  152 
381  251 
381  96 
381  363 
381  136 
382  57 
382  52 
382  24 
382  379 
383  167 
383  251 
383  290 
383  376 
384  265 
384  318 
384  135 
384  16 
385  288 
385  9 
385  124 
385  294 
386  374 
386  177 
386  200 
386  72 
387  65 
387  36 
387  32 
387  157 
388  56 
388  336 
388  263 
388  187 
389  370 
389  242 
389  181 
389  360 
75  202 
75  203 
75  204 
76  269 
77  201 
77  202 
77  208 
77  205 
77  207 
77  269 
390  73 
390  209 
390  192 
390  314 
391  367 
391  327 
391  160 
391  272 
392  154 
392  130 
392  63 
392  319 
393  163 
393  257 
393  40 
393  24 
394  8 
394  171 
394  335 
394  294 
395  394 
395  127 
395  283 
395  254 
396  312 
396  319 
396  381 
396  68 
397  311 
397  390 
397  192 
397  55 
398  337 
398  313 
398  200 
398  16 
399  261 
399  110 
399  1 
399  397 
400  213 
400  8 
400  244 
400  41 
401  393 
401  34 
401  126 
401  139 
402  240 
402  96 
402  336 
402  30 
403  303 
403  48 
403  14 
403  138 
404  215 
404  211 
404  18 
404  266 
405  254 
405  22 
405  264 
405  20 
406  83 
406  399 
406  41 
406  293 
407  261 
407  109 
407  397 
407  396 
408  10 
408  390 
408  396 
408  359 
409  385 
409  332 
409  400 
409  199 
78  206 
78  207 
410  277 
410  211 
410  268 
410  185 
411  244 
411  181 
411  202 
411  107 
412  62 
412  94 
412  132 
412  206 
413  226 
413  50 
413  403 
413  229 
414  382 
414  14 
414  34 
414  181 
415  1 
415  29 
415  215 
415  8 
416  188 
416  260 
416  280 
416  127 
417  222 
417  1 
417  324 
417  89 
418  390 
418  78 
418  91 
418  58 
419  213 
419  402 
419  36 
419  122 
420  31 
420  49 
420  39 
420  58 
421  235 
421  353 
421  242 
421  410 
422  72 
422  100 
422  150 
422  399 
423  144 
423  109 
423  235 
423  342 
424  420 
424  91 
424  235 
424  21 
425  383 
425  207 
425  139 
425  237 
426  344 
426  245 
426  170 
426  29 
427  168 
427  349 
427  345 
427  378 
428  311 
428  26 
428  139 
428  253 
429  403 
429  5 
429  146 
429  113 
79  201 
79  203 
79  207 
430  339 
430  92 
430  322 
430  164 
431  109 
431  310 
431  256 
431  280 
432  316 
432  404 
432  318 
432  81 
433  33 
433  315 
433  159 
433  319 
434  214 
434  428 
434  77 
434  123 
435  77 
435  378 
435  216 
435  239 
436  208 
436  367 
436  435 
436  49 
437  202 
437  209 
437  248 
437  319 
438  35 
438  90 
438  254 
438  416 
439  370 
439  242 
439  54 
439  409 
440  287 
440  359 
440  163 
440  75 
441  410 
441  367 
441  437 
441  203 
442  50 
442  80 
442  351 
442  439 
443  141 
443  58 
443  344 
443  61 
444  123 
444  442 
444  208 
444  313 
445  55 
445  123 
445  313 
445  302 
446  442 
446  317 
446  443 
446  411 
447  239 
447  184 
447  356 
447  218 
448  414 
448  203 
448  420 
448  179 
449  122 
449  358 
449  369 
449  143 
 

