1  2 
1  3 
1  4 
1  5 
1  6 
1  7 
1  8 
1  9 
1  10 
2  3 
2  4 
2  5 
2  6 
2  7 
2  8 
2  9 
2  10 
3  4 
3  5 
3  6 
3  7 
3  8 
3  9 
3  10 
4  5 
4  6 
4  7 
4  8 
4  9 
4  10 
5  6 
5  7 
5  8 
5  9 
5  10 
6  7 
6  8 
6  9 
6  10 
7  8 
7  9 
7  10 
8  9 
8  10 
9  10 
11  2 
11  9 
11  3 
11  7 
12  9 
12  5 
12  2 
12  3 
13  8 
13  1 
13  7 
13  3 
14  1 
14  5 
14  12 
14  2 
15  3 
15  9 
15  13 
15  2 
16  5 
16  15 
16  11 
16  7 
17  11 
17  4 
17  9 
17  5 
18  8 
18  9 
18  3 
18  7 
19  5 
19  9 
19  2 
19  15 
20  14 
20  1 
20  9 
20  4 
21  8 
21  2 
21  5 
21  7 
22  5 
22  2 
22  6 
22  4 
23  17 
23  2 
23  9 
23  19 
24  6 
24  1 
24  4 
24  2 
25  10 
25  3 
25  23 
25  6 
26  23 
26  25 
26  17 
26  9 
27  13 
27  11 
27  9 
27  6 
28  12 
28  4 
28  6 
28  8 
29  14 
29  17 
29  27 
29  12 
30  11 
30  1 
30  8 
30  12 
31  13 
31  17 
31  14 
31  9 
32  8 
32  5 
32  4 
32  13 
33  9 
33  13 
33  28 
33  5 
34  33 
34  28 
34  5 
34  2 
35  9 
35  2 
35  19 
35  33 
36  11 
36  33 
36  13 
36  10 
37  8 
37  5 
37  4 
37  13 
38  11 
38  19 
38  12 
38  5 
39  1 
39  9 
39  19 
39  11 
40  4 
40  5 
40  8 
40  16 
41  7 
41  1 
41  40 
41  8 
42  39 
42  1 
42  6 
42  13 
43  33 
43  36 
43  28 
43  17 
44  1 
44  6 
44  5 
44  39 
45  33 
45  6 
45  1 
45  2 
46  10 
46  19 
46  28 
46  3 
47  6 
47  11 
47  23 
47  5 
48  7 
48  13 
48  35 
48  34 
49  21 
49  1 
49  4 
49  18 
50  10 
50  27 
50  48 
50  9 
51  22 
51  32 
51  8 
51  7 
52  49 
52  11 
52  44 
52  7 
53  20 
53  14 
53  49 
53  2 
54  9 
54  13 
54  7 
54  5 
55  45 
55  9 
55  52 
55  3 
56  16 
56  6 
56  34 
56  11 
57  4 
57  26 
57  43 
57  8 
58  8 
58  5 
58  4 
58  11 
59  58 
59  5 
59  3 
59  37 
60  45 
60  3 
60  6 
60  27 
61  10 
61  20 
61  54 
61  39 
62  36 
62  13 
62  16 
62  27 
63  10 
63  57 
63  9 
63  51 
64  36 
64  3 
64  23 
64  4 
65  23 
65  20 
65  1 
65  8 
66  25 
66  36 
66  7 
66  14 
67  9 
67  4 
67  2 
67  19 
68  55 
68  66 
68  3 
68  14 
69  58 
69  38 
69  33 
69  5 
70  65 
70  47 
70  6 
70  22 
71  23 
71  33 
71  40 
71  34 
72  24 
72  65 
72  10 
72  6 
73  2 
73  27 
73  33 
73  71 
74  2 
74  65 
74  36 
74  53 
75  4 
75  43 
75  48 
75  31 
76  37 
76  11 
76  42 
76  19 
77  7 
77  6 
77  38 
77  11 
78  12 
78  6 
78  13 
78  8 
79  31 
79  28 
79  13 
79  49 
80  5 
80  71 
80  18 
80  57 
81  75 
81  65 
81  3 
81  6 
82  16 
82  20 
82  33 
82  3 
83  74 
83  43 
83  3 
83  33 
84  58 
84  5 
84  8 
84  73 
85  18 
85  9 
85  5 
85  15 
86  14 
86  11 
86  22 
86  36 
87  33 
87  9 
87  17 
87  55 
88  40 
88  20 
88  33 
88  17 
89  15 
89  3 
89  65 
89  9 
90  33 
90  85 
90  43 
90  21 
91  70 
91  9 
91  10 
91  24 
92  77 
92  66 
92  31 
92  65 
93  72 
93  51 
93  56 
93  38 
94  34 
94  84 
94  4 
94  74 
95  8 
95  12 
95  10 
95  4 
96  27 
96  60 
96  64 
96  28 
97  17 
97  52 
97  42 
97  83 
98  55 
98  90 
98  60 
98  16 
99  18 
99  5 
99  14 
99  37 
100  10 
100  30 
100  31 
100  78 
101  22 
101  77 
101  4 
101  10 
102  5 
102  14 
102  35 
102  15 
103  82 
103  12 
103  79 
103  5 
104  6 
104  13 
104  7 
104  52 
105  55 
105  10 
105  8 
105  3 
106  3 
106  21 
106  6 
106  77 
107  3 
107  7 
107  17 
107  9 
108  1 
108  3 
108  9 
108  2 
109  14 
109  36 
109  87 
109  7 
110  20 
110  37 
110  25 
110  49 
111  49 
111  59 
111  2 
111  25 
112  45 
112  33 
112  2 
112  5 
113  5 
113  71 
113  3 
113  7 
114  69 
114  78 
114  14 
114  58 
115  8 
115  60 
115  3 
115  2 
116  78 
116  36 
116  65 
116  49 
117  93 
117  103 
117  88 
117  5 
118  48 
118  112 
118  23 
118  105 
119  18 
119  2 
119  60 
119  3 
120  82 
120  36 
120  10 
120  81 
121  60 
121  17 
121  66 
121  44 
122  7 
122  3 
122  17 
122  6 
123  4 
123  7 
123  77 
123  5 
124  91 
124  94 
124  3 
124  13 
125  24 
125  39 
125  6 
125  2 
126  16 
126  45 
126  9 
126  4 
127  103 
127  101 
127  45 
127  10 
128  4 
128  34 
128  124 
128  9 
129  92 
129  11 
129  123 
129  107 
130  13 
130  50 
130  10 
130  96 
131  42 
131  34 
131  6 
131  28 
132  33 
132  49 
132  20 
132  35 
133  99 
133  39 
133  113 
133  71 
134  9 
134  6 
134  38 
134  3 
135  2 
135  84 
135  44 
135  7 
136  96 
136  77 
136  33 
136  18 
137  16 
137  21 
137  2 
137  39 
138  20 
138  49 
138  6 
138  60 
139  57 
139  8 
139  1 
139  94 
140  62 
140  40 
140  82 
140  105 
141  4 
141  75 
141  11 
141  47 
142  33 
142  19 
142  14 
142  4 
143  47 
143  127 
143  3 
143  77 
144  12 
144  10 
144  8 
144  82 
145  50 
145  52 
145  99 
145  11 
146  23 
146  14 
146  2 
146  19 
147  19 
147  1 
147  90 
147  13 
148  146 
148  66 
148  11 
148  9 
149  146 
149  12 
149  38 
149  75 
150  35 
150  119 
150  84 
150  50 
151  7 
151  58 
151  96 
151  3 
152  12 
152  50 
152  105 
152  121 
153  2 
153  1 
153  14 
153  10 
154  37 
154  121 
154  21 
154  86 
155  55 
155  13 
155  94 
155  28 
156  21 
156  8 
156  152 
156  45 
157  95 
157  105 
157  24 
157  23 
158  65 
158  7 
158  19 
158  31 
159  42 
159  2 
159  10 
159  6 
160  25 
160  101 
160  9 
160  37 
161  59 
161  91 
161  2 
161  103 
162  85 
162  52 
162  20 
162  87 
163  7 
163  55 
163  2 
163  26 
164  102 
164  38 
164  2 
164  9 
165  9 
165  20 
165  73 
165  41 
166  42 
166  149 
166  14 
166  34 
167  4 
167  28 
167  81 
167  18 
168  2 
168  120 
168  26 
168  5 
169  68 
169  136 
169  134 
169  8 
170  43 
170  85 
170  8 
170  13 
171  2 
171  78 
171  102 
171  12 
172  14 
172  3 
172  84 
172  33 
173  35 
173  70 
173  133 
173  130 
174  48 
174  13 
174  9 
174  43 
175  55 
175  1 
175  94 
175  79 
176  4 
176  166 
176  3 
176  107 
177  6 
177  94 
177  9 
177  10 
178  151 
178  5 
178  19 
178  13 
179  25 
179  73 
179  14 
179  6 
180  160 
180  8 
180  46 
180  33 
181  41 
181  78 
181  146 
181  8 
182  28 
182  43 
182  12 
182  39 
183  17 
183  13 
183  2 
183  25 
184  9 
184  163 
184  46 
184  48 
185  9 
185  20 
185  60 
185  27 
186  19 
186  115 
186  14 
186  65 
187  28 
187  14 
187  162 
187  3 
188  87 
188  6 
188  39 
188  124 
189  19 
189  32 
189  181 
189  3 
190  3 
190  8 
190  13 
190  17 
191  59 
191  146 
191  109 
191  80 
192  169 
192  179 
192  6 
192  36 
193  35 
193  3 
193  20 
193  47 
194  116 
194  179 
194  124 
194  162 
195  20 
195  37 
195  73 
195  17 
196  119 
196  57 
196  7 
196  9 
197  24 
197  95 
197  150 
197  88 
198  39 
198  36 
198  123 
198  22 
199  7 
199  143 
199  118 
199  3 
200  88 
200  41 
200  172 
200  17 
1  201 
1  202 
1  203 
1  204 
1  205 
1  206 
2  202 
2  205 
3  202 
3  204 
3  205 
3  207 
4  202 
4  204 
5  202 
5  203 
5  208 
5  207 
6  207 
7  201 
7  208 
7  207 
8  201 
8  203 
8  204 
8  207 
9  202 
9  203 
9  204 
9  208 
9  205 
9  207 
9  206 
10  203 
10  204 
10  208 
10  207 
10  206 
11  201 
11  202 
11  208 
12  205 
12  207 
12  206 
13  201 
13  202 
13  203 
13  204 
13  205 
13  207 
14  201 
14  203 
14  208 
14  206 
15  203 
15  204 
15  205 
15  207 
15  206 
16  202 
16  205 
16  206 
17  201 
17  202 
17  204 
17  205 
17  207 
18  208 
18  207 
19  201 
19  204 
19  207 
20  203 
20  204 
20  208 
20  205 
20  206 
201  202 
202  203 
203  204 
204  208 
208  205 
205  207 
207  206 
201  203 
201  205 
201  207 
202  204 
202  208 
202  205 
202  207 
204  205 
208  201 
208  203 
208  207 
205  203 
206  201 
206  204 
209  34 
209  172 
209  192 
209  49 
210  113 
210  108 
210  22 
210  115 
211  209 
211  65 
211  37 
211  59 
212  61 
212  209 
212  20 
212  90 
213  184 
213  98 
213  161 
213  207 
214  176 
214  189 
214  8 
214  76 
215  8 
215  98 
215  37 
215  78 
216  54 
216  155 
216  207 
216  7 
217  2 
217  216 
217  123 
217  199 
218  75 
218  208 
218  55 
218  119 
219  202 
219  8 
219  69 
219  84 
220  78 
220  198 
220  212 
220  180 
221  88 
221  189 
221  31 
221  62 
222  75 
222  37 
222  31 
222  14 
223  167 
223  98 
223  141 
223  69 
224  217 
224  151 
224  216 
224  169 
225  37 
225  139 
225  217 
225  222 
226  96 
226  73 
226  140 
226  90 
227  168 
227  127 
227  217 
227  147 
228  161 
228  151 
228  219 
228  98 
229  6 
229  94 
229  188 
229  2 
230  29 
230  75 
230  8 
230  213 
231  162 
231  226 
231  221 
231  212 
232  2 
232  120 
232  222 
232  218 
233  59 
233  164 
233  4 
233  78 
234  141 
234  73 
234  181 
234  145 
235  14 
235  2 
235  176 
235  98 
236  77 
236  30 
236  192 
236  8 
237  212 
237  120 
237  116 
237  233 
238  208 
238  217 
238  2 
238  157 
239  224 
239  216 
239  237 
239  222 
240  225 
240  192 
240  14 
240  221 
241  212 
241  84 
241  5 
241  19 
242  228 
242  107 
242  134 
242  236 
243  125 
243  192 
243  188 
243  221 
244  241 
244  73 
244  209 
244  71 
245  209 
245  146 
245  243 
245  109 
246  168 
246  198 
246  137 
246  241 
247  230 
247  221 
247  224 
247  212 
248  220 
248  87 
248  224 
248  69 
249  241 
249  229 
249  224 
249  242 
250  147 
250  35 
250  155 
250  107 
251  213 
251  32 
251  30 
251  65 
252  122 
252  218 
252  46 
252  96 
253  65 
253  242 
253  98 
253  58 
254  157 
254  31 
254  224 
254  14 
255  230 
255  229 
255  107 
255  212 
256  151 
256  235 
256  225 
256  244 
257  197 
257  244 
257  248 
257  249 
258  225 
258  65 
258  100 
258  48 
259  155 
259  225 
259  134 
259  140 
260  198 
260  187 
260  237 
260  142 
261  120 
261  35 
261  165 
261  20 
262  27 
262  13 
262  20 
262  261 
263  205 
263  176 
263  59 
263  154 
264  197 
264  171 
264  253 
264  71 
265  160 
265  192 
265  129 
265  146 
266  151 
266  175 
266  186 
266  20 
267  178 
267  57 
267  222 
267  149 
268  197 
268  187 
268  264 
268  242 
269  166 
269  126 
269  102 
269  106 
270  245 
270  133 
270  81 
270  173 
271  109 
271  191 
271  84 
271  51 
272  268 
272  115 
272  124 
272  32 
273  63 
273  49 
273  186 
273  272 
274  76 
274  272 
274  202 
274  103 
275  260 
275  107 
275  94 
275  244 
276  67 
276  24 
276  265 
276  118 
277  129 
277  110 
277  157 
277  59 
278  53 
278  271 
278  96 
278  186 
279  197 
279  62 
279  103 
279  224 
280  272 
280  57 
280  65 
280  38 
281  13 
281  53 
281  54 
281  73 
282  151 
282  171 
282  186 
282  276 
283  249 
283  194 
283  234 
283  109 
284  116 
284  23 
284  137 
284  229 
285  168 
285  68 
285  143 
285  106 
286  267 
286  273 
286  75 
286  8 
287  271 
287  257 
287  6 
287  274 
288  281 
288  123 
288  115 
288  131 
289  62 
289  160 
289  63 
289  279 
290  95 
290  246 
290  159 
290  151 
291  109 
291  282 
291  229 
291  126 
292  164 
292  54 
292  230 
292  254 
293  192 
293  77 
293  269 
293  30 
294  222 
294  186 
294  18 
294  234 
295  264 
295  200 
295  209 
295  59 
296  81 
296  121 
296  113 
296  115 
297  91 
297  188 
297  240 
297  265 
298  18 
298  126 
298  274 
298  295 
299  84 
299  197 
299  186 
299  195 
300  269 
300  266 
300  20 
300  170 
301  222 
301  167 
301  186 
301  274 
302  154 
302  287 
302  92 
302  192 
303  106 
303  51 
303  57 
303  266 
304  297 
304  59 
304  251 
304  275 
305  151 
305  197 
305  35 
305  149 
306  85 
306  274 
306  59 
306  178 
307  146 
307  280 
307  259 
307  284 
308  273 
308  20 
308  99 
308  199 
309  239 
309  51 
309  191 
309  171 
310  41 
310  150 
310  96 
310  102 
311  165 
311  130 
311  69 
311  196 
312  8 
312  76 
312  97 
312  309 
313  177 
313  284 
313  83 
313  110 
314  285 
314  273 
314  311 
314  245 
315  238 
315  101 
315  245 
315  273 
316  8 
316  294 
316  205 
316  20 
317  45 
317  231 
317  260 
317  205 
318  61 
318  271 
318  57 
318  47 
319  78 
319  104 
319  232 
319  154 
320  137 
320  223 
320  1 
320  192 
321  272 
321  313 
321  123 
321  209 
322  249 
322  316 
322  146 
322  30 
323  237 
323  319 
323  280 
323  239 
324  54 
324  141 
324  229 
324  76 
325  213 
325  313 
325  19 
325  158 
326  24 
326  8 
326  73 
326  130 
327  104 
327  302 
327  325 
327  314 
328  57 
328  292 
328  261 
328  313 
329  309 
329  328 
329  132 
329  64 
330  126 
330  325 
330  326 
330  221 
331  76 
331  43 
331  302 
331  223 
332  158 
332  319 
332  315 
332  91 
333  202 
333  106 
333  316 
333  309 
334  330 
334  323 
334  155 
334  7 
335  333 
335  310 
335  326 
335  154 
336  291 
336  174 
336  294 
336  9 
337  102 
337  83 
337  199 
337  314 
338  8 
338  336 
338  87 
338  296 
339  284 
339  336 
339  96 
339  147 
340  336 
340  330 
340  85 
340  272 
341  56 
341  307 
341  186 
341  331 
342  154 
342  87 
342  316 
342  297 
343  297 
343  132 
343  335 
343  60 
344  126 
344  263 
344  320 
344  210 
345  19 
345  89 
345  296 
345  183 
346  224 
346  259 
346  60 
346  290 
347  186 
347  60 
347  223 
347  104 
348  319 
348  263 
348  309 
348  209 
349  294 
349  69 
349  309 
349  55 
350  45 
350  69 
350  336 
350  20 
351  146 
351  217 
351  223 
351  253 
352  132 
352  289 
352  151 
352  184 
353  309 
353  321 
353  298 
353  173 
354  279 
354  245 
354  230 
354  291 
355  209 
355  60 
355  2 
355  226 
356  222 
356  313 
356  273 
356  202 
357  332 
357  27 
357  330 
357  326 
358  317 
358  30 
358  61 
358  309 
359  153 
359  272 
359  74 
359  323 
360  188 
360  168 
360  295 
360  59 
361  225 
361  157 
361  167 
361  356 
362  218 
362  158 
362  207 
362  346 
363  57 
363  201 
363  222 
363  79 
364  251 
364  330 
364  213 
364  122 
365  161 
365  336 
365  208 
365  210 
366  362 
366  327 
366  183 
366  20 
367  36 
367  246 
367  286 
367  43 
368  262 
368  38 
368  25 
368  97 
369  368 
369  66 
369  345 
369  359 
370  61 
370  258 
370  70 
370  90 
371  201 
371  306 
371  200 
371  206 
372  141 
372  121 
372  188 
372  183 
373  167 
373  326 
373  134 
373  209 
374  232 
374  362 
374  286 
374  91 
375  286 
375  350 
375  262 
375  214 
376  257 
376  320 
376  311 
376  344 
377  225 
377  152 
377  43 
377  24 
378  192 
378  374 
378  369 
378  352 
379  33 
379  166 
379  303 
379  227 
380  360 
380  361 
380  105 
380  368 
381  59 
381  225 
381  35 
381  379 
382  354 
382  117 
382  3 
382  210 
383  344 
383  352 
383  167 
383  108 
384  181 
384  330 
384  69 
384  294 
385  370 
385  225 
385  43 
385  217 
386  289 
386  246 
386  58 
386  380 
387  305 
387  126 
387  97 
387  103 
388  167 
388  251 
388  85 
388  373 
389  250 
389  70 
389  118 
389  309 
390  147 
390  198 
390  224 
390  300 
391  279 
391  97 
391  43 
391  50 
392  322 
392  375 
392  59 
392  80 
393  386 
393  338 
393  154 
393  383 
394  66 
394  318 
394  228 
394  320 
395  63 
395  181 
395  162 
395  80 
396  80 
396  296 
396  193 
396  264 
397  270 
397  97 
397  19 
397  308 
398  97 
398  183 
398  197 
398  103 
399  42 
399  364 
399  365 
399  90 
400  161 
400  228 
400  310 
400  318 
401  43 
401  97 
401  388 
401  385 
402  374 
402  396 
402  154 
402  262 
403  144 
403  402 
403  369 
403  116 
404  4 
404  208 
404  56 
404  219 
405  398 
405  173 
405  84 
405  109 
406  132 
406  110 
406  364 
406  216 
407  398 
407  363 
407  117 
407  100 
408  126 
408  62 
408  372 
408  380 
409  125 
409  327 
409  193 
409  57 
410  244 
410  158 
410  281 
410  326 
411  4 
411  387 
411  396 
411  357 
412  51 
412  80 
412  123 
412  318 
413  248 
413  197 
413  255 
413  185 
414  362 
414  199 
414  171 
414  180 
415  399 
415  120 
415  76 
415  110 
416  282 
416  36 
416  390 
416  28 
417  336 
417  39 
417  306 
417  216 
418  355 
418  137 
418  311 
418  62 
419  161 
419  55 
419  356 
419  149 
420  416 
420  78 
420  128 
420  294 
421  410 
421  38 
421  184 
421  237 
422  114 
422  122 
422  420 
422  377 
423  382 
423  305 
423  318 
423  110 
424  231 
424  41 
424  311 
424  276 
425  340 
425  6 
425  3 
425  317 
426  49 
426  38 
426  78 
426  114 
427  10 
427  425 
427  318 
427  311 
428  422 
428  31 
428  227 
428  108 
429  106 
429  296 
429  243 
429  128 
430  269 
430  196 
430  147 
430  62 
431  89 
431  253 
431  353 
431  320 
432  146 
432  298 
432  94 
432  137 
433  238 
433  114 
433  57 
433  426 
434  78 
434  234 
434  396 
434  1 
435  129 
435  306 
435  62 
435  114 
436  29 
436  431 
436  112 
436  410 
437  137 
437  436 
437  423 
437  255 
438  57 
438  89 
438  226 
438  380 
439  77 
439  276 
439  374 
439  110 
440  438 
440  187 
440  10 
440  166 
441  242 
441  313 
441  312 
441  353 
442  289 
442  404 
442  236 
442  296 
443  362 
443  438 
443  360 
443  89 
444  205 
444  342 
444  100 
444  417 
445  90 
445  255 
445  242 
445  291 
446  438 
446  112 
446  108 
446  338 
447  165 
447  416 
447  312 
447  17 
448  398 
448  441 
448  367 
448  94 
449  115 
449  133 
449  356 
449  161 
450  313 
450  255 
450  260 
450  57 
451  267 
451  134 
451  64 
451  147 
452  442 
452  236 
452  178 
452  110 
453  255 
453  36 
453  350 
453  395 
454  97 
454  382 
454  257 
454  260 
455  353 
455  81 
455  70 
455  156 
456  420 
456  441 
456  367 
456  322 
457  413 
457  421 
457  427 
457  433 
458  106 
458  218 
458  280 
458  197 
459  161 
459  223 
459  273 
459  230 
460  392 
460  449 
460  117 
460  72 
461  429 
461  18 
461  4 
461  390 
462  400 
462  197 
462  55 
462  246 
463  175 
463  96 
463  184 
463  341 
464  280 
464  100 
464  422 
464  333 
465  271 
465  2 
465  278 
465  1 
466  246 
466  234 
466  214 
466  80 
467  56 
467  448 
467  182 
467  233 
468  180 
468  297 
468  169 
468  409 
469  2 
469  372 
469  459 
469  304 
470  435 
470  223 
470  334 
470  323 
471  30 
471  27 
471  253 
471  287 
472  453 
472  268 
472  64 
472  145 
473  207 
473  102 
473  47 
473  270 
474  345 
474  471 
474  299 
474  246 
475  210 
475  471 
475  468 
475  160 
476  27 
476  82 
476  51 
476  313 
477  466 
477  30 
477  282 
477  453 
478  463 
478  345 
478  291 
478  14 
479  47 
479  441 
479  299 
479  317 
480  54 
480  467 
480  474 
480  14 
481  279 
481  468 
481  27 
481  110 
482  360 
482  480 
482  134 
482  78 
483  37 
483  140 
483  82 
483  421 
484  118 
484  307 
484  267 
484  236 
485  82 
485  20 
485  11 
485  456 
486  407 
486  201 
486  102 
486  339 
487  96 
487  192 
487  462 
487  335 
488  356 
488  163 
488  474 
488  23 
489  19 
489  463 
489  27 
489  485 
490  403 
490  27 
490  291 
490  467 
491  364 
491  459 
491  409 
491  197 
492  466 
492  473 
492  200 
492  69 
493  189 
493  256 
493  460 
493  354 
494  23 
494  261 
494  403 
494  458 
495  62 
495  481 
495  278 
495  256 
496  306 
496  221 
496  194 
496  208 
497  452 
497  466 
497  480 
497  429 
498  402 
498  59 
498  487 
498  459 
499  466 
499  467 
499  155 
499  463 
500  498 
500  494 
500  77 
500  76 
501  69 
501  126 
501  466 
501  155 
502  131 
502  100 
502  475 
502  434 
503  27 
503  499 
503  80 
503  425 
504  465 
504  332 
504  451 
504  393 
505  14 
505  402 
505  187 
505  82 
506  194 
506  459 
506  452 
506  304 
507  274 
507  464 
507  65 
507  503 
508  391 
508  465 
508  365 
508  27 
509  198 
509  474 
509  429 
509  244 
510  238 
510  432 
510  87 
510  451 
511  439 
511  40 
511  179 
511  238 
512  102 
512  316 
512  7 
512  174 
513  159 
513  86 
513  361 
513  16 
514  507 
514  171 
514  125 
514  442 
515  287 
515  213 
515  505 
515  423 
516  176 
516  453 
516  272 
516  297 
517  438 
517  351 
517  470 
517  4 
518  178 
518  245 
518  476 
518  216 
519  261 
519  509 
519  95 
519  439 
520  347 
520  259 
520  238 
520  185 
521  369 
521  429 
521  195 
521  161 
522  127 
522  439 
522  349 
522  69 
523  77 
523  136 
523  493 
523  155 
524  437 
524  144 
524  516 
524  94 
525  291 
525  96 
525  99 
525  155 
526  185 
526  40 
526  439 
526  22 
527  474 
527  112 
527  4 
527  272 
528  157 
528  512 
528  435 
528  515 
529  278 
529  225 
529  415 
529  149 
530  233 
530  50 
530  28 
530  287 
531  149 
531  274 
531  303 
531  7 
532  524 
532  85 
532  443 
532  479 
533  453 
533  244 
533  2 
533  28 
534  503 
534  438 
534  335 
534  479 
535  213 
535  185 
535  50 
535  294 
536  127 
536  437 
536  369 
536  521 
537  208 
537  405 
537  69 
537  238 
538  109 
538  111 
538  230 
538  106 
539  287 
539  536 
539  247 
539  159 
540  99 
540  424 
540  118 
540  539 
541  95 
541  494 
541  527 
541  328 
542  524 
542  260 
542  393 
542  490 
543  40 
543  335 
543  85 
543  535 
544  278 
544  125 
544  301 
544  99 
545  196 
545  314 
545  334 
545  394 
546  470 
546  527 
546  100 
546  465 
547  245 
547  233 
547  41 
547  308 
548  507 
548  510 
548  173 
548  514 
549  283 
549  223 
549  452 
549  453 
550  110 
550  492 
550  7 
550  462 
551  314 
551  539 
551  283 
551  509 
552  401 
552  270 
552  238 
552  424 
553  519 
553  348 
553  543 
553  400 
554  164 
554  361 
554  158 
554  234 
555  263 
555  481 
555  466 
555  200 
556  150 
556  117 
556  536 
556  238 
557  63 
557  27 
557  33 
557  522 
558  447 
558  144 
558  374 
558  529 
559  105 
559  478 
559  413 
559  137 
560  66 
560  45 
560  464 
560  110 
561  528 
561  53 
561  463 
561  219 
562  190 
562  410 
562  236 
562  19 
563  348 
563  221 
563  425 
563  249 
564  411 
564  135 
564  132 
564  423 
565  410 
565  225 
565  527 
565  561 
566  116 
566  221 
566  228 
566  536 
567  217 
567  129 
567  561 
567  547 
568  294 
568  427 
568  431 
568  411 
569  513 
569  332 
569  371 
569  17 
570  371 
570  349 
570  437 
570  89 
571  260 
571  495 
571  134 
571  227 
572  443 
572  92 
572  565 
572  477 
573  467 
573  247 
573  545 
573  410 
574  334 
574  566 
574  404 
574  529 
575  403 
575  234 
575  228 
575  543 
576  54 
576  74 
576  178 
576  503 
577  253 
577  15 
577  39 
577  562 
578  518 
578  102 
578  502 
578  256 
579  253 
579  351 
579  90 
579  569 
580  142 
580  201 
580  565 
580  64 
581  457 
581  569 
581  576 
581  174 
582  106 
582  125 
582  371 
582  152 
583  124 
583  244 
583  496 
583  580 
584  332 
584  174 
584  127 
584  41 
585  274 
585  574 
585  163 
585  451 
586  562 
586  121 
586  397 
586  221 
587  275 
587  94 
587  490 
587  101 
588  145 
588  68 
588  218 
588  66 
589  268 
589  191 
589  436 
589  550 
590  137 
590  541 
590  571 
590  510 
591  238 
591  255 
591  571 
591  513 
592  229 
592  536 
592  17 
592  375 
593  174 
593  180 
593  443 
593  99 
594  433 
594  584 
594  312 
594  492 
595  453 
595  51 
595  402 
595  144 
596  547 
596  305 
596  559 
596  337 
597  490 
597  140 
597  114 
597  524 
598  593 
598  575 
598  114 
598  53 
599  258 
599  479 
599  569 
599  559 
600  247 
600  576 
600  227 
600  459 
601  372 
601  496 
601  456 
601  577 
602  587 
602  566 
602  507 
602  544 
603  288 
603  299 
603  186 
603  73 
604  170 
604  529 
604  601 
604  383 
605  467 
605  364 
605  218 
605  579 
606  599 
606  130 
606  121 
606  268 
607  601 
607  343 
607  76 
607  288 
608  79 
608  553 
608  163 
608  585 
609  332 
609  552 
609  8 
609  151 
610  308 
610  67 
610  499 
610  421 
611  182 
611  106 
611  68 
611  36 
612  171 
612  472 
612  127 
612  96 
613  471 
613  286 
613  347 
613  421 
614  396 
614  469 
614  358 
614  93 
615  432 
615  292 
615  300 
615  288 
616  121 
616  337 
616  474 
616  38 
617  36 
617  64 
617  86 
617  349 
618  86 
618  6 
618  332 
618  614 
619  259 
619  440 
619  388 
619  86 
620  612 
620  533 
620  319 
620  327 
621  565 
621  268 
621  479 
621  273 
622  46 
622  236 
622  502 
622  72 
623  55 
623  214 
623  375 
623  299 
624  536 
624  144 
624  569 
624  246 
625  321 
625  441 
625  338 
625  420 
626  501 
626  620 
626  299 
626  212 
627  429 
627  188 
627  615 
627  63 
628  42 
628  387 
628  299 
628  236 
629  58 
629  494 
629  252 
629  24 
630  332 
630  86 
630  103 
630  253 
631  174 
631  177 
631  623 
631  127 
632  227 
632  36 
632  209 
632  340 
633  616 
633  272 
633  536 
633  256 
634  170 
634  631 
634  166 
634  342 
635  536 
635  434 
635  619 
635  522 
636  92 
636  181 
636  328 
636  393 
637  50 
637  359 
637  214 
637  527 
638  232 
638  342 
638  64 
638  80 
639  618 
639  527 
639  260 
639  637 
640  238 
640  355 
640  247 
640  299 
641  505 
641  392 
641  324 
641  606 
642  273 
642  541 
642  632 
642  31 
643  36 
643  343 
643  347 
643  67 
644  529 
644  49 
644  182 
644  460 
645  610 
645  633 
645  365 
645  481 
646  93 
646  529 
646  613 
646  616 
647  60 
647  550 
647  478 
647  365 
648  318 
648  366 
648  127 
648  462 
649  481 
649  125 
649  282 
649  618 
650  91 
650  95 
650  411 
650  620 
651  513 
651  611 
651  106 
651  287 
652  494 
652  216 
652  416 
652  143 
653  10 
653  550 
653  97 
653  130 
654  287 
654  214 
654  419 
654  32 
655  649 
655  611 
655  446 
655  58 
656  389 
656  647 
656  615 
656  628 
657  533 
657  647 
657  182 
657  470 
658  641 
658  389 
658  512 
658  442 
659  532 
659  168 
659  559 
659  263 
660  322 
660  439 
660  325 
660  193 
661  506 
661  116 
661  480 
661  305 
662  414 
662  657 
662  162 
662  130 
663  95 
663  397 
663  524 
663  40 
664  549 
664  598 
664  306 
664  508 
665  137 
665  373 
665  647 
665  306 
666  39 
666  472 
666  439 
666  405 
667  112 
667  538 
667  550 
667  662 
668  321 
668  137 
668  278 
668  371 
669  260 
669  376 
669  609 
669  535 
670  632 
670  128 
670  471 
670  261 
671  59 
671  68 
671  249 
671  121 
672  540 
672  25 
672  386 
672  565 
673  549 
673  183 
673  666 
673  263 
674  430 
674  643 
674  266 
674  324 
675  40 
675  583 
675  672 
675  508 
676  659 
676  508 
676  95 
676  349 
677  405 
677  568 
677  335 
677  274 
678  676 
678  628 
678  17 
678  673 
679  145 
679  674 
679  141 
679  675 
680  548 
680  432 
680  327 
680  457 
681  241 
681  675 
681  399 
681  630 
682  564 
682  662 
682  664 
682  524 
683  307 
683  374 
683  671 
683  491 
684  332 
684  341 
684  268 
684  84 
685  522 
685  40 
685  410 
685  319 
686  626 
686  181 
686  151 
686  470 
687  116 
687  141 
687  401 
687  79 
688  207 
688  685 
688  626 
688  39 
689  395 
689  434 
689  375 
689  584 
690  18 
690  329 
690  113 
690  207 
691  66 
691  606 
691  637 
691  661 
692  349 
692  676 
692  273 
692  643 
693  1 
693  649 
693  195 
693  506 
694  676 
694  401 
694  280 
694  40 
695  470 
695  647 
695  555 
695  465 
696  410 
696  226 
696  149 
696  387 
697  691 
697  338 
697  221 
697  450 
698  401 
698  679 
698  512 
698  410 
699  686 
699  163 
699  674 
699  691 
700  237 
700  266 
700  410 
700  250 
701  665 
701  521 
701  383 
701  528 
702  676 
702  48 
702  649 
702  160 
703  367 
703  665 
703  290 
703  647 
704  250 
704  545 
704  269 
704  648 
705  303 
705  661 
705  324 
705  79 
706  5 
706  194 
706  455 
706  512 
707  141 
707  675 
707  186 
707  577 
708  241 
708  118 
708  480 
708  6 
709  704 
709  56 
709  166 
709  655 
710  295 
710  337 
710  401 
710  248 
711  166 
711  119 
711  213 
711  199 
712  268 
712  142 
712  616 
712  546 
713  55 
713  471 
713  704 
713  165 
714  554 
714  66 
714  364 
714  271 
715  126 
715  626 
715  637 
715  26 
716  287 
716  667 
716  624 
716  199 
717  79 
717  432 
717  407 
717  51 
718  344 
718  207 
718  199 
718  306 
719  527 
719  343 
719  408 
719  231 
720  146 
720  717 
720  617 
720  168 
721  489 
721  707 
721  508 
721  373 
722  553 
722  432 
722  451 
722  187 
723  410 
723  708 
723  8 
723  31 
724  455 
724  313 
724  401 
724  602 
725  194 
725  456 
725  556 
725  723 
726  289 
726  287 
726  402 
726  55 
727  291 
727  51 
727  621 
727  343 
728  26 
728  374 
728  236 
728  554 
729  373 
729  587 
729  725 
729  94 
730  41 
730  595 
730  507 
730  488 
731  48 
731  66 
731  123 
731  607 
732  716 
732  147 
732  214 
732  616 
733  724 
733  319 
733  725 
733  287 
734  541 
734  325 
734  462 
734  251 
735  306 
735  80 
735  106 
735  720 
736  399 
736  47 
736  328 
736  390 
737  148 
737  105 
737  211 
737  93 
738  74 
738  593 
738  474 
738  8 
739  36 
739  287 
739  616 
739  473 
740  337 
740  370 
740  47 
740  672 
741  522 
741  116 
741  328 
741  434 
742  445 
742  142 
742  22 
742  732 
743  336 
743  711 
743  657 
743  584 
744  697 
744  645 
744  716 
744  710 
745  633 
745  668 
745  13 
745  49 
746  637 
746  150 
746  344 
746  680 
747  13 
747  103 
747  724 
747  486 
748  732 
748  322 
748  714 
748  190 
749  529 
749  645 
749  733 
749  600 
750  636 
750  221 
750  410 
750  717 
751  343 
751  621 
751  374 
751  169 
752  73 
752  743 
752  321 
752  60 
753  374 
753  47 
753  541 
753  178 
754  717 
754  136 
754  644 
754  104 
755  128 
755  737 
755  64 
755  33 
756  460 
756  467 
756  710 
756  313 
757  110 
757  558 
757  576 
757  561 
758  633 
758  240 
758  103 
758  707 
759  493 
759  525 
759  445 
759  413 
760  462 
760  509 
760  296 
760  391 
761  363 
761  423 
761  272 
761  263 
762  326 
762  517 
762  89 
762  112 
763  43 
763  442 
763  547 
763  636 
764  364 
764  46 
764  753 
764  69 
765  480 
765  267 
765  655 
765  208 
766  639 
766  534 
766  677 
766  274 
767  581 
767  528 
767  687 
767  208 
768  622 
768  544 
768  462 
768  767 
769  724 
769  764 
769  499 
769  768 
770  438 
770  476 
770  22 
770  734 
771  276 
771  737 
771  459 
771  158 
772  760 
772  764 
772  759 
772  584 
773  761 
773  9 
773  584 
773  719 
774  7 
774  711 
774  725 
774  431 
775  690 
775  42 
775  525 
775  375 
776  208 
776  552 
776  96 
776  198 
777  498 
777  647 
777  13 
777  768 
778  494 
778  680 
778  106 
778  769 
779  99 
779  552 
779  774 
779  46 
780  349 
780  380 
780  422 
780  392 
781  285 
781  337 
781  379 
781  231 
782  477 
782  442 
782  43 
782  300 
783  215 
783  5 
783  765 
783  470 
784  354 
784  600 
784  439 
784  589 
785  84 
785  732 
785  728 
785  40 
786  615 
786  655 
786  301 
786  773 
787  761 
787  766 
787  155 
787  586 
788  380 
788  77 
788  751 
788  395 
789  57 
789  124 
789  459 
789  634 
790  188 
790  269 
790  248 
790  583 
791  732 
791  213 
791  650 
791  111 
792  589 
792  349 
792  738 
792  414 
793  375 
793  48 
793  353 
793  589 
794  776 
794  375 
794  756 
794  669 
795  763 
795  418 
795  598 
795  453 
796  419 
796  349 
796  776 
796  618 
797  585 
797  324 
797  772 
797  623 
798  445 
798  610 
798  648 
798  746 
799  82 
799  413 
799  600 
799  467 
800  785 
800  686 
800  776 
800  320 
801  620 
801  796 
801  25 
801  382 
802  303 
802  772 
802  633 
802  724 
803  65 
803  251 
803  648 
803  773 
804  25 
804  800 
804  803 
804  261 
805  485 
805  103 
805  89 
805  436 
806  499 
806  676 
806  796 
806  800 
807  783 
807  38 
807  735 
807  228 
808  216 
808  433 
808  155 
808  765 
809  805 
809  526 
809  95 
809  336 
810  408 
810  421 
810  397 
810  793 
811  515 
811  778 
811  336 
811  434 
812  728 
812  126 
812  144 
812  634 
813  355 
813  434 
813  267 
813  812 
814  181 
814  126 
814  751 
814  813 
815  286 
815  317 
815  332 
815  727 
816  86 
816  374 
816  58 
816  426 
817  651 
817  810 
817  614 
817  162 
818  657 
818  815 
818  743 
818  619 
819  506 
819  475 
819  365 
819  581 
820  145 
820  635 
820  225 
820  624 
821  673 
821  1 
821  424 
821  53 
822  506 
822  233 
822  145 
822  789 
823  259 
823  98 
823  751 
823  737 
824  219 
824  162 
824  223 
824  45 
825  73 
825  470 
825  169 
825  353 
826  470 
826  508 
826  14 
826  816 
827  461 
827  479 
827  454 
827  600 
828  561 
828  710 
828  644 
828  811 
829  506 
829  121 
829  163 
829  755 
830  804 
830  281 
830  79 
830  634 
831  826 
831  524 
831  48 
831  409 
832  286 
832  537 
832  634 
832  536 
833  294 
833  694 
833  79 
833  155 
834  169 
834  803 
834  387 
834  5 
835  535 
835  450 
835  461 
835  771 
836  663 
836  646 
836  237 
836  277 
837  95 
837  519 
837  211 
837  713 
838  166 
838  596 
838  756 
838  522 
839  128 
839  157 
839  758 
839  810 
840  663 
840  519 
840  354 
840  305 
841  69 
841  195 
841  184 
841  519 
842  461 
842  622 
842  802 
842  799 
843  796 
843  821 
843  772 
843  166 
844  722 
844  832 
844  113 
844  374 
845  496 
845  776 
845  456 
845  643 
846  733 
846  519 
846  829 
846  825 
847  320 
847  731 
847  324 
847  69 
848  763 
848  248 
848  814 
848  123 
849  586 
849  843 
849  619 
849  273 
850  797 
850  801 
850  743 
850  825 
851  206 
851  131 
851  811 
851  403 
852  588 
852  101 
852  491 
852  166 
853  310 
853  455 
853  121 
853  144 
854  797 
854  710 
854  48 
854  376 
855  65 
855  394 
855  814 
855  1 
856  828 
856  408 
856  829 
856  642 
857  601 
857  629 
857  715 
857  758 
858  378 
858  768 
858  581 
858  651 
859  617 
859  545 
859  698 
859  236 
860  607 
860  432 
860  619 
860  259 
861  595 
861  13 
861  82 
861  186 
862  529 
862  95 
862  573 
862  51 
863  795 
863  361 
863  212 
863  734 
864  745 
864  831 
864  353 
864  156 
865  546 
865  788 
865  177 
865  857 
866  590 
866  788 
866  41 
866  298 
867  449 
867  28 
867  611 
867  247 
868  270 
868  222 
868  423 
868  63 
869  65 
869  202 
869  274 
869  120 
870  707 
870  419 
870  46 
870  268 
871  308 
871  548 
871  530 
871  362 
872  51 
872  311 
872  200 
872  84 
873  549 
873  736 
873  54 
873  868 
874  454 
874  683 
874  199 
874  489 
875  74 
875  653 
875  508 
875  685 
876  430 
876  354 
876  276 
876  461 
877  712 
877  95 
877  515 
877  871 
878  212 
878  865 
878  480 
878  380 
879  496 
879  680 
879  635 
879  570 
880  117 
880  311 
880  58 
880  192 
881  465 
881  746 
881  815 
881  879 
882  550 
882  495 
882  679 
882  522 
883  712 
883  788 
883  813 
883  156 
884  612 
884  186 
884  288 
884  733 
885  51 
885  43 
885  683 
885  825 
886  222 
886  861 
886  51 
886  441 
887  451 
887  653 
887  815 
887  44 
888  734 
888  325 
888  423 
888  840 
889  182 
889  647 
889  418 
889  721 
890  732 
890  240 
890  353 
890  313 
891  87 
891  276 
891  479 
891  234 
892  653 
892  331 
892  882 
892  23 
893  871 
893  82 
893  329 
893  885 
894  18 
894  213 
894  449 
894  755 
895  721 
895  182 
895  873 
895  706 
896  763 
896  591 
896  58 
896  315 
897  837 
897  441 
897  869 
897  442 
898  308 
898  528 
898  212 
898  877 
899  663 
899  840 
899  208 
899  318 
900  657 
900  76 
900  180 
900  436 
901  687 
901  343 
901  82 
901  815 
902  352 
902  499 
902  706 
902  409 
903  100 
903  147 
903  51 
903  118 
904  746 
904  689 
904  417 
904  575 
905  503 
905  424 
905  357 
905  861 
906  354 
906  590 
906  501 
906  176 
907  579 
907  741 
907  885 
907  307 
908  276 
908  822 
908  204 
908  58 
909  788 
909  632 
909  875 
909  438 
910  783 
910  148 
910  176 
910  293 
911  437 
911  7 
911  907 
911  176 
912  415 
912  911 
912  404 
912  868 
913  822 
913  498 
913  3 
913  363 
914  797 
914  29 
914  276 
914  620 
915  914 
915  788 
915  687 
915  309 
916  574 
916  470 
916  133 
916  863 
917  250 
917  709 
917  578 
917  574 
918  231 
918  242 
918  107 
918  29 
919  338 
919  508 
919  108 
919  178 
920  79 
920  108 
920  670 
920  696 
921  385 
921  553 
921  282 
921  469 
922  642 
922  903 
922  881 
922  131 
923  640 
923  414 
923  288 
923  151 
924  903 
924  712 
924  665 
924  146 
925  759 
925  671 
925  49 
925  847 
926  923 
926  341 
926  231 
926  749 
927  320 
927  205 
927  361 
927  810 
928  911 
928  178 
928  264 
928  714 
929  810 
929  521 
929  782 
929  31 
930  378 
930  612 
930  531 
930  911 
931  238 
931  493 
931  815 
931  404 
932  273 
932  815 
932  206 
932  95 
933  37 
933  930 
933  267 
933  199 
934  553 
934  921 
934  105 
934  404 
935  95 
935  613 
935  639 
935  269 
936  366 
936  383 
936  764 
936  853 
937  913 
937  627 
937  275 
937  4 
938  193 
938  434 
938  415 
938  873 
939  176 
939  847 
939  520 
939  441 
940  105 
940  239 
940  609 
940  336 
941  783 
941  583 
941  929 
941  924 
942  141 
942  250 
942  504 
942  702 
943  868 
943  28 
943  541 
943  418 
944  108 
944  937 
944  212 
944  269 
945  322 
945  334 
945  461 
945  276 
946  578 
946  671 
946  437 
946  20 
947  810 
947  616 
947  876 
947  261 
948  338 
948  671 
948  121 
948  470 
949  116 
949  936 
949  530 
949  326 
950  948 
950  395 
950  30 
950  839 
951  13 
951  843 
951  927 
951  518 
952  40 
952  170 
952  920 
952  565 
953  478 
953  948 
953  553 
953  370 
954  773 
954  37 
954  926 
954  608 
955  930 
955  936 
955  554 
955  366 
956  921 
956  912 
956  816 
956  439 
957  415 
957  833 
957  818 
957  618 
958  105 
958  534 
958  516 
958  520 
959  639 
959  823 
959  833 
959  851 
960  903 
960  948 
960  129 
960  236 
961  147 
961  617 
961  579 
961  479 
962  415 
962  960 
962  923 
962  197 
963  526 
963  529 
963  686 
963  248 
964  711 
964  856 
964  768 
964  749 
965  662 
965  80 
965  323 
965  898 
966  664 
966  303 
966  344 
966  961 
967  419 
967  127 
967  8 
967  230 
968  85 
968  459 
968  207 
968  815 
969  588 
969  608 
969  235 
969  621 
970  126 
970  893 
970  196 
970  451 
971  189 
971  875 
971  92 
971  180 
972  891 
972  504 
972  446 
972  833 
973  860 
973  313 
973  751 
973  625 
974  793 
974  92 
974  748 
974  627 
975  63 
975  596 
975  129 
975  726 
976  247 
976  92 
976  963 
976  437 
977  835 
977  239 
977  281 
977  976 
978  227 
978  738 
978  541 
978  774 
979  197 
979  949 
979  237 
979  226 
980  236 
980  54 
980  971 
980  827 
981  430 
981  891 
981  65 
981  944 
982  253 
982  581 
982  311 
982  736 
983  615 
983  937 
983  842 
983  2 
984  665 
984  762 
984  303 
984  565 
985  445 
985  429 
985  960 
985  470 
986  291 
986  298 
986  632 
986  961 
987  571 
987  152 
987  606 
987  92 
988  758 
988  792 
988  513 
988  439 
989  773 
989  261 
989  672 
989  13 
990  291 
990  236 
990  465 
990  292 
991  451 
991  342 
991  412 
991  432 
992  120 
992  766 
992  468 
992  886 
993  658 
993  679 
993  214 
993  970 
994  987 
994  895 
994  727 
994  392 
995  62 
995  497 
995  827 
995  498 
996  173 
996  960 
996  120 
996  282 
997  69 
997  816 
997  297 
997  569 
998  486 
998  845 
998  227 
998  963 
999  839 
999  394 
999  820 
999  311 
1000  897 
1000  497 
1000  141 
1000  854 
1001  788 
1001  297 
1001  454 
1001  758 
1002  729 
1002  682 
1002  146 
1002  652 
1003  71 
1003  578 
1003  891 
1003  159 
1004  674 
1004  505 
1004  370 
1004  665 
1005  289 
1005  372 
1005  737 
1005  353 
1006  738 
1006  967 
1006  963 
1006  675 
1007  161 
1007  322 
1007  129 
1007  744 
1008  59 
1008  459 
1008  264 
1008  593 
1009  77 
1009  886 
1009  472 
1009  394 
1010  773 
1010  727 
1010  130 
1010  971 
1011  404 
1011  800 
1011  394 
1011  114 
1012  104 
1012  675 
1012  325 
1012  365 
1013  951 
1013  628 
1013  342 
1013  997 
1014  752 
1014  734 
1014  262 
1014  467 
1015  605 
1015  193 
1015  938 
1015  865 
1016  23 
1016  537 
1016  645 
1016  795 
1017  941 
1017  110 
1017  947 
1017  928 
1018  516 
1018  284 
1018  964 
1018  401 
1019  663 
1019  527 
1019  882 
1019  110 
1020  939 
1020  732 
1020  1017 
1020  645 
1021  313 
1021  774 
1021  104 
1021  178 
1022  15 
1022  988 
1022  614 
1022  466 
1023  168 
1023  356 
1023  139 
1023  769 
1024  54 
1024  534 
1024  409 
1024  538 
1025  546 
1025  191 
1025  54 
1025  322 
1026  1023 
1026  609 
1026  220 
1026  29 
1027  834 
1027  819 
1027  821 
1027  79 
1028  118 
1028  941 
1028  659 
1028  321 
1029  587 
1029  708 
1029  221 
1029  829 
1030  166 
1030  812 
1030  22 
1030  424 
1031  1029 
1031  711 
1031  600 
1031  692 
1032  1028 
1032  634 
1032  878 
1032  511 
1033  34 
1033  104 
1033  1017 
1033  1015 
1034  748 
1034  609 
1034  1028 
1034  459 
1035  976 
1035  939 
1035  653 
1035  1017 
1036  293 
1036  137 
1036  218 
1036  187 
1037  1035 
1037  593 
1037  130 
1037  714 
1038  505 
1038  23 
1038  986 
1038  459 
1039  732 
1039  479 
1039  1012 
1039  1016 
1040  1017 
1040  729 
1040  520 
1040  732 
1041  991 
1041  102 
1041  89 
1041  79 
1042  1013 
1042  594 
1042  949 
1042  127 
1043  845 
1043  732 
1043  768 
1043  646 
1044  924 
1044  781 
1044  967 
1044  1041 
1045  560 
1045  1044 
1045  914 
1045  527 
1046  909 
1046  610 
1046  1028 
1046  429 
1047  774 
1047  535 
1047  71 
1047  97 
1048  1045 
1048  519 
1048  330 
1048  615 
1049  703 
1049  610 
1049  984 
1049  989 
1050  208 
1050  279 
1050  878 
1050  621 
1051  540 
1051  848 
1051  33 
1051  1042 
1052  510 
1052  841 
1052  97 
1052  830 
1053  282 
1053  449 
1053  170 
1053  29 
1054  726 
1054  400 
1054  174 
1054  100 
1055  1011 
1055  92 
1055  489 
1055  1047 
1056  331 
1056  887 
1056  153 
1056  499 
1057  449 
1057  298 
1057  152 
1057  69 
1058  421 
1058  291 
1058  1042 
1058  937 
1059  489 
1059  282 
1059  891 
1059  608 
1060  428 
1060  403 
1060  253 
1060  1016 
1061  598 
1061  100 
1061  178 
1061  314 
1062  223 
1062  886 
1062  307 
1062  73 
1063  84 
1063  1061 
1063  1037 
1063  121 
1064  622 
1064  691 
1064  821 
1064  696 
1065  62 
1065  1063 
1065  568 
1065  208 
1066  6 
1066  563 
1066  888 
1066  242 
1067  75 
1067  37 
1067  185 
1067  238 
1068  931 
1068  1015 
1068  477 
1068  863 
1069  344 
1069  164 
1069  205 
1069  237 
1070  331 
1070  848 
1070  262 
1070  738 
1071  499 
1071  16 
1071  487 
1071  74 
1072  494 
1072  1069 
1072  468 
1072  853 
1073  56 
1073  778 
1073  829 
1073  363 
1074  24 
1074  622 
1074  918 
1074  1071 
1075  886 
1075  300 
1075  1019 
1075  729 
1076  892 
1076  587 
1076  139 
1076  598 
1077  960 
1077  650 
1077  440 
1077  676 
1078  949 
1078  380 
1078  789 
1078  170 
1079  889 
1079  330 
1079  788 
1079  927 
1080  222 
1080  686 
1080  621 
1080  829 
1081  592 
1081  617 
1081  477 
1081  1059 
1082  440 
1082  858 
1082  299 
1082  378 
1083  242 
1083  1042 
1083  375 
1083  44 
1084  330 
1084  931 
1084  170 
1084  597 
1085  1002 
1085  195 
1085  550 
1085  245 
1086  242 
1086  450 
1086  1018 
1086  1029 
1087  418 
1087  495 
1087  943 
1087  136 
1088  886 
1088  523 
1088  1074 
1088  427 
1089  421 
1089  482 
1089  697 
1089  1057 
1090  46 
1090  73 
1090  39 
1090  663 
1091  278 
1091  1044 
1091  590 
1091  358 
1092  790 
1092  40 
1092  1090 
1092  380 
1093  941 
1093  1050 
1093  854 
1093  1065 
1094  319 
1094  795 
1094  820 
1094  1045 
1095  294 
1095  1071 
1095  508 
1095  624 
1096  1072 
1096  246 
1096  947 
1096  709 
1097  489 
1097  78 
1097  360 
1097  1072 
1098  559 
1098  1048 
1098  399 
1098  148 
1099  136 
1099  1065 
1099  873 
1099  417 
1100  561 
1100  1060 
1100  24 
1100  616 
1101  241 
1101  660 
1101  1059 
1101  1066 
1102  837 
1102  719 
1102  499 
1102  778 
1103  1099 
1103  520 
1103  1026 
1103  1018 
1104  688 
1104  368 
1104  778 
1104  1072 
1105  849 
1105  1100 
1105  888 
1105  202 
1106  1071 
1106  592 
1106  598 
1106  495 
1107  73 
1107  1092 
1107  74 
1107  224 
1108  120 
1108  57 
1108  309 
1108  1073 
1109  545 
1109  230 
1109  277 
1109  627 
1110  250 
1110  496 
1110  1053 
1110  808 
1111  889 
1111  160 
1111  485 
1111  967 
1112  576 
1112  305 
1112  389 
1112  1024 
1113  9 
1113  282 
1113  976 
1113  470 
1114  967 
1114  1109 
1114  132 
1114  253 
1115  855 
1115  1038 
1115  1013 
1115  1008 
1116  575 
1116  979 
1116  950 
1116  1051 
1117  416 
1117  652 
1117  271 
1117  528 
1118  634 
1118  793 
1118  294 
1118  976 
1119  940 
1119  104 
1119  493 
1119  695 
1120  1013 
1120  1049 
1120  9 
1120  701 
1121  1117 
1121  348 
1121  1043 
1121  667 
1122  504 
1122  1121 
1122  709 
1122  590 
1123  14 
1123  516 
1123  55 
1123  203 
1124  1077 
1124  992 
1124  1122 
1124  976 
1125  102 
1125  1019 
1125  616 
1125  371 
1126  716 
1126  528 
1126  320 
1126  589 
1127  152 
1127  520 
1127  1066 
1127  766 
1128  769 
1128  991 
1128  193 
1128  739 
1129  971 
1129  471 
1129  759 
1129  764 
1130  435 
1130  819 
1130  580 
1130  454 
1131  528 
1131  300 
1131  139 
1131  738 
1132  458 
1132  98 
1132  583 
1132  861 
1133  429 
1133  501 
1133  504 
1133  1099 
1134  230 
1134  1009 
1134  857 
1134  221 
1135  317 
1135  325 
1135  10 
1135  423 
1136  197 
1136  1089 
1136  272 
1136  1119 
1137  797 
1137  108 
1137  140 
1137  1127 
1138  209 
1138  746 
1138  477 
1138  356 
1139  350 
1139  890 
1139  761 
1139  502 
1140  703 
1140  325 
1140  1050 
1140  1100 
1141  599 
1141  1018 
1141  528 
1141  1049 
1142  324 
1142  528 
1142  851 
1142  490 
1143  663 
1143  814 
1143  151 
1143  851 
1144  104 
1144  794 
1144  395 
1144  868 
1145  213 
1145  883 
1145  307 
1145  2 
1146  361 
1146  646 
1146  103 
1146  868 
1147  526 
1147  1121 
1147  26 
1147  1031 
1148  808 
1148  780 
1148  84 
1148  1116 
1149  542 
1149  1043 
1149  254 
1149  425 
1150  919 
1150  841 
1150  360 
1150  618 
1151  982 
1151  143 
1151  1130 
1151  1065 
1152  1055 
1152  1144 
1152  580 
1152  754 
1153  375 
1153  151 
1153  103 
1153  130 
1154  1096 
1154  1127 
1154  992 
1154  475 
1155  1116 
1155  122 
1155  309 
1155  794 
1156  620 
1156  1048 
1156  590 
1156  617 
1157  420 
1157  430 
1157  880 
1157  1087 
1158  423 
1158  608 
1158  646 
1158  455 
1159  238 
1159  329 
1159  668 
1159  738 
1160  513 
1160  608 
1160  147 
1160  1071 
1161  185 
1161  82 
1161  226 
1161  814 
1162  739 
1162  698 
1162  856 
1162  577 
1163  815 
1163  626 
1163  574 
1163  708 
1164  627 
1164  1136 
1164  61 
1164  384 
1165  831 
1165  298 
1165  626 
1165  1070 
1166  641 
1166  369 
1166  361 
1166  756 
1167  692 
1167  4 
1167  932 
1167  548 
1168  1080 
1168  377 
1168  1117 
1168  1025 
1169  135 
1169  648 
1169  1128 
1169  515 
1170  689 
1170  381 
1170  604 
1170  156 
1171  706 
1171  361 
1171  631 
1171  218 
1172  212 
1172  604 
1172  291 
1172  1149 
1173  1155 
1173  426 
1173  536 
1173  983 
1174  212 
1174  943 
1174  337 
1174  857 
1175  64 
1175  472 
1175  856 
1175  102 
1176  48 
1176  255 
1176  990 
1176  802 
1177  1170 
1177  900 
1177  196 
1177  621 
1178  617 
1178  926 
1178  307 
1178  774 
1179  240 
1179  476 
1179  185 
1179  395 
1180  725 
1180  707 
1180  284 
1180  570 
1181  888 
1181  1034 
1181  524 
1181  595 
1182  665 
1182  160 
1182  177 
1182  717 
1183  145 
1183  1178 
1183  286 
1183  197 
1184  304 
1184  54 
1184  636 
1184  1103 
1185  709 
1185  608 
1185  695 
1185  1137 
1186  764 
1186  847 
1186  1174 
1186  833 
1187  608 
1187  733 
1187  743 
1187  65 
1188  275 
1188  1149 
1188  226 
1188  1179 
1189  1155 
1189  54 
1189  751 
1189  29 
1190  191 
1190  560 
1190  215 
1190  1160 
1191  711 
1191  891 
1191  67 
1191  239 
1192  393 
1192  624 
1192  1062 
1192  595 
1193  11 
1193  1138 
1193  655 
1193  402 
1194  216 
1194  11 
1194  678 
1194  891 
1195  138 
1195  280 
1195  277 
1195  983 
1196  355 
1196  110 
1196  304 
1196  1136 
1197  807 
1197  835 
1197  934 
1197  957 
1198  993 
1198  718 
1198  969 
1198  676 
1199  679 
1199  719 
1199  145 
1199  1163 
1200  34 
1200  1182 
1200  941 
1200  1049 
1201  311 
1201  716 
1201  1195 
1201  848 
1202  628 
1202  323 
1202  1178 
1202  708 
1203  47 
1203  1020 
1203  954 
1203  1168 
1204  1060 
1204  948 
1204  977 
1204  365 
1205  1004 
1205  803 
1205  956 
1205  501 
1206  56 
1206  209 
1206  803 
1206  751 
1207  99 
1207  685 
1207  937 
1207  556 
1208  1007 
1208  177 
1208  467 
1208  1073 
 

