1  2 
1  3 
1  4 
1  5 
1  6 
1  7 
1  8 
1  9 
1  10 
2  3 
2  4 
2  5 
2  6 
2  7 
2  8 
2  9 
2  10 
3  4 
3  5 
3  6 
3  7 
3  8 
3  9 
3  10 
4  5 
4  6 
4  7 
4  8 
4  9 
4  10 
5  6 
5  7 
5  8 
5  9 
5  10 
6  7 
6  8 
6  9 
6  10 
7  8 
7  9 
7  10 
8  9 
8  10 
9  10 
11  6 
11  1 
11  9 
11  3 
12  4 
12  7 
12  10 
12  11 
13  2 
13  6 
13  7 
13  1 
14  2 
14  6 
14  5 
14  1 
15  10 
15  5 
15  8 
15  13 
16  2 
16  9 
16  10 
16  11 
17  8 
17  1 
17  9 
17  7 
18  12 
18  14 
18  13 
18  5 
19  5 
19  6 
19  4 
19  15 
20  14 
20  5 
20  1 
20  9 
21  3 
21  6 
21  7 
21  14 
22  15 
22  7 
22  5 
22  8 
23  7 
23  9 
23  20 
23  11 
24  8 
24  13 
24  10 
24  20 
25  22 
25  4 
25  7 
25  10 
26  10 
26  12 
26  25 
26  6 
27  1 
27  7 
27  8 
27  20 
28  3 
28  4 
28  7 
28  8 
29  8 
29  27 
29  7 
29  10 
30  24 
30  10 
30  7 
30  2 
31  6 
31  5 
31  17 
31  21 
32  10 
32  8 
32  20 
32  4 
33  14 
33  24 
33  7 
33  20 
34  17 
34  33 
34  7 
34  10 
35  6 
35  10 
35  13 
35  15 
36  6 
36  8 
36  5 
36  1 
37  11 
37  35 
37  14 
37  7 
38  6 
38  5 
38  33 
38  16 
39  21 
39  26 
39  5 
39  33 
40  2 
40  4 
40  16 
40  7 
41  8 
41  33 
41  7 
41  19 
42  40 
42  22 
42  36 
42  10 
43  19 
43  34 
43  9 
43  8 
44  38 
44  11 
44  5 
44  25 
45  5 
45  39 
45  7 
45  6 
46  7 
46  14 
46  25 
46  3 
47  2 
47  41 
47  19 
47  8 
48  22 
48  33 
48  42 
48  16 
49  44 
49  4 
49  7 
49  3 
50  16 
50  9 
50  3 
50  19 
51  5 
51  31 
51  4 
51  9 
52  9 
52  7 
52  49 
52  8 
53  3 
53  33 
53  47 
53  16 
54  36 
54  7 
54  47 
54  38 
55  45 
55  10 
55  11 
55  9 
56  15 
56  1 
56  33 
56  22 
57  9 
57  53 
57  1 
57  25 
58  35 
58  4 
58  27 
58  24 
59  13 
59  27 
59  25 
59  29 
60  6 
60  50 
60  29 
60  9 
61  55 
61  4 
61  60 
61  15 
62  54 
62  21 
62  46 
62  60 
63  5 
63  50 
63  61 
63  8 
64  23 
64  6 
64  25 
64  2 
65  13 
65  10 
65  38 
65  5 
66  5 
66  1 
66  50 
66  2 
67  50 
67  10 
67  13 
67  7 
68  60 
68  28 
68  1 
68  8 
69  22 
69  13 
69  8 
69  60 
70  33 
70  5 
70  20 
70  10 
71  5 
71  8 
71  22 
71  3 
72  24 
72  42 
72  51 
72  43 
73  7 
73  14 
73  46 
73  20 
74  68 
74  21 
74  1 
74  40 
75  19 
75  52 
75  5 
75  1 
76  9 
76  41 
76  20 
76  22 
77  59 
77  31 
77  23 
77  36 
78  77 
78  48 
78  7 
78  4 
79  9 
79  24 
79  37 
79  7 
80  32 
80  59 
80  17 
80  26 
81  66 
81  54 
81  9 
81  37 
82  66 
82  1 
82  58 
82  9 
83  6 
83  20 
83  56 
83  65 
84  7 
84  73 
84  45 
84  11 
85  19 
85  35 
85  22 
85  33 
86  35 
86  2 
86  11 
86  21 
87  72 
87  21 
87  84 
87  11 
88  23 
88  15 
88  49 
88  27 
89  4 
89  59 
89  77 
89  64 
90  12 
90  84 
90  89 
90  71 
91  15 
91  84 
91  8 
91  19 
92  73 
92  1 
92  30 
92  55 
93  28 
93  15 
93  36 
93  9 
94  1 
94  51 
94  5 
94  26 
95  7 
95  51 
95  20 
95  15 
96  4 
96  24 
96  7 
96  10 
97  3 
97  7 
97  22 
97  14 
98  12 
98  15 
98  83 
98  56 
99  55 
99  1 
99  83 
99  5 
100  33 
100  10 
100  82 
100  71 
101  98 
101  5 
101  3 
101  4 
102  2 
102  82 
102  22 
102  64 
103  45 
103  10 
103  3 
103  77 
104  77 
104  8 
104  10 
104  7 
105  32 
105  55 
105  34 
105  71 
106  93 
106  5 
106  4 
106  51 
107  102 
107  7 
107  10 
107  14 
108  7 
108  16 
108  6 
108  24 
109  50 
109  33 
109  59 
109  2 
110  56 
110  7 
110  16 
110  80 
111  8 
111  7 
111  35 
111  44 
112  36 
112  3 
112  1 
112  7 
113  84 
113  15 
113  59 
113  105 
114  74 
114  93 
114  53 
114  10 
115  10 
115  65 
115  7 
115  22 
116  5 
116  33 
116  86 
116  12 
117  16 
117  45 
117  98 
117  19 
118  33 
118  8 
118  3 
118  1 
119  33 
119  110 
119  50 
119  71 
120  6 
120  12 
120  45 
120  35 
121  33 
121  7 
121  4 
121  55 
122  41 
122  55 
122  13 
122  63 
123  1 
123  86 
123  6 
123  8 
124  58 
124  5 
124  83 
124  8 
125  1 
125  33 
125  9 
125  92 
126  60 
126  73 
126  8 
126  10 
127  3 
127  70 
127  102 
127  10 
128  47 
128  6 
128  30 
128  10 
129  100 
129  10 
129  31 
129  5 
130  123 
130  80 
130  15 
130  23 
131  54 
131  20 
131  6 
131  7 
132  20 
132  41 
132  22 
132  91 
133  109 
133  15 
133  2 
133  120 
134  57 
134  20 
134  6 
134  86 
135  70 
135  7 
135  3 
135  79 
136  60 
136  2 
136  39 
136  15 
137  123 
137  47 
137  79 
137  35 
138  7 
138  59 
138  73 
138  54 
139  56 
139  9 
139  2 
139  128 
140  15 
140  74 
140  32 
140  90 
141  2 
141  69 
141  35 
141  47 
142  96 
142  12 
142  7 
142  124 
143  83 
143  51 
143  10 
143  22 
144  3 
144  113 
144  126 
144  10 
145  19 
145  113 
145  92 
145  6 
146  20 
146  2 
146  4 
146  100 
147  90 
147  20 
147  108 
147  15 
148  60 
148  2 
148  146 
148  50 
149  8 
149  11 
149  25 
149  96 
150  52 
150  63 
150  17 
150  78 
151  112 
151  78 
151  114 
151  7 
152  10 
152  64 
152  109 
152  136 
153  55 
153  3 
153  16 
153  7 
154  90 
154  149 
154  118 
154  57 
155  84 
155  113 
155  109 
155  96 
156  106 
156  84 
156  24 
156  50 
157  6 
157  25 
157  74 
157  13 
158  92 
158  4 
158  128 
158  47 
159  64 
159  108 
159  93 
159  62 
160  128 
160  57 
160  35 
160  27 
161  148 
161  107 
161  7 
161  3 
162  28 
162  10 
162  12 
162  54 
163  2 
163  22 
163  46 
163  26 
164  10 
164  21 
164  149 
164  23 
165  42 
165  1 
165  7 
165  5 
166  24 
166  30 
166  165 
166  22 
167  139 
167  7 
167  5 
167  16 
168  8 
168  10 
168  22 
168  4 
169  161 
169  64 
169  107 
169  108 
170  3 
170  137 
170  145 
170  78 
171  89 
171  16 
171  9 
171  49 
172  8 
172  118 
172  82 
172  3 
173  125 
173  15 
173  9 
173  1 
174  16 
174  30 
174  77 
174  70 
175  1 
175  11 
175  50 
175  15 
176  5 
176  17 
176  93 
176  48 
177  132 
177  77 
177  26 
177  15 
178  20 
178  7 
178  12 
178  9 
179  63 
179  135 
179  126 
179  147 
180  139 
180  66 
180  1 
180  49 
181  8 
181  71 
181  10 
181  113 
182  178 
182  9 
182  131 
182  123 
183  176 
183  122 
183  9 
183  97 
184  139 
184  174 
184  73 
184  54 
185  26 
185  16 
185  124 
185  166 
186  8 
186  86 
186  19 
186  54 
187  97 
187  5 
187  90 
187  157 
188  94 
188  173 
188  144 
188  134 
189  4 
189  42 
189  140 
189  6 
190  1 
190  7 
190  22 
190  174 
191  27 
191  61 
191  171 
191  29 
192  37 
192  113 
192  133 
192  21 
193  127 
193  93 
193  62 
193  45 
194  185 
194  70 
194  10 
194  130 
195  100 
195  58 
195  24 
195  42 
196  84 
196  114 
196  7 
196  20 
197  162 
197  94 
197  20 
197  42 
198  115 
198  6 
198  182 
198  97 
199  127 
199  9 
199  172 
199  22 
200  170 
200  8 
200  112 
200  44 
1  201 
1  202 
1  203 
1  204 
2  205 
2  201 
2  202 
2  203 
2  204 
2  206 
3  207 
3  208 
3  203 
3  206 
4  205 
4  201 
4  204 
5  205 
5  202 
5  208 
5  203 
5  204 
6  207 
7  205 
7  208 
7  204 
8  207 
8  205 
8  203 
8  206 
9  205 
9  201 
9  202 
10  201 
10  202 
10  206 
11  207 
11  201 
11  202 
11  208 
11  203 
11  204 
12  207 
12  205 
12  204 
13  207 
13  202 
13  208 
14  207 
14  205 
14  201 
14  208 
14  203 
14  206 
15  207 
15  201 
15  208 
15  203 
15  204 
15  206 
16  207 
16  203 
16  204 
17  203 
17  206 
18  204 
19  207 
19  208 
19  203 
19  204 
19  206 
20  207 
20  205 
20  201 
20  202 
20  208 
20  204 
21  202 
21  208 
21  203 
21  204 
22  205 
22  208 
22  203 
22  206 
23  207 
23  205 
23  201 
23  208 
23  203 
23  204 
23  206 
24  207 
24  201 
24  202 
24  203 
24  206 
25  207 
25  205 
25  202 
25  206 
26  207 
26  205 
26  201 
26  202 
26  208 
26  203 
26  206 
27  207 
27  205 
27  202 
27  208 
27  203 
27  204 
28  201 
28  208 
28  203 
28  204 
28  206 
29  205 
29  202 
29  208 
29  204 
30  207 
30  205 
30  208 
30  206 
31  207 
31  205 
31  208 
31  203 
31  204 
32  205 
32  202 
32  204 
32  206 
33  201 
33  202 
33  208 
34  205 
34  202 
35  207 
35  205 
36  201 
36  202 
36  204 
36  206 
37  207 
37  205 
37  202 
37  208 
37  203 
37  204 
37  206 
38  203 
38  204 
39  205 
39  201 
39  202 
39  206 
40  201 
40  203 
40  206 
41  207 
41  201 
41  202 
41  203 
41  204 
42  207 
42  202 
42  204 
43  207 
43  201 
43  202 
43  208 
43  204 
44  207 
44  205 
44  201 
44  202 
44  203 
45  205 
45  201 
45  208 
45  203 
45  206 
46  207 
46  201 
46  202 
46  208 
47  207 
47  201 
47  208 
47  206 
48  208 
48  206 
49  207 
49  205 
49  201 
49  208 
50  202 
50  208 
50  206 
207  205 
205  201 
201  202 
202  208 
208  203 
203  204 
204  206 
207  201 
207  208 
207  203 
207  204 
205  203 
205  204 
201  208 
201  203 
202  207 
202  203 
208  205 
204  201 
206  201 
206  202 
51  207 
51  205 
51  208 
51  204 
209  147 
209  41 
209  184 
209  88 
210  31 
210  178 
210  137 
210  89 
211  103 
211  57 
211  41 
211  208 
212  91 
212  19 
212  90 
212  72 
213  150 
213  167 
213  6 
213  103 
214  21 
214  40 
214  107 
214  167 
215  107 
215  102 
215  34 
215  138 
216  102 
216  200 
216  91 
216  48 
217  136 
217  210 
217  83 
217  74 
218  48 
218  125 
218  113 
218  100 
219  133 
219  20 
219  190 
219  192 
220  74 
220  217 
220  212 
220  150 
221  219 
221  29 
221  69 
221  157 
222  9 
222  41 
222  168 
222  135 
223  107 
223  11 
223  122 
223  114 
224  217 
224  91 
224  150 
224  161 
225  13 
225  171 
225  90 
225  32 
226  28 
226  105 
226  56 
226  132 
227  179 
227  30 
227  109 
227  221 
228  161 
228  222 
228  91 
228  217 
52  201 
53  205 
53  201 
53  208 
53  204 
54  207 
54  205 
54  208 
54  204 
54  206 
229  40 
229  95 
229  30 
229  129 
230  203 
230  16 
230  149 
230  109 
231  26 
231  39 
231  82 
231  208 
232  163 
232  106 
232  69 
232  121 
233  220 
233  21 
233  30 
233  57 
234  230 
234  80 
234  85 
234  227 
235  135 
235  212 
235  152 
235  101 
236  148 
236  15 
236  115 
236  20 
237  92 
237  94 
237  235 
237  1 
238  48 
238  232 
238  186 
238  130 
239  167 
239  112 
239  17 
239  206 
240  237 
240  1 
240  124 
240  92 
241  43 
241  220 
241  134 
241  185 
242  216 
242  20 
242  199 
242  123 
243  240 
243  232 
243  32 
243  134 
244  121 
244  40 
244  127 
244  61 
245  234 
245  88 
245  80 
245  192 
246  195 
246  125 
246  237 
246  101 
247  163 
247  118 
247  246 
247  125 
248  61 
248  231 
248  22 
248  27 
55  205 
55  202 
55  208 
55  203 
55  204 
55  206 
56  207 
56  205 
56  203 
56  204 
57  202 
57  208 
57  204 
58  207 
58  205 
58  208 
59  207 
59  208 
249  206 
249  30 
249  43 
249  205 
250  162 
250  196 
250  114 
250  43 
251  174 
251  142 
251  199 
251  221 
252  62 
252  121 
252  129 
252  99 
253  136 
253  101 
253  16 
253  72 
254  206 
254  174 
254  153 
254  136 
255  12 
255  113 
255  133 
255  17 
256  251 
256  212 
256  181 
256  46 
257  37 
257  13 
257  56 
257  225 
258  251 
258  255 
258  66 
258  67 
259  235 
259  247 
259  137 
259  12 
260  28 
260  251 
260  207 
260  170 
261  225 
261  106 
261  23 
261  224 
262  191 
262  122 
262  107 
262  46 
263  56 
263  40 
263  102 
263  255 
264  261 
264  61 
264  67 
264  131 
265  249 
265  237 
265  170 
265  246 
266  257 
266  229 
266  63 
266  120 
267  188 
267  129 
267  154 
267  23 
268  267 
268  257 
268  254 
268  265 
60  201 
60  203 
61  207 
61  205 
61  208 
61  203 
61  206 
62  207 
62  205 
62  201 
62  208 
62  203 
1  269 
2  269 
6  269 
7  269 
8  269 
14  269 
15  269 
16  269 
17  269 
18  269 
19  269 
20  269 
21  269 
23  269 
25  269 
26  269 
29  269 
30  269 
31  269 
34  269 
35  269 
36  269 
41  269 
44  269 
45  269 
46  269 
47  269 
48  269 
50  269 
52  269 
54  269 
59  269 
60  269 
205  206 
202  204 
204  208 
206  207 
206  203 
269  207 
269  205 
269  201 
269  203 
269  204 
270  203 
270  17 
270  193 
270  25 
271  203 
271  179 
271  270 
271  47 
272  84 
272  82 
272  244 
272  58 
273  24 
273  270 
273  38 
273  119 
274  73 
274  17 
274  30 
274  266 
275  4 
275  194 
275  142 
275  165 
276  17 
276  20 
276  195 
276  181 
277  63 
277  276 
277  18 
277  70 
278  238 
278  82 
278  276 
278  151 
279  274 
279  22 
279  132 
279  256 
280  276 
280  188 
280  182 
280  130 
281  162 
281  140 
281  273 
281  147 
282  131 
282  195 
282  248 
282  276 
283  167 
283  277 
283  193 
283  30 
284  90 
284  140 
284  142 
284  26 
285  67 
285  252 
285  99 
285  22 
286  32 
286  158 
286  71 
286  132 
287  8 
287  275 
287  25 
287  187 
288  86 
288  21 
288  107 
288  122 
289  77 
289  118 
289  278 
289  26 
63  207 
63  201 
63  202 
63  208 
63  206 
64  207 
64  206 
290  188 
290  234 
290  18 
290  195 
291  63 
291  166 
291  101 
291  199 
292  290 
292  231 
292  258 
292  253 
293  112 
293  9 
293  132 
293  28 
294  270 
294  85 
294  77 
294  154 
295  135 
295  45 
295  161 
295  64 
296  1 
296  259 
296  294 
296  292 
297  238 
297  293 
297  175 
297  217 
298  72 
298  243 
298  19 
298  71 
299  123 
299  46 
299  153 
299  122 
300  136 
300  290 
300  285 
300  105 
301  192 
301  18 
301  59 
301  61 
302  258 
302  186 
302  300 
302  44 
303  198 
303  213 
303  294 
303  258 
304  158 
304  66 
304  123 
304  205 
305  105 
305  123 
305  178 
305  158 
306  210 
306  300 
306  162 
306  205 
307  229 
307  205 
307  51 
307  248 
308  171 
308  176 
308  305 
308  303 
309  270 
309  165 
309  285 
309  122 
65  207 
65  205 
65  201 
65  208 
65  204 
65  206 
66  207 
66  202 
66  208 
66  204 
66  269 
67  207 
67  202 
67  203 
67  269 
310  250 
310  124 
310  13 
310  205 
311  234 
311  1 
311  124 
311  295 
312  249 
312  73 
312  99 
312  70 
313  271 
313  128 
313  206 
313  32 
314  200 
314  307 
314  227 
314  104 
315  226 
315  228 
315  53 
315  167 
316  65 
316  164 
316  36 
316  131 
317  204 
317  1 
317  282 
317  91 
318  254 
318  74 
318  160 
318  307 
319  274 
319  39 
319  310 
319  285 
320  234 
320  46 
320  108 
320  32 
321  201 
321  16 
321  165 
321  36 
322  251 
322  42 
322  128 
322  4 
323  243 
323  79 
323  131 
323  318 
324  107 
324  75 
324  211 
324  115 
325  279 
325  193 
325  200 
325  102 
326  184 
326  278 
326  269 
326  268 
327  3 
327  320 
327  107 
327  50 
328  84 
328  45 
328  274 
328  94 
329  88 
329  265 
329  312 
329  319 
68  207 
68  202 
68  208 
68  206 
68  269 
69  207 
69  202 
69  203 
69  204 
330  230 
330  295 
330  182 
330  116 
331  75 
331  36 
331  51 
331  123 
332  111 
332  82 
332  278 
332  229 
333  138 
333  97 
333  326 
333  258 
334  285 
334  238 
334  1 
334  176 
335  312 
335  83 
335  140 
335  100 
336  279 
336  315 
336  3 
336  51 
337  136 
337  3 
337  311 
337  137 
338  128 
338  163 
338  124 
338  201 
339  81 
339  314 
339  218 
339  50 
340  30 
340  184 
340  282 
340  235 
341  160 
341  146 
341  17 
341  163 
342  317 
342  163 
342  199 
342  145 
343  57 
343  41 
343  48 
343  222 
344  142 
344  39 
344  81 
344  211 
345  41 
345  141 
345  88 
345  247 
346  3 
346  103 
346  182 
346  127 
347  340 
347  140 
347  103 
347  119 
348  184 
348  346 
348  117 
348  119 
349  342 
349  332 
349  69 
349  168 
70  207 
70  205 
70  208 
70  204 
70  206 
71  207 
71  208 
71  203 
71  204 
71  206 
72  205 
72  202 
72  208 
72  203 
72  206 
72  269 
73  205 
73  201 
73  204 
73  206 
73  269 
74  205 
74  201 
74  206 
350  140 
350  323 
350  324 
350  185 
351  238 
351  243 
351  228 
351  174 
352  30 
352  334 
352  201 
352  312 
353  313 
353  189 
353  350 
353  344 
354  258 
354  13 
354  58 
354  308 
355  109 
355  258 
355  216 
355  318 
356  353 
356  302 
356  20 
356  75 
357  111 
357  350 
357  265 
357  222 
358  227 
358  350 
358  232 
358  259 
359  217 
359  36 
359  311 
359  289 
360  179 
360  326 
360  357 
360  306 
361  242 
361  318 
361  121 
361  251 
362  223 
362  28 
362  260 
362  238 
363  166 
363  76 
363  242 
363  253 
364  130 
364  187 
364  85 
364  56 
365  280 
365  71 
365  233 
365  258 
366  201 
366  269 
366  225 
366  260 
367  129 
367  216 
367  30 
367  352 
368  364 
368  214 
368  149 
368  334 
369  165 
369  185 
369  331 
369  290 
75  207 
75  205 
75  202 
75  208 
75  206 
76  205 
76  201 
76  208 
76  204 
76  206 
370  346 
370  300 
370  11 
370  263 
371  370 
371  154 
371  287 
371  206 
372  110 
372  71 
372  194 
372  107 
373  355 
373  299 
373  241 
373  5 
374  198 
374  42 
374  102 
374  130 
375  115 
375  169 
375  14 
375  341 
376  320 
376  91 
376  162 
376  352 
377  135 
377  320 
377  299 
377  56 
378  5 
378  205 
378  31 
378  186 
379  301 
379  85 
379  111 
379  211 
380  340 
380  375 
380  79 
380  33 
381  236 
381  47 
381  160 
381  92 
382  50 
382  71 
382  12 
382  79 
383  114 
383  378 
383  216 
383  49 
384  186 
384  341 
384  140 
384  381 
385  113 
385  196 
385  193 
385  230 
386  272 
386  32 
386  347 
386  287 
387  107 
387  348 
387  190 
387  113 
388  137 
388  85 
388  375 
388  136 
389  388 
389  98 
389  339 
389  287 
77  202 
77  204 
77  206 
77  269 
78  208 
78  203 
78  269 
79  204 
80  202 
81  205 
81  201 
81  202 
81  206 
81  269 
390  306 
390  368 
390  146 
390  235 
391  146 
391  196 
391  176 
391  199 
392  107 
392  195 
392  91 
392  97 
393  101 
393  111 
393  27 
393  39 
394  27 
394  347 
394  391 
394  214 
395  343 
395  361 
395  131 
395  273 
396  341 
396  119 
396  56 
396  365 
397  391 
397  23 
397  301 
397  147 
398  257 
398  61 
398  41 
398  394 
399  39 
399  284 
399  262 
399  341 
400  1 
400  232 
400  313 
400  330 
401  359 
401  332 
401  391 
401  233 
402  394 
402  382 
402  400 
402  395 
403  131 
403  2 
403  6 
403  400 
404  99 
404  335 
404  57 
404  136 
405  398 
405  1 
405  156 
405  396 
406  387 
406  262 
406  211 
406  238 
407  283 
407  139 
407  266 
407  390 
408  307 
408  277 
408  404 
408  32 
409  35 
409  405 
409  400 
409  401 
82  205 
82  201 
82  202 
82  208 
82  204 
82  206 
82  269 
83  202 
83  269 
410  237 
410  227 
410  342 
410  348 
411  140 
411  123 
411  320 
411  160 
412  207 
412  13 
412  48 
412  108 
413  11 
413  395 
413  396 
413  97 
414  68 
414  151 
414  279 
414  128 
415  184 
415  78 
415  49 
415  283 
416  46 
416  100 
416  184 
416  280 
417  19 
417  347 
417  117 
417  200 
418  393 
418  324 
418  18 
418  45 
419  399 
419  177 
419  180 
419  18 
420  252 
420  225 
420  100 
420  19 
421  412 
421  72 
421  417 
421  95 
422  420 
422  149 
422  220 
422  100 
423  1 
423  18 
423  394 
423  246 
424  189 
424  279 
424  17 
424  230 
425  338 
425  398 
425  151 
425  206 
426  159 
426  108 
426  182 
426  147 
427  410 
427  217 
427  348 
427  95 
428  254 
428  117 
428  284 
428  418 
429  242 
429  335 
429  199 
429  91 
84  207 
84  205 
84  201 
84  208 
84  204 
84  269 
85  205 
85  201 
85  202 
85  208 
85  269 
430  112 
430  110 
430  290 
430  24 
431  156 
431  225 
431  205 
431  265 
432  38 
432  45 
432  383 
432  194 
433  242 
433  10 
433  207 
433  339 
434  345 
434  93 
434  291 
434  313 
435  433 
435  397 
435  3 
435  32 
436  339 
436  236 
436  4 
436  77 
437  357 
437  23 
437  146 
437  432 
438  349 
438  434 
438  200 
438  411 
439  331 
439  224 
439  187 
439  395 
440  372 
440  95 
440  411 
440  143 
441  159 
441  423 
441  138 
441  381 
442  23 
442  425 
442  12 
442  337 
443  194 
443  61 
443  116 
443  41 
444  14 
444  179 
444  143 
444  61 
445  215 
445  304 
445  427 
445  433 
446  179 
446  9 
446  161 
446  76 
447  365 
447  383 
447  439 
447  138 
448  440 
448  223 
448  196 
448  434 
449  309 
449  333 
449  277 
449  385 
86  207 
86  202 
86  208 
86  204 
86  206 
86  269 
87  201 
87  202 
87  203 
87  204 
87  206 
88  205 
88  201 
88  202 
88  208 
89  205 
89  208 
89  203 
450  232 
450  203 
450  437 
450  28 
451  45 
451  442 
451  423 
451  267 
452  150 
452  256 
452  115 
452  389 
453  55 
453  26 
453  265 
453  220 
454  165 
454  448 
454  193 
454  61 
455  231 
455  341 
455  40 
455  20 
456  341 
456  265 
456  446 
456  359 
457  221 
457  283 
457  68 
457  440 
458  209 
458  318 
458  256 
458  427 
459  262 
459  28 
459  181 
459  454 
460  458 
460  354 
460  62 
460  249 
461  457 
461  247 
461  120 
461  277 
462  290 
462  60 
462  12 
462  165 
463  368 
463  334 
463  258 
463  446 
464  451 
464  55 
464  4 
464  319 
465  323 
465  337 
465  251 
465  303 
466  218 
466  452 
466  252 
466  429 
467  12 
467  17 
467  131 
467  45 
468  310 
468  455 
468  152 
468  72 
469  133 
469  319 
469  320 
469  454 
90  207 
90  205 
90  201 
90  202 
90  208 
90  269 
91  269 
470  297 
470  214 
470  457 
470  192 
471  341 
471  362 
471  73 
471  139 
472  24 
472  79 
472  336 
472  396 
473  471 
473  43 
473  107 
473  134 
474  210 
474  305 
474  386 
474  377 
475  24 
475  108 
475  452 
475  328 
476  398 
476  367 
476  347 
476  134 
477  327 
477  468 
477  245 
477  303 
478  423 
478  169 
478  437 
478  413 
479  310 
479  409 
479  474 
479  417 
480  58 
480  126 
480  460 
480  124 
481  367 
481  346 
481  334 
481  152 
482  209 
482  417 
482  452 
482  168 
483  478 
483  355 
483  3 
483  377 
484  479 
484  288 
484  476 
484  50 
485  474 
485  213 
485  207 
485  405 
486  110 
486  477 
486  134 
486  70 
487  486 
487  56 
487  189 
487  249 
488  241 
488  439 
488  476 
488  450 
489  406 
489  480 
489  31 
489  287 
92  205 
92  203 
490  350 
490  141 
490  421 
490  297 
491  146 
491  331 
491  63 
491  98 
492  142 
492  491 
492  127 
492  346 
493  409 
493  342 
493  444 
493  277 
494  214 
494  156 
494  428 
494  330 
495  271 
495  75 
495  439 
495  485 
496  36 
496  211 
496  297 
496  312 
497  247 
497  79 
497  476 
497  429 
498  161 
498  41 
498  399 
498  111 
499  290 
499  22 
499  275 
499  486 
500  152 
500  493 
500  486 
500  312 
501  411 
501  247 
501  497 
501  374 
502  420 
502  474 
502  376 
502  301 
503  136 
503  370 
503  407 
503  439 
504  31 
504  499 
504  450 
504  490 
505  336 
505  46 
505  485 
505  117 
506  497 
506  99 
506  425 
506  366 
507  271 
507  214 
507  323 
507  225 
508  378 
508  58 
508  36 
508  300 
509  149 
509  31 
509  111 
509  231 
93  205 
93  202 
93  208 
93  206 
94  207 
94  202 
94  204 
94  206 
95  207 
95  205 
95  203 
95  269 
96  205 
96  201 
96  208 
96  269 
510  264 
510  113 
510  327 
510  43 
511  116 
511  58 
511  127 
511  96 
512  18 
512  434 
512  43 
512  500 
513  442 
513  185 
513  454 
513  33 
514  454 
514  511 
514  420 
514  345 
515  140 
515  141 
515  375 
515  230 
516  175 
516  232 
516  17 
516  42 
517  186 
517  399 
517  447 
517  313 
518  28 
518  49 
518  230 
518  185 
519  15 
519  249 
519  296 
519  225 
520  349 
520  373 
520  351 
520  33 
521  66 
521  247 
521  351 
521  232 
522  225 
522  359 
522  53 
522  511 
523  358 
523  393 
523  120 
523  320 
524  81 
524  293 
524  66 
524  519 
525  523 
525  65 
525  515 
525  492 
526  208 
526  167 
526  287 
526  182 
527  35 
527  432 
527  327 
527  208 
528  302 
528  513 
528  59 
528  360 
529  110 
529  418 
529  185 
529  511 
97  205 
97  201 
97  204 
97  206 
2  530 
3  530 
6  530 
9  530 
14  530 
17  530 
19  530 
20  530 
23  530 
25  530 
26  530 
27  530 
31  530 
32  530 
33  530 
35  530 
36  530 
37  530 
40  530 
41  530 
44  530 
46  530 
47  530 
48  530 
50  530 
51  530 
55  530 
57  530 
59  530 
60  530 
61  530 
63  530 
66  530 
67  530 
68  530 
69  530 
71  530 
73  530 
75  530 
77  530 
80  530 
81  530 
84  530 
85  530 
86  530 
87  530 
90  530 
91  530 
93  530 
94  530 
96  530 
206  269 
205  202 
202  269 
208  269 
206  208 
530  207 
530  205 
530  202 
530  203 
530  206 
531  88 
531  19 
531  453 
531  399 
532  468 
532  521 
532  469 
532  379 
533  295 
533  409 
533  439 
533  369 
534  499 
534  39 
534  481 
534  337 
535  469 
535  17 
535  226 
535  126 
536  107 
536  105 
536  205 
536  172 
537  309 
537  529 
537  515 
537  195 
538  519 
538  192 
538  404 
538  312 
539  50 
539  411 
539  7 
539  403 
540  418 
540  369 
540  100 
540  453 
541  246 
541  414 
541  226 
541  436 
542  278 
542  119 
542  175 
542  495 
543  205 
543  161 
543  464 
543  468 
544  543 
544  255 
544  235 
544  379 
545  366 
545  50 
545  178 
545  378 
546  515 
546  212 
546  98 
546  14 
547  404 
547  405 
547  466 
547  484 
548  276 
548  188 
548  109 
548  538 
549  148 
549  339 
549  316 
549  424 
550  261 
550  71 
550  453 
550  7 
98  207 
98  205 
98  201 
98  202 
98  208 
98  203 
98  206 
98  269 
99  205 
99  201 
99  208 
99  204 
99  206 
99  530 
551  216 
551  530 
551  339 
551  536 
552  112 
552  241 
552  234 
552  398 
553  80 
553  352 
553  468 
553  176 
554  354 
554  271 
554  218 
554  315 
555  192 
555  301 
555  228 
555  10 
556  55 
556  440 
556  263 
556  88 
557  427 
557  162 
557  293 
557  381 
558  130 
558  50 
558  321 
558  445 
559  273 
559  106 
559  368 
559  250 
560  72 
560  471 
560  535 
560  33 
561  144 
561  289 
561  126 
561  150 
562  556 
562  343 
562  245 
562  561 
563  526 
563  214 
563  471 
563  186 
564  551 
564  343 
564  279 
564  420 
565  340 
565  352 
565  236 
565  380 
566  233 
566  437 
566  351 
566  562 
567  75 
567  358 
567  564 
567  450 
568  561 
568  566 
568  120 
568  482 
569  567 
569  61 
569  563 
569  451 
570  273 
570  565 
570  122 
570  158 
 

