1  2 
1  3 
1  4 
1  5 
1  6 
1  7 
1  8 
1  9 
1  10 
2  3 
2  4 
2  5 
2  6 
2  7 
2  8 
2  9 
2  10 
3  4 
3  5 
3  6 
3  7 
3  8 
3  9 
3  10 
4  5 
4  6 
4  7 
4  8 
4  9 
4  10 
5  6 
5  7 
5  8 
5  9 
5  10 
6  7 
6  8 
6  9 
6  10 
7  8 
7  9 
7  10 
8  9 
8  10 
9  10 
11  2 
11  3 
11  9 
11  7 
12  7 
12  1 
12  8 
12  3 
13  4 
13  2 
13  12 
13  11 
14  10 
14  5 
14  12 
14  9 
15  9 
15  6 
15  1 
15  14 
16  15 
16  1 
16  2 
16  5 
17  13 
17  3 
17  4 
17  1 
18  7 
18  6 
18  17 
18  8 
19  5 
19  4 
19  17 
19  13 
20  16 
20  8 
20  12 
20  17 
21  6 
21  9 
21  10 
21  4 
22  8 
22  9 
22  5 
22  2 
23  1 
23  9 
23  10 
23  2 
24  1 
24  9 
24  7 
24  6 
25  10 
25  3 
25  7 
25  15 
26  15 
26  23 
26  6 
26  12 
27  8 
27  12 
27  7 
27  10 
28  10 
28  1 
28  22 
28  16 
29  17 
29  8 
29  6 
29  12 
30  1 
30  26 
30  4 
30  11 
31  8 
31  12 
31  15 
31  4 
32  27 
32  11 
32  4 
32  6 
33  26 
33  4 
33  27 
33  12 
34  19 
34  22 
34  15 
34  18 
35  2 
35  26 
35  3 
35  9 
36  8 
36  27 
36  6 
36  7 
37  22 
37  29 
37  5 
37  6 
38  5 
38  3 
38  13 
38  12 
39  7 
39  22 
39  33 
39  2 
40  38 
40  34 
40  9 
40  12 
41  1 
41  4 
41  33 
41  34 
42  1 
42  31 
42  21 
42  2 
43  27 
43  2 
43  9 
43  10 
44  6 
44  9 
44  33 
44  4 
45  5 
45  7 
45  15 
45  23 
46  8 
46  4 
46  18 
46  17 
47  12 
47  6 
47  33 
47  1 
48  2 
48  8 
48  22 
48  6 
49  7 
49  4 
49  3 
49  16 
50  40 
50  22 
50  30 
50  13 
51  36 
51  2 
51  17 
51  23 
52  5 
52  23 
52  12 
52  13 
53  17 
53  12 
53  9 
53  33 
54  22 
54  26 
54  51 
54  1 
55  13 
55  1 
55  18 
55  7 
56  3 
56  7 
56  2 
56  26 
57  6 
57  9 
57  36 
57  13 
58  38 
58  20 
58  9 
58  1 
59  51 
59  22 
59  27 
59  23 
60  2 
60  55 
60  10 
60  1 
61  21 
61  36 
61  2 
61  10 
62  51 
62  9 
62  12 
62  38 
63  13 
63  9 
63  37 
63  6 
64  10 
64  9 
64  41 
64  46 
65  5 
65  63 
65  38 
65  1 
66  37 
66  1 
66  13 
66  52 
67  22 
67  16 
67  42 
67  44 
68  28 
68  12 
68  39 
68  33 
69  6 
69  35 
69  49 
69  59 
70  9 
70  37 
70  51 
70  41 
71  62 
71  7 
71  21 
71  13 
72  30 
72  2 
72  1 
72  9 
73  71 
73  19 
73  39 
73  31 
74  34 
74  30 
74  17 
74  1 
75  44 
75  3 
75  7 
75  60 
76  8 
76  5 
76  1 
76  61 
77  20 
77  61 
77  16 
77  45 
78  8 
78  7 
78  52 
78  15 
79  5 
79  34 
79  60 
79  48 
80  48 
80  42 
80  52 
80  5 
81  20 
81  8 
81  6 
81  12 
82  34 
82  26 
82  6 
82  12 
83  9 
83  63 
83  65 
83  5 
84  47 
84  34 
84  4 
84  71 
85  51 
85  5 
85  79 
85  50 
86  58 
86  3 
86  6 
86  5 
87  6 
87  58 
87  8 
87  47 
88  23 
88  78 
88  15 
88  7 
89  8 
89  1 
89  2 
89  81 
90  6 
90  84 
90  1 
90  3 
91  63 
91  26 
91  51 
91  1 
92  6 
92  58 
92  60 
92  7 
93  81 
93  34 
93  12 
93  15 
94  6 
94  50 
94  38 
94  41 
95  76 
95  83 
95  92 
95  27 
96  58 
96  53 
96  28 
96  82 
97  22 
97  70 
97  30 
97  10 
98  13 
98  57 
98  66 
98  61 
99  37 
99  1 
99  71 
99  13 
100  7 
100  1 
100  6 
100  10 
101  7 
101  1 
101  86 
101  100 
102  94 
102  93 
102  89 
102  13 
103  78 
103  37 
103  51 
103  52 
104  10 
104  53 
104  5 
104  14 
105  33 
105  51 
105  58 
105  8 
106  17 
106  9 
106  62 
106  100 
107  13 
107  10 
107  6 
107  5 
108  71 
108  20 
108  83 
108  18 
109  60 
109  56 
109  4 
109  27 
110  83 
110  15 
110  17 
110  101 
111  18 
111  37 
111  13 
111  51 
112  12 
112  6 
112  2 
112  23 
113  40 
113  48 
113  26 
113  74 
114  76 
114  50 
114  56 
114  71 
115  48 
115  38 
115  9 
115  25 
116  72 
116  35 
116  89 
116  2 
117  12 
117  74 
117  6 
117  104 
118  3 
118  7 
118  12 
118  64 
119  33 
119  7 
119  117 
119  94 
120  100 
120  13 
120  72 
120  10 
121  17 
121  58 
121  39 
121  6 
122  62 
122  90 
122  84 
122  25 
123  2 
123  26 
123  74 
123  34 
124  4 
124  49 
124  5 
124  121 
125  102 
125  17 
125  2 
125  65 
126  4 
126  16 
126  5 
126  22 
127  9 
127  1 
127  22 
127  53 
128  39 
128  52 
128  17 
128  38 
129  41 
129  20 
129  1 
129  107 
130  123 
130  3 
130  23 
130  70 
131  5 
131  25 
131  4 
131  59 
132  25 
132  55 
132  3 
132  89 
133  1 
133  13 
133  124 
133  111 
134  104 
134  6 
134  43 
134  45 
135  9 
135  1 
135  93 
135  38 
136  17 
136  47 
136  5 
136  133 
137  85 
137  12 
137  114 
137  64 
138  58 
138  18 
138  79 
138  70 
139  19 
139  60 
139  94 
139  6 
140  139 
140  86 
140  128 
140  130 
141  15 
141  109 
141  23 
141  2 
142  27 
142  21 
142  6 
142  80 
143  63 
143  54 
143  71 
143  13 
144  117 
144  111 
144  16 
144  57 
145  98 
145  48 
145  9 
145  2 
146  58 
146  5 
146  4 
146  23 
147  55 
147  34 
147  4 
147  122 
148  121 
148  8 
148  12 
148  10 
149  5 
149  26 
149  123 
149  144 
150  8 
150  111 
150  48 
150  22 
151  30 
151  109 
151  9 
151  92 
152  26 
152  8 
152  58 
152  83 
153  91 
153  5 
153  78 
153  30 
154  41 
154  9 
154  6 
154  1 
155  53 
155  9 
155  2 
155  14 
156  40 
156  12 
156  1 
156  38 
157  36 
157  23 
157  7 
157  16 
158  125 
158  45 
158  117 
158  62 
159  87 
159  6 
159  121 
159  78 
160  43 
160  17 
160  78 
160  26 
161  36 
161  37 
161  6 
161  22 
162  7 
162  17 
162  67 
162  43 
163  76 
163  134 
163  91 
163  18 
164  145 
164  7 
164  102 
164  13 
165  92 
165  95 
165  139 
165  91 
166  22 
166  17 
166  8 
166  92 
167  38 
167  14 
167  2 
167  139 
168  12 
168  82 
168  10 
168  14 
169  9 
169  8 
169  57 
169  44 
170  6 
170  2 
170  23 
170  78 
171  8 
171  3 
171  48 
171  10 
172  13 
172  25 
172  154 
172  96 
173  41 
173  102 
173  79 
173  72 
174  139 
174  147 
174  12 
174  162 
175  63 
175  137 
175  33 
175  149 
176  7 
176  38 
176  161 
176  20 
177  51 
177  132 
177  74 
177  29 
178  104 
178  12 
178  118 
178  81 
179  38 
179  121 
179  1 
179  45 
180  47 
180  1 
180  140 
180  157 
181  2 
181  13 
181  77 
181  6 
182  1 
182  47 
182  57 
182  43 
183  19 
183  68 
183  43 
183  1 
184  74 
184  47 
184  59 
184  10 
185  22 
185  60 
185  146 
185  74 
186  56 
186  155 
186  2 
186  89 
187  88 
187  25 
187  78 
187  77 
188  91 
188  142 
188  13 
188  134 
189  95 
189  22 
189  79 
189  125 
190  16 
190  157 
190  55 
190  2 
191  92 
191  4 
191  127 
191  58 
192  18 
192  131 
192  17 
192  53 
193  118 
193  4 
193  10 
193  174 
194  35 
194  13 
194  100 
194  23 
195  27 
195  146 
195  140 
195  9 
196  185 
196  159 
196  78 
196  116 
197  72 
197  5 
197  139 
197  87 
198  9 
198  34 
198  1 
198  20 
199  65 
199  3 
199  119 
199  21 
200  96 
200  99 
200  58 
200  4 
1  201 
1  202 
1  203 
2  202 
2  203 
2  204 
3  201 
3  205 
3  203 
3  204 
3  206 
4  202 
4  204 
4  206 
5  201 
5  207 
5  205 
5  208 
6  207 
6  205 
6  203 
7  205 
7  202 
7  203 
7  208 
8  201 
8  203 
8  204 
9  207 
9  205 
9  203 
9  206 
10  201 
10  207 
10  204 
10  208 
11  205 
11  206 
12  201 
12  205 
12  202 
12  203 
12  204 
13  201 
13  207 
13  205 
13  202 
13  203 
13  206 
14  201 
14  203 
14  204 
14  206 
15  201 
15  202 
15  206 
16  205 
16  204 
16  206 
17  203 
17  208 
17  206 
18  201 
18  205 
18  208 
19  201 
19  202 
19  204 
19  208 
20  201 
20  208 
201  207 
207  205 
205  202 
202  203 
203  204 
204  208 
208  206 
201  205 
201  204 
207  202 
205  203 
205  204 
205  208 
202  204 
202  208 
203  201 
208  201 
208  207 
206  201 
206  202 
209  134 
209  191 
209  66 
209  51 
210  152 
210  196 
210  203 
210  198 
211  50 
211  141 
211  161 
211  107 
212  106 
212  135 
212  152 
212  84 
213  83 
213  18 
213  120 
213  174 
214  50 
214  111 
214  32 
214  213 
215  53 
215  45 
215  4 
215  169 
216  118 
216  79 
216  92 
216  169 
217  86 
217  118 
217  211 
217  170 
218  45 
218  135 
218  67 
218  18 
219  149 
219  213 
219  179 
219  50 
220  215 
220  59 
220  161 
220  32 
221  213 
221  215 
221  50 
221  111 
222  22 
222  50 
222  212 
222  59 
223  62 
223  210 
223  50 
223  220 
224  45 
224  101 
224  123 
224  205 
225  58 
225  150 
225  31 
225  63 
226  192 
226  187 
226  25 
226  206 
227  22 
227  68 
227  104 
227  152 
228  68 
228  69 
228  123 
228  107 
229  224 
229  22 
229  18 
229  225 
230  179 
230  104 
230  225 
230  64 
231  220 
231  219 
231  20 
231  152 
232  103 
232  141 
232  210 
232  20 
233  167 
233  45 
233  3 
233  50 
234  22 
234  210 
234  202 
234  94 
235  111 
235  182 
235  149 
235  145 
236  229 
236  221 
236  215 
236  227 
237  133 
237  134 
237  161 
237  186 
238  15 
238  235 
238  23 
238  80 
239  199 
239  25 
239  220 
239  221 
240  169 
240  204 
240  210 
240  177 
241  136 
241  211 
241  212 
241  62 
242  103 
242  212 
242  11 
242  231 
243  236 
243  86 
243  112 
243  30 
244  10 
244  135 
244  208 
244  59 
245  211 
245  155 
245  68 
245  29 
246  189 
246  29 
246  145 
246  213 
247  67 
247  219 
247  37 
247  123 
248  105 
248  83 
248  85 
248  217 
249  79 
249  25 
249  199 
249  235 
250  211 
250  26 
250  249 
250  107 
251  214 
251  92 
251  217 
251  227 
252  110 
252  220 
252  225 
252  234 
253  32 
253  161 
253  22 
253  156 
254  226 
254  248 
254  198 
254  118 
255  232 
255  143 
255  17 
255  48 
256  181 
256  206 
256  215 
256  175 
257  152 
257  107 
257  179 
257  58 
258  172 
258  157 
258  61 
258  2 
259  93 
259  107 
259  57 
259  18 
260  37 
260  91 
260  240 
260  249 
261  239 
261  255 
261  81 
261  222 
262  24 
262  202 
262  243 
262  81 
263  4 
263  10 
263  192 
263  154 
264  91 
264  254 
264  197 
264  236 
265  245 
265  49 
265  177 
265  170 
266  24 
266  45 
266  11 
266  230 
267  174 
267  152 
267  200 
267  10 
268  239 
268  134 
268  179 
268  129 
269  218 
269  239 
269  80 
269  107 
270  138 
270  222 
270  127 
270  194 
271  267 
271  263 
271  157 
271  202 
272  91 
272  198 
272  144 
272  20 
273  268 
273  99 
273  272 
273  10 
274  158 
274  227 
274  265 
274  100 
275  239 
275  173 
275  43 
275  138 
276  104 
276  124 
276  18 
276  265 
277  276 
277  263 
277  186 
277  237 
278  276 
278  270 
278  24 
278  54 
279  261 
279  28 
279  264 
279  252 
280  133 
280  50 
280  264 
280  270 
281  174 
281  88 
281  263 
281  134 
282  276 
282  260 
282  103 
282  127 
283  4 
283  131 
283  57 
283  242 
284  267 
284  263 
284  198 
284  66 
285  242 
285  211 
285  140 
285  24 
286  280 
286  4 
286  268 
286  45 
287  71 
287  239 
287  107 
287  275 
288  16 
288  265 
288  251 
288  270 
289  93 
289  199 
289  10 
289  245 
290  170 
290  286 
290  24 
290  252 
291  76 
291  173 
291  67 
291  24 
292  173 
292  134 
292  81 
292  114 
293  189 
293  98 
293  50 
293  57 
294  239 
294  164 
294  95 
294  54 
295  10 
295  22 
295  3 
295  264 
296  260 
296  81 
296  86 
296  50 
297  141 
297  174 
297  40 
297  92 
298  50 
298  158 
298  215 
298  218 
299  282 
299  62 
299  289 
299  162 
300  110 
300  27 
300  176 
300  260 
301  123 
301  261 
301  181 
301  95 
302  289 
302  57 
302  252 
302  242 
303  267 
303  198 
303  72 
303  239 
304  302 
304  122 
304  110 
304  268 
305  259 
305  4 
305  227 
305  183 
306  279 
306  92 
306  45 
306  43 
307  122 
307  267 
307  103 
307  222 
308  124 
308  176 
308  279 
308  142 
309  189 
309  218 
309  148 
309  234 
310  14 
310  120 
310  22 
310  190 
311  91 
311  270 
311  219 
311  202 
312  286 
312  145 
312  270 
312  52 
313  310 
313  17 
313  159 
313  209 
314  126 
314  146 
314  145 
314  98 
315  32 
315  84 
315  271 
315  102 
316  69 
316  110 
316  207 
316  48 
317  168 
317  303 
317  61 
317  310 
318  84 
318  53 
318  302 
318  59 
319  267 
319  247 
319  126 
319  86 
320  203 
320  310 
320  277 
320  69 
321  85 
321  189 
321  260 
321  32 
322  310 
322  317 
322  220 
322  74 
323  87 
323  208 
323  62 
323  29 
324  203 
324  302 
324  150 
324  321 
325  233 
325  51 
325  121 
325  85 
326  220 
326  248 
326  83 
326  71 
327  138 
327  296 
327  47 
327  219 
328  121 
328  91 
328  290 
328  315 
329  110 
329  198 
329  22 
329  85 
330  79 
330  85 
330  39 
330  258 
331  32 
331  139 
331  310 
331  230 
332  310 
332  255 
332  241 
332  15 
333  311 
333  250 
333  230 
333  330 
334  32 
334  132 
334  330 
334  39 
335  158 
335  189 
335  261 
335  316 
336  298 
336  268 
336  95 
336  255 
337  225 
337  319 
337  93 
337  335 
338  261 
338  247 
338  138 
338  328 
339  78 
339  259 
339  207 
339  85 
340  97 
340  16 
340  330 
340  302 
341  29 
341  74 
341  75 
341  317 
342  298 
342  316 
342  338 
342  341 
343  316 
343  71 
343  255 
343  321 
344  131 
344  230 
344  219 
344  50 
345  56 
345  313 
345  111 
345  69 
346  269 
346  12 
346  310 
346  32 
347  283 
347  318 
347  316 
347  310 
348  325 
348  6 
348  267 
348  210 
349  54 
349  245 
349  59 
349  139 
350  310 
350  316 
350  86 
350  264 
351  296 
351  51 
351  114 
351  339 
352  215 
352  339 
352  48 
352  320 
353  101 
353  38 
353  78 
353  138 
354  5 
354  110 
354  322 
354  54 
355  338 
355  324 
355  249 
355  303 
356  298 
356  3 
356  237 
356  286 
357  259 
357  98 
357  261 
357  11 
358  291 
358  313 
358  347 
358  353 
359  268 
359  260 
359  18 
359  115 
360  298 
360  12 
360  38 
360  42 
361  27 
361  89 
361  127 
361  360 
362  267 
362  95 
362  277 
362  138 
363  353 
363  50 
363  250 
363  240 
364  160 
364  90 
364  323 
364  40 
365  301 
365  161 
365  89 
365  210 
366  312 
366  292 
366  190 
366  145 
367  312 
367  357 
367  148 
367  86 
368  37 
368  12 
368  362 
368  124 
369  271 
369  302 
369  172 
369  154 
370  367 
370  26 
370  186 
370  75 
371  363 
371  317 
371  110 
371  180 
372  368 
372  45 
372  26 
372  60 
373  166 
373  221 
373  131 
373  272 
374  357 
374  347 
374  312 
374  168 
375  314 
375  368 
375  1 
375  37 
376  263 
376  12 
376  364 
376  34 
377  210 
377  244 
377  147 
377  361 
378  77 
378  286 
378  271 
378  6 
379  6 
379  374 
379  131 
379  275 
380  363 
380  376 
380  58 
380  136 
381  171 
381  91 
381  286 
381  103 
382  311 
382  188 
382  252 
382  94 
383  145 
383  2 
383  319 
383  373 
384  74 
384  82 
384  195 
384  374 
385  366 
385  161 
385  375 
385  373 
386  369 
386  267 
386  306 
386  312 
387  190 
387  251 
387  92 
387  303 
388  275 
388  379 
388  134 
388  342 
389  210 
389  240 
389  338 
389  19 
390  64 
390  91 
390  112 
390  323 
391  291 
391  3 
391  301 
391  50 
392  241 
392  38 
392  1 
392  340 
393  9 
393  71 
393  116 
393  330 
394  312 
394  18 
394  155 
394  50 
395  73 
395  391 
395  67 
395  365 
396  190 
396  19 
396  172 
396  138 
397  277 
397  154 
397  19 
397  28 
398  132 
398  312 
398  197 
398  107 
399  255 
399  300 
399  266 
399  304 
400  68 
400  167 
400  375 
400  73 
401  82 
401  48 
401  97 
401  338 
402  155 
402  349 
402  220 
402  50 
403  333 
403  126 
403  371 
403  391 
404  189 
404  218 
404  12 
404  103 
405  360 
405  38 
405  396 
405  130 
406  296 
406  230 
406  297 
406  6 
407  64 
407  10 
407  401 
407  395 
408  338 
408  82 
408  387 
408  110 
409  343 
409  119 
409  365 
409  80 
410  286 
410  324 
410  137 
410  60 
411  338 
411  264 
411  157 
411  178 
412  286 
412  411 
412  408 
412  305 
413  210 
413  85 
413  397 
413  327 
414  181 
414  62 
414  280 
414  258 
415  94 
415  324 
415  37 
415  165 
416  412 
416  215 
416  80 
416  64 
417  324 
417  405 
417  165 
417  189 
418  141 
418  323 
418  90 
418  129 
419  342 
419  100 
419  412 
419  286 
420  271 
420  187 
420  226 
420  267 
421  120 
421  67 
421  190 
421  161 
422  269 
422  265 
422  385 
422  413 
423  413 
423  349 
423  412 
423  101 
424  178 
424  271 
424  79 
424  191 
425  415 
425  233 
425  165 
425  2 
426  274 
426  378 
426  184 
426  347 
427  221 
427  26 
427  423 
427  327 
428  203 
428  26 
428  64 
428  225 
429  289 
429  414 
429  422 
429  327 
430  426 
430  286 
430  356 
430  309 
431  325 
431  267 
431  422 
431  91 
432  361 
432  233 
432  248 
432  175 
433  22 
433  412 
433  338 
433  418 
434  145 
434  411 
434  140 
434  139 
435  90 
435  368 
435  317 
435  282 
436  302 
436  300 
436  88 
436  122 
437  338 
437  429 
437  175 
437  45 
438  211 
438  115 
438  191 
438  264 
439  139 
439  211 
439  361 
439  413 
440  115 
440  412 
440  434 
440  38 
441  257 
441  421 
441  415 
441  211 
442  75 
442  409 
442  255 
442  411 
443  5 
443  425 
443  31 
443  412 
444  409 
444  275 
444  268 
444  267 
445  235 
445  366 
445  442 
445  268 
446  331 
446  442 
446  258 
446  165 
447  2 
447  285 
447  433 
447  45 
448  403 
448  425 
448  436 
448  427 
449  411 
449  190 
449  184 
449  191 
450  436 
450  264 
450  215 
450  282 
451  194 
451  274 
451  271 
451  422 
452  99 
452  373 
452  39 
452  284 
453  20 
453  416 
453  436 
453  411 
454  432 
454  439 
454  129 
454  278 
455  271 
455  350 
455  67 
455  39 
456  421 
456  346 
456  190 
456  452 
457  322 
457  320 
457  26 
457  264 
458  251 
458  433 
458  259 
458  378 
459  457 
459  444 
459  363 
459  418 
460  424 
460  319 
460  251 
460  38 
461  241 
461  57 
461  117 
461  355 
462  352 
462  359 
462  381 
462  10 
463  271 
463  239 
463  174 
463  389 
464  78 
464  301 
464  85 
464  22 
465  145 
465  437 
465  15 
465  201 
466  122 
466  55 
466  147 
466  96 
467  278 
467  453 
467  366 
467  241 
468  339 
468  298 
468  82 
468  41 
469  227 
469  58 
469  235 
469  347 
470  154 
470  72 
470  322 
470  135 
471  291 
471  199 
471  208 
471  316 
472  232 
472  112 
472  235 
472  160 
473  308 
473  396 
473  249 
473  90 
474  289 
474  94 
474  111 
474  72 
475  90 
475  51 
475  471 
475  329 
476  51 
476  120 
476  102 
476  459 
477  101 
477  471 
477  175 
477  224 
478  318 
478  225 
478  301 
478  432 
479  447 
479  422 
479  319 
479  393 
480  7 
480  182 
480  216 
480  459 
481  85 
481  153 
481  25 
481  133 
482  467 
482  124 
482  306 
482  364 
483  216 
483  420 
483  8 
483  45 
484  190 
484  348 
484  459 
484  251 
485  273 
485  355 
485  291 
485  133 
486  110 
486  478 
486  469 
486  95 
487  115 
487  478 
487  485 
487  282 
488  257 
488  459 
488  414 
488  477 
489  292 
489  431 
489  51 
489  373 
490  236 
490  150 
490  99 
490  332 
491  69 
491  352 
491  322 
491  489 
492  97 
492  208 
492  460 
492  121 
493  441 
493  142 
493  395 
493  472 
494  128 
494  423 
494  241 
494  63 
495  280 
495  417 
495  403 
495  293 
496  50 
496  238 
496  348 
496  201 
497  326 
497  496 
497  66 
497  303 
498  258 
498  239 
498  74 
498  135 
499  85 
499  417 
499  341 
499  486 
500  215 
500  142 
500  18 
500  99 
501  274 
501  129 
501  300 
501  97 
502  361 
502  125 
502  391 
502  170 
503  472 
503  341 
503  324 
503  191 
504  461 
504  272 
504  372 
504  448 
505  463 
505  252 
505  494 
505  66 
506  444 
506  468 
506  501 
506  119 
507  501 
507  162 
507  494 
507  472 
508  145 
508  334 
508  187 
508  129 
509  404 
509  270 
509  104 
509  138 
510  18 
510  163 
510  487 
510  299 
511  42 
511  331 
511  506 
511  336 
512  99 
512  2 
512  405 
512  177 
513  466 
513  112 
513  433 
513  482 
514  309 
514  17 
514  49 
514  165 
515  510 
515  236 
515  253 
515  198 
516  83 
516  99 
516  97 
516  159 
517  334 
517  512 
517  377 
517  347 
518  280 
518  36 
518  397 
518  112 
519  449 
519  316 
519  159 
519  367 
520  87 
520  66 
520  322 
520  257 
521  112 
521  248 
521  345 
521  93 
522  480 
522  487 
522  29 
522  361 
523  257 
523  431 
523  420 
523  336 
524  83 
524  2 
524  441 
524  512 
525  203 
525  255 
525  258 
525  449 
526  512 
526  278 
526  36 
526  371 
527  159 
527  154 
527  369 
527  524 
528  512 
528  147 
528  470 
528  195 
529  506 
529  146 
529  508 
529  276 
530  481 
530  239 
530  303 
530  203 
531  126 
531  249 
531  315 
531  112 
532  8 
532  83 
532  279 
532  316 
533  38 
533  225 
533  479 
533  257 
534  112 
534  21 
534  157 
534  403 
535  199 
535  80 
535  304 
535  159 
536  520 
536  470 
536  203 
536  20 
537  526 
537  217 
537  121 
537  189 
538  369 
538  21 
538  431 
538  378 
539  277 
539  32 
539  492 
539  112 
540  312 
540  138 
540  111 
540  53 
541  514 
541  96 
541  527 
541  336 
542  332 
542  510 
542  237 
542  478 
543  184 
543  109 
543  49 
543  501 
544  494 
544  121 
544  395 
544  185 
545  397 
545  523 
545  304 
545  407 
546  526 
546  244 
546  230 
546  251 
547  500 
547  269 
547  409 
547  208 
548  402 
548  112 
548  545 
548  520 
549  300 
549  53 
549  536 
549  547 
550  499 
550  470 
550  524 
550  21 
551  16 
551  190 
551  81 
551  83 
552  535 
552  485 
552  501 
552  322 
553  543 
553  73 
553  497 
553  136 
554  85 
554  87 
554  432 
554  96 
555  97 
555  88 
555  79 
555  275 
556  546 
556  302 
556  512 
556  124 
557  506 
557  59 
557  145 
557  524 
558  521 
558  129 
558  49 
558  126 
559  63 
559  457 
559  388 
559  11 
560  469 
560  380 
560  437 
560  275 
561  266 
561  444 
561  536 
561  467 
562  372 
562  208 
562  279 
562  370 
563  519 
563  449 
563  553 
563  35 
564  144 
564  515 
564  126 
564  343 
565  385 
565  383 
565  121 
565  454 
566  443 
566  21 
566  185 
566  366 
567  383 
567  225 
567  165 
567  72 
568  52 
568  141 
568  37 
568  302 
569  263 
569  564 
569  123 
569  295 
570  373 
570  20 
570  438 
570  133 
571  565 
571  560 
571  557 
571  42 
572  75 
572  437 
572  356 
572  287 
573  287 
573  13 
573  535 
573  217 
574  195 
574  2 
574  415 
574  508 
575  531 
575  430 
575  435 
575  465 
576  411 
576  104 
576  163 
576  463 
577  267 
577  238 
577  196 
577  203 
578  11 
578  350 
578  77 
578  364 
579  575 
579  56 
579  549 
579  379 
580  217 
580  542 
580  502 
580  408 
581  536 
581  1 
581  223 
581  293 
582  109 
582  568 
582  111 
582  520 
583  334 
583  136 
583  144 
583  536 
584  321 
584  82 
584  508 
584  404 
585  467 
585  75 
585  501 
585  33 
586  563 
586  196 
586  47 
586  255 
587  190 
587  68 
587  89 
587  574 
588  572 
588  467 
588  148 
588  200 
589  575 
589  566 
589  411 
589  492 
590  574 
590  337 
590  348 
590  568 
591  430 
591  48 
591  466 
591  228 
592  139 
592  173 
592  591 
592  417 
593  383 
593  536 
593  11 
593  144 
594  530 
594  232 
594  56 
594  570 
595  542 
595  202 
595  387 
595  362 
596  384 
596  45 
596  587 
596  592 
597  29 
597  127 
597  465 
597  14 
598  451 
598  179 
598  271 
598  573 
599  590 
599  386 
599  286 
599  444 
600  578 
600  595 
600  35 
600  558 
601  385 
601  139 
601  344 
601  235 
602  321 
602  77 
602  545 
602  261 
603  581 
603  559 
603  213 
603  595 
604  173 
604  543 
604  153 
604  587 
605  217 
605  446 
605  434 
605  592 
606  435 
606  438 
606  27 
606  585 
607  474 
607  383 
607  103 
607  504 
608  564 
608  192 
608  363 
608  408 
609  48 
609  544 
609  498 
609  608 
610  321 
610  270 
610  500 
610  507 
611  374 
611  86 
611  521 
611  341 
612  279 
612  160 
612  157 
612  405 
613  481 
613  39 
613  36 
613  584 
614  568 
614  160 
614  441 
614  469 
615  393 
615  493 
615  481 
615  544 
616  325 
616  464 
616  389 
616  177 
617  529 
617  478 
617  298 
617  392 
618  154 
618  306 
618  386 
618  336 
619  23 
619  587 
619  464 
619  341 
620  119 
620  292 
620  454 
620  499 
621  448 
621  389 
621  434 
621  148 
622  73 
622  75 
622  551 
622  310 
623  304 
623  611 
623  326 
623  375 
624  149 
624  623 
624  573 
624  617 
625  392 
625  131 
625  513 
625  279 
626  326 
626  424 
626  388 
626  297 
627  386 
627  483 
627  54 
627  72 
628  489 
628  617 
628  23 
628  435 
629  469 
629  396 
629  386 
629  577 
630  592 
630  168 
630  389 
630  627 
631  88 
631  50 
631  342 
631  451 
632  379 
632  337 
632  256 
632  70 
633  169 
633  345 
633  630 
633  7 
634  70 
634  74 
634  121 
634  260 
635  447 
635  99 
635  292 
635  2 
636  291 
636  529 
636  501 
636  201 
637  635 
637  128 
637  575 
637  633 
638  398 
638  483 
638  298 
638  528 
639  349 
639  493 
639  306 
639  225 
640  469 
640  588 
640  34 
640  366 
641  630 
641  441 
641  548 
641  110 
642  572 
642  587 
642  582 
642  531 
643  56 
643  349 
643  522 
643  400 
644  104 
644  66 
644  638 
644  262 
645  616 
645  533 
645  509 
645  297 
646  349 
646  264 
646  305 
646  154 
647  236 
647  427 
647  228 
647  635 
648  223 
648  551 
648  426 
648  375 
649  549 
649  63 
649  617 
649  464 
650  483 
650  326 
650  639 
650  620 
651  247 
651  68 
651  305 
651  421 
652  160 
652  534 
652  150 
652  517 
653  170 
653  528 
653  539 
653  388 
654  55 
654  337 
654  293 
654  468 
655  116 
655  33 
655  451 
655  464 
656  126 
656  32 
656  78 
656  582 
657  10 
657  338 
657  488 
657  66 
658  260 
658  454 
658  609 
658  302 
659  349 
659  485 
659  214 
659  99 
660  106 
660  557 
660  75 
660  577 
661  374 
661  506 
661  530 
661  351 
662  137 
662  85 
662  336 
662  305 
663  116 
663  515 
663  660 
663  461 
664  659 
664  255 
664  392 
664  564 
665  297 
665  508 
665  224 
665  583 
666  626 
666  664 
666  19 
666  76 
667  425 
667  353 
667  214 
667  340 
668  226 
668  663 
668  243 
668  567 
669  446 
669  415 
669  663 
669  428 
670  426 
670  313 
670  26 
670  283 
671  413 
671  215 
671  590 
671  623 
672  53 
672  587 
672  236 
672  669 
673  246 
673  611 
673  249 
673  209 
674  484 
674  663 
674  26 
674  640 
675  222 
675  111 
675  498 
675  558 
676  638 
676  25 
676  524 
676  659 
677  352 
677  385 
677  518 
677  444 
678  461 
678  240 
678  297 
678  659 
679  237 
679  343 
679  58 
679  285 
680  73 
680  678 
680  274 
680  151 
681  68 
681  661 
681  540 
681  656 
682  240 
682  302 
682  452 
682  33 
683  2 
683  190 
683  664 
683  22 
684  670 
684  410 
684  23 
684  303 
685  136 
685  598 
685  356 
685  592 
686  683 
686  677 
686  547 
686  679 
687  100 
687  197 
687  184 
687  415 
688  587 
688  646 
688  568 
688  209 
689  224 
689  210 
689  468 
689  480 
690  26 
690  342 
690  248 
690  178 
691  146 
691  26 
691  690 
691  662 
692  190 
692  98 
692  183 
692  605 
693  178 
693  336 
693  568 
693  565 
694  379 
694  53 
694  400 
694  307 
695  667 
695  537 
695  374 
695  378 
696  548 
696  333 
696  667 
696  659 
697  304 
697  140 
697  669 
697  172 
698  599 
698  540 
698  623 
698  660 
699  592 
699  661 
699  323 
699  666 
700  667 
700  376 
700  564 
700  80 
701  656 
701  675 
701  351 
701  697 
702  566 
702  673 
702  421 
702  304 
703  400 
703  501 
703  557 
703  675 
704  591 
704  95 
704  675 
704  408 
705  237 
705  467 
705  323 
705  52 
706  683 
706  685 
706  565 
706  704 
707  663 
707  698 
707  302 
707  685 
708  39 
708  282 
708  663 
708  607 
709  43 
709  453 
709  226 
709  476 
710  486 
710  511 
710  412 
710  490 
711  585 
711  31 
711  587 
711  284 
712  381 
712  581 
712  304 
712  442 
713  178 
713  472 
713  391 
713  499 
714  230 
714  713 
714  391 
714  621 
715  448 
715  567 
715  119 
715  5 
716  655 
716  508 
716  346 
716  556 
717  164 
717  196 
717  377 
717  320 
718  487 
718  404 
718  91 
718  447 
719  249 
719  583 
719  92 
719  241 
720  304 
720  527 
720  339 
720  576 
721  531 
721  702 
721  265 
721  267 
722  375 
722  547 
722  59 
722  555 
723  318 
723  659 
723  145 
723  186 
724  419 
724  10 
724  3 
724  169 
725  206 
725  238 
725  23 
725  5 
726  457 
726  82 
726  396 
726  3 
727  85 
727  24 
727  209 
727  29 
728  337 
728  247 
728  341 
728  447 
729  713 
729  284 
729  591 
729  145 
730  219 
730  472 
730  58 
730  488 
731  729 
731  442 
731  359 
731  717 
732  487 
732  459 
732  206 
732  294 
733  201 
733  48 
733  720 
733  712 
734  71 
734  715 
734  290 
734  690 
735  159 
735  459 
735  435 
735  381 
736  521 
736  375 
736  381 
736  383 
737  482 
737  284 
737  82 
737  404 
738  242 
738  14 
738  444 
738  588 
739  713 
739  401 
739  487 
739  262 
740  340 
740  634 
740  200 
740  435 
741  588 
741  275 
741  725 
741  299 
742  360 
742  43 
742  723 
742  420 
743  623 
743  239 
743  551 
743  700 
744  243 
744  589 
744  654 
744  348 
745  306 
745  391 
745  420 
745  711 
746  728 
746  301 
746  712 
746  714 
747  725 
747  737 
747  131 
747  569 
748  685 
748  550 
748  428 
748  564 
749  745 
749  340 
749  281 
749  276 
750  219 
750  34 
750  717 
750  406 
751  713 
751  320 
751  404 
751  741 
752  29 
752  296 
752  502 
752  127 
753  254 
753  741 
753  709 
753  730 
754  747 
754  441 
754  112 
754  334 
755  565 
755  280 
755  322 
755  745 
756  674 
756  296 
756  144 
756  510 
757  395 
757  742 
757  124 
757  416 
758  465 
758  472 
758  165 
758  194 
 

