1  2 
1  3 
1  4 
1  5 
1  6 
1  7 
1  8 
1  9 
1  10 
2  3 
2  4 
2  5 
2  6 
2  7 
2  8 
2  9 
2  10 
3  4 
3  5 
3  6 
3  7 
3  8 
3  9 
3  10 
4  5 
4  6 
4  7 
4  8 
4  9 
4  10 
5  6 
5  7 
5  8 
5  9 
5  10 
6  7 
6  8 
6  9 
6  10 
7  8 
7  9 
7  10 
8  9 
8  10 
9  10 
11  8 
11  1 
11  7 
11  5 
12  10 
12  6 
12  5 
12  3 
13  6 
13  8 
13  4 
13  1 
14  2 
14  9 
14  6 
14  3 
15  3 
15  7 
15  2 
15  1 
16  2 
16  10 
16  4 
16  5 
17  10 
17  7 
17  6 
17  13 
18  3 
18  8 
18  10 
18  11 
19  7 
19  14 
19  1 
19  10 
20  9 
20  10 
20  17 
20  2 
21  4 
21  9 
21  17 
21  12 
22  5 
22  6 
22  7 
22  2 
23  18 
23  2 
23  5 
23  7 
24  17 
24  5 
24  21 
24  9 
25  14 
25  7 
25  19 
25  2 
26  1 
26  15 
26  2 
26  17 
27  7 
27  18 
27  12 
27  4 
28  9 
28  4 
28  5 
28  22 
29  23 
29  1 
29  13 
29  19 
30  8 
30  7 
30  12 
30  3 
31  2 
31  9 
31  7 
31  10 
32  14 
32  5 
32  13 
32  7 
33  26 
33  10 
33  27 
33  5 
34  22 
34  13 
34  6 
34  20 
35  4 
35  34 
35  10 
35  2 
36  9 
36  7 
36  11 
36  2 
37  32 
37  13 
37  7 
37  19 
38  13 
38  7 
38  33 
38  4 
39  1 
39  18 
39  22 
39  6 
40  22 
40  38 
40  28 
40  24 
41  40 
41  35 
41  32 
41  6 
42  40 
42  33 
42  9 
42  27 
43  10 
43  1 
43  3 
43  24 
44  12 
44  21 
44  6 
44  25 
45  24 
45  5 
45  10 
45  7 
46  10 
46  34 
46  28 
46  3 
47  3 
47  8 
47  7 
47  13 
48  31 
48  4 
48  16 
48  25 
49  10 
49  40 
49  9 
49  24 
50  11 
50  48 
50  18 
50  29 
51  32 
51  9 
51  43 
51  12 
52  7 
52  14 
52  38 
52  48 
53  7 
53  10 
53  30 
53  21 
54  4 
54  5 
54  21 
54  2 
55  6 
55  1 
55  36 
55  34 
56  48 
56  4 
56  3 
56  23 
57  10 
57  31 
57  1 
57  13 
58  29 
58  2 
58  17 
58  42 
59  14 
59  38 
59  29 
59  54 
60  22 
60  2 
60  4 
60  48 
61  38 
61  8 
61  21 
61  2 
62  3 
62  2 
62  47 
62  34 
63  6 
63  10 
63  9 
63  22 
64  39 
64  7 
64  4 
64  30 
65  8 
65  58 
65  43 
65  11 
66  7 
66  57 
66  32 
66  55 
67  39 
67  4 
67  38 
67  3 
68  8 
68  10 
68  5 
68  35 
69  52 
69  49 
69  68 
69  45 
70  47 
70  13 
70  8 
70  2 
71  68 
71  8 
71  18 
71  6 
72  8 
72  12 
72  13 
72  9 
73  22 
73  11 
73  6 
73  10 
74  5 
74  46 
74  7 
74  28 
75  18 
75  67 
75  29 
75  8 
76  2 
76  25 
76  65 
76  6 
77  28 
77  47 
77  22 
77  40 
78  12 
78  43 
78  55 
78  22 
79  35 
79  7 
79  74 
79  8 
80  2 
80  10 
80  1 
80  13 
81  20 
81  10 
81  6 
81  1 
82  11 
82  68 
82  50 
82  47 
83  3 
83  4 
83  10 
83  11 
84  8 
84  68 
84  43 
84  12 
85  6 
85  53 
85  78 
85  30 
86  3 
86  31 
86  43 
86  40 
87  60 
87  32 
87  59 
87  33 
88  67 
88  65 
88  35 
88  56 
89  29 
89  55 
89  61 
89  20 
90  81 
90  6 
90  9 
90  55 
91  21 
91  22 
91  72 
91  43 
92  18 
92  2 
92  8 
92  57 
93  6 
93  7 
93  2 
93  16 
94  11 
94  38 
94  8 
94  81 
95  7 
95  4 
95  75 
95  6 
96  28 
96  95 
96  4 
96  34 
97  38 
97  18 
97  12 
97  10 
98  16 
98  20 
98  7 
98  8 
99  73 
99  31 
99  8 
99  33 
100  98 
100  50 
100  6 
100  19 
101  32 
101  71 
101  7 
101  11 
102  5 
102  55 
102  93 
102  72 
103  32 
103  5 
103  3 
103  9 
104  10 
104  32 
104  1 
104  41 
105  4 
105  55 
105  27 
105  13 
106  34 
106  6 
106  8 
106  58 
107  67 
107  30 
107  57 
107  105 
108  1 
108  39 
108  10 
108  7 
109  50 
109  17 
109  9 
109  29 
110  38 
110  19 
110  95 
110  3 
111  78 
111  59 
111  58 
111  13 
112  34 
112  46 
112  98 
112  32 
113  6 
113  2 
113  29 
113  9 
114  4 
114  7 
114  8 
114  87 
115  6 
115  78 
115  12 
115  11 
116  79 
116  8 
116  38 
116  2 
117  19 
117  80 
117  97 
117  9 
118  72 
118  28 
118  77 
118  89 
119  100 
119  20 
119  22 
119  66 
120  7 
120  29 
120  85 
120  13 
121  3 
121  14 
121  89 
121  117 
122  116 
122  10 
122  55 
122  38 
123  48 
123  59 
123  38 
123  117 
124  116 
124  35 
124  28 
124  8 
125  80 
125  89 
125  32 
125  11 
126  60 
126  89 
126  54 
126  79 
127  70 
127  2 
127  7 
127  11 
128  7 
128  1 
128  18 
128  10 
129  8 
129  113 
129  119 
129  3 
130  75 
130  8 
130  111 
130  68 
131  104 
131  24 
131  2 
131  6 
132  95 
132  8 
132  2 
132  11 
133  13 
133  46 
133  25 
133  75 
134  5 
134  128 
134  7 
134  105 
135  15 
135  110 
135  1 
135  2 
136  97 
136  74 
136  20 
136  7 
137  55 
137  39 
137  2 
137  105 
138  82 
138  103 
138  20 
138  7 
139  46 
139  41 
139  124 
139  38 
140  74 
140  108 
140  8 
140  12 
141  10 
141  39 
141  96 
141  53 
142  94 
142  27 
142  7 
142  10 
143  18 
143  10 
143  23 
143  9 
144  141 
144  52 
144  51 
144  73 
145  83 
145  10 
145  7 
145  121 
146  92 
146  81 
146  24 
146  109 
147  9 
147  70 
147  53 
147  50 
148  134 
148  10 
148  89 
148  12 
149  17 
149  94 
149  82 
149  134 
150  7 
150  101 
150  118 
150  9 
151  15 
151  58 
151  143 
151  150 
152  25 
152  8 
152  7 
152  9 
153  6 
153  41 
153  145 
153  24 
154  121 
154  10 
154  1 
154  112 
155  11 
155  54 
155  89 
155  5 
156  67 
156  80 
156  131 
156  12 
157  54 
157  36 
157  7 
157  31 
158  6 
158  35 
158  125 
158  15 
159  95 
159  103 
159  73 
159  7 
160  17 
160  8 
160  1 
160  141 
161  40 
161  28 
161  48 
161  10 
162  139 
162  9 
162  2 
162  158 
163  17 
163  7 
163  2 
163  22 
164  95 
164  105 
164  6 
164  3 
165  8 
165  95 
165  10 
165  132 
166  25 
166  10 
166  1 
166  5 
167  13 
167  8 
167  87 
167  113 
168  124 
168  23 
168  7 
168  12 
169  71 
169  86 
169  106 
169  107 
170  10 
170  169 
170  45 
170  14 
171  101 
171  23 
171  113 
171  59 
172  3 
172  146 
172  107 
172  124 
173  85 
173  122 
173  81 
173  10 
174  27 
174  156 
174  149 
174  8 
175  13 
175  10 
175  70 
175  4 
176  151 
176  160 
176  10 
176  4 
177  31 
177  12 
177  77 
177  10 
178  82 
178  67 
178  38 
178  96 
179  15 
179  12 
179  141 
179  79 
180  39 
180  62 
180  114 
180  104 
181  105 
181  108 
181  143 
181  34 
182  177 
182  10 
182  40 
182  4 
183  9 
183  134 
183  110 
183  7 
184  148 
184  5 
184  182 
184  33 
185  39 
185  161 
185  10 
185  1 
186  104 
186  39 
186  25 
186  12 
187  91 
187  52 
187  11 
187  108 
188  183 
188  178 
188  10 
188  139 
189  41 
189  13 
189  86 
189  87 
190  9 
190  75 
190  78 
190  53 
191  2 
191  125 
191  3 
191  179 
192  8 
192  118 
192  24 
192  14 
193  10 
193  158 
193  85 
193  13 
194  158 
194  37 
194  144 
194  187 
195  31 
195  35 
195  40 
195  7 
196  134 
196  95 
196  7 
196  77 
197  162 
197  40 
197  73 
197  24 
198  4 
198  74 
198  5 
198  78 
199  66 
199  60 
199  10 
199  13 
200  14 
200  64 
200  1 
200  6 
1  201 
1  202 
1  203 
1  204 
1  205 
2  201 
3  201 
3  203 
3  204 
3  206 
3  207 
4  201 
4  203 
4  205 
4  207 
5  201 
5  204 
5  205 
6  201 
6  202 
6  203 
6  205 
7  208 
7  204 
8  202 
8  206 
8  207 
9  202 
9  208 
9  204 
9  207 
10  201 
10  203 
10  205 
11  202 
11  208 
11  206 
11  207 
12  203 
12  207 
13  201 
13  202 
13  204 
13  207 
14  201 
14  202 
14  208 
14  204 
14  205 
14  206 
14  207 
15  201 
15  202 
15  203 
15  204 
15  207 
16  204 
16  206 
16  207 
17  201 
17  202 
17  205 
18  201 
18  202 
18  203 
18  204 
18  206 
18  207 
19  201 
19  208 
19  204 
19  206 
19  207 
20  201 
20  202 
20  208 
20  206 
20  207 
201  202 
202  203 
203  208 
208  204 
204  205 
205  206 
206  207 
201  205 
201  206 
202  205 
203  205 
203  206 
208  201 
208  206 
204  201 
204  202 
204  203 
204  206 
207  201 
207  202 
207  205 
209  11 
209  177 
209  162 
209  14 
210  116 
210  40 
210  133 
210  7 
211  210 
211  110 
211  145 
211  24 
212  52 
212  24 
212  206 
212  209 
213  104 
213  6 
213  103 
213  68 
214  144 
214  167 
214  206 
214  116 
215  147 
215  143 
215  182 
215  209 
216  103 
216  102 
216  150 
216  211 
217  153 
217  103 
217  19 
217  206 
218  24 
218  212 
218  80 
218  143 
219  6 
219  90 
219  182 
219  69 
220  21 
220  167 
220  144 
220  46 
221  98 
221  184 
221  111 
221  187 
222  52 
222  1 
222  104 
222  177 
223  102 
223  73 
223  210 
223  28 
224  35 
224  168 
224  178 
224  129 
225  214 
225  216 
225  203 
225  212 
226  164 
226  46 
226  211 
226  182 
227  48 
227  218 
227  179 
227  203 
228  227 
228  226 
228  222 
228  103 
229  173 
229  9 
229  40 
229  119 
230  122 
230  153 
230  212 
230  125 
231  227 
231  31 
231  160 
231  215 
232  215 
232  225 
232  67 
232  103 
233  72 
233  218 
233  179 
233  219 
234  89 
234  140 
234  215 
234  104 
235  150 
235  194 
235  75 
235  226 
236  211 
236  98 
236  228 
236  203 
237  227 
237  223 
237  104 
237  235 
238  206 
238  103 
238  85 
238  204 
239  176 
239  101 
239  44 
239  196 
240  210 
240  235 
240  135 
240  113 
241  203 
241  200 
241  128 
241  45 
242  166 
242  226 
242  240 
242  180 
243  116 
243  212 
243  55 
243  166 
244  167 
244  73 
244  203 
244  32 
245  240 
245  40 
245  100 
245  227 
246  196 
246  236 
246  157 
246  182 
247  237 
247  102 
247  235 
247  89 
248  93 
248  164 
248  33 
248  2 
249  85 
249  196 
249  110 
249  247 
250  114 
250  130 
250  242 
250  195 
251  63 
251  241 
251  27 
251  220 
252  144 
252  157 
252  244 
252  222 
253  176 
253  234 
253  111 
253  218 
254  226 
254  9 
254  229 
254  195 
255  102 
255  242 
255  214 
255  182 
256  216 
256  160 
256  225 
256  113 
257  220 
257  254 
257  135 
257  248 
258  242 
258  230 
258  164 
258  212 
259  232 
259  131 
259  175 
259  68 
260  149 
260  48 
260  22 
260  243 
261  259 
261  69 
261  233 
261  63 
262  15 
262  76 
262  84 
262  56 
263  147 
263  131 
263  209 
263  200 
264  131 
264  85 
264  211 
264  90 
265  76 
265  16 
265  186 
265  221 
266  212 
266  82 
266  154 
266  37 
267  24 
267  264 
267  88 
267  259 
268  46 
268  63 
268  225 
268  117 
269  89 
269  265 
269  15 
269  2 
270  83 
270  111 
270  42 
270  143 
271  221 
271  255 
271  85 
271  266 
272  151 
272  31 
272  170 
272  131 
273  262 
273  117 
273  109 
273  14 
274  97 
274  221 
274  265 
274  154 
275  255 
275  112 
275  192 
275  14 
276  250 
276  1 
276  61 
276  171 
277  259 
277  276 
277  170 
277  263 
278  171 
278  209 
278  269 
278  187 
279  156 
279  256 
279  61 
279  208 
280  84 
280  46 
280  188 
280  69 
281  28 
281  183 
281  48 
281  190 
282  205 
282  188 
282  267 
282  152 
283  272 
283  266 
283  39 
283  84 
284  274 
284  129 
284  263 
284  194 
285  257 
285  213 
285  112 
285  225 
286  225 
286  159 
286  82 
286  265 
287  114 
287  45 
287  264 
287  121 
288  145 
288  74 
288  233 
288  259 
289  97 
289  221 
289  144 
289  6 
290  13 
290  71 
290  138 
290  107 
291  136 
291  27 
291  268 
291  266 
292  111 
292  290 
292  282 
292  171 
293  276 
293  15 
293  185 
293  131 
294  256 
294  197 
294  89 
294  264 
295  74 
295  292 
295  22 
295  44 
296  270 
296  263 
296  130 
296  187 
297  69 
297  38 
297  63 
297  129 
298  69 
298  108 
298  3 
298  183 
299  267 
299  262 
299  284 
299  266 
300  270 
300  240 
300  99 
300  57 
301  276 
301  273 
301  265 
301  57 
302  72 
302  275 
302  209 
302  34 
303  108 
303  302 
303  204 
303  263 
304  172 
304  259 
304  127 
304  272 
305  270 
305  244 
305  249 
305  94 
306  161 
306  274 
306  256 
306  277 
307  40 
307  25 
307  63 
307  264 
308  164 
308  63 
308  97 
308  138 
309  137 
309  95 
309  212 
309  73 
310  233 
310  197 
310  140 
310  29 
311  37 
311  137 
311  302 
311  108 
312  25 
312  13 
312  31 
312  58 
313  221 
313  10 
313  120 
313  312 
314  182 
314  273 
314  183 
314  208 
315  103 
315  17 
315  314 
315  273 
316  126 
316  120 
316  257 
316  28 
317  21 
317  78 
317  65 
317  288 
318  162 
318  146 
318  315 
318  242 
319  172 
319  287 
319  164 
319  12 
320  291 
320  130 
320  91 
320  286 
321  152 
321  139 
321  6 
321  101 
322  103 
322  83 
322  227 
322  290 
323  313 
323  42 
323  281 
323  314 
324  250 
324  164 
324  50 
324  46 
325  120 
325  319 
325  153 
325  219 
326  61 
326  128 
326  134 
326  165 
327  315 
327  75 
327  28 
327  238 
328  316 
328  115 
328  11 
328  206 
329  231 
329  162 
329  81 
329  300 
330  204 
330  120 
330  66 
330  327 
331  19 
331  310 
331  224 
331  100 
332  277 
332  330 
332  102 
332  152 
333  76 
333  316 
333  328 
333  130 
334  182 
334  330 
334  54 
334  53 
335  250 
335  183 
335  131 
335  204 
336  314 
336  205 
336  84 
336  270 
337  239 
337  139 
337  170 
337  333 
338  122 
338  198 
338  65 
338  241 
339  242 
339  17 
339  221 
339  182 
340  315 
340  209 
340  148 
340  287 
341  10 
341  316 
341  140 
341  315 
342  310 
342  209 
342  120 
342  55 
343  65 
343  66 
343  102 
343  35 
344  228 
344  76 
344  305 
344  315 
345  302 
345  166 
345  333 
345  139 
346  78 
346  254 
346  216 
346  314 
347  213 
347  242 
347  63 
347  171 
348  250 
348  90 
348  45 
348  310 
349  341 
349  93 
349  21 
349  329 
350  102 
350  2 
350  344 
350  179 
351  274 
351  102 
351  252 
351  313 
352  139 
352  330 
352  101 
352  315 
353  44 
353  337 
353  330 
353  3 
354  177 
354  26 
354  22 
354  319 
355  235 
355  213 
355  118 
355  331 
356  208 
356  90 
356  338 
356  325 
357  44 
357  315 
357  308 
357  250 
358  212 
358  106 
358  315 
358  25 
359  183 
359  355 
359  146 
359  121 
360  224 
360  80 
360  254 
360  63 
361  320 
361  324 
361  209 
361  219 
362  249 
362  117 
362  45 
362  281 
363  55 
363  347 
363  311 
363  51 
364  117 
364  332 
364  201 
364  231 
365  5 
365  71 
365  361 
365  104 
366  224 
366  77 
366  81 
366  263 
367  37 
367  175 
367  25 
367  211 
368  264 
368  195 
368  15 
368  53 
369  127 
369  314 
369  224 
369  206 
370  300 
370  285 
370  126 
370  291 
371  71 
371  139 
371  66 
371  111 
372  107 
372  168 
372  22 
372  126 
373  69 
373  185 
373  239 
373  20 
374  359 
374  241 
374  107 
374  371 
375  204 
375  316 
375  260 
375  13 
376  375 
376  44 
376  216 
376  23 
377  185 
377  41 
377  262 
377  52 
378  28 
378  262 
378  275 
378  206 
379  185 
379  143 
379  216 
379  115 
380  161 
380  178 
380  158 
380  96 
381  338 
381  275 
381  84 
381  361 
382  264 
382  18 
382  269 
382  378 
383  173 
383  117 
383  335 
383  321 
384  380 
384  356 
384  115 
384  327 
385  10 
385  381 
385  48 
385  321 
386  219 
386  168 
386  201 
386  200 
387  371 
387  44 
387  166 
387  224 
388  209 
388  387 
388  16 
388  84 
389  372 
389  17 
389  14 
389  61 
390  173 
390  356 
390  86 
390  354 
391  25 
391  117 
391  121 
391  261 
392  364 
392  9 
392  231 
392  100 
393  380 
393  276 
393  88 
393  48 
394  196 
394  367 
394  71 
394  127 
395  222 
395  360 
395  362 
395  66 
396  378 
396  393 
396  119 
396  22 
397  359 
397  322 
397  18 
397  153 
398  378 
398  206 
398  393 
398  275 
399  54 
399  163 
399  246 
399  308 
400  281 
400  241 
400  163 
400  309 
401  359 
401  106 
401  167 
401  257 
402  344 
402  82 
402  40 
402  35 
403  126 
403  146 
403  124 
403  267 
404  362 
404  230 
404  371 
404  394 
405  143 
405  123 
405  367 
405  361 
406  268 
406  297 
406  249 
406  262 
407  382 
407  263 
407  357 
407  394 
408  394 
408  32 
408  288 
408  371 
409  68 
409  271 
409  233 
409  148 
410  204 
410  206 
410  288 
410  117 
411  59 
411  134 
411  394 
411  109 
412  96 
412  53 
412  168 
412  3 
413  322 
413  240 
413  400 
413  102 
414  155 
414  276 
414  46 
414  314 
415  276 
415  86 
415  166 
415  279 
416  322 
416  412 
416  13 
416  213 
417  241 
417  204 
417  295 
417  264 
418  133 
418  65 
418  266 
418  139 
419  343 
419  240 
419  306 
419  252 
420  86 
420  36 
420  223 
420  93 
421  330 
421  20 
421  264 
421  338 
422  379 
422  412 
422  26 
422  340 
423  46 
423  103 
423  360 
423  155 
424  207 
424  202 
424  186 
424  165 
425  37 
425  356 
425  33 
425  137 
426  155 
426  62 
426  386 
426  26 
427  409 
427  248 
427  336 
427  6 
428  415 
428  173 
428  91 
428  232 
429  139 
429  332 
429  420 
429  30 
430  409 
430  208 
430  86 
430  36 
431  182 
431  251 
431  186 
431  399 
432  172 
432  339 
432  425 
432  368 
433  180 
433  218 
433  381 
433  388 
434  314 
434  108 
434  203 
434  329 
435  76 
435  39 
435  230 
435  426 
436  318 
436  147 
436  379 
436  137 
437  412 
437  76 
437  399 
437  432 
438  86 
438  293 
438  197 
438  430 
439  394 
439  379 
439  179 
439  279 
440  419 
440  415 
440  168 
440  235 
441  241 
441  437 
441  252 
441  269 
442  430 
442  134 
442  201 
442  129 
443  141 
443  245 
443  438 
443  155 
444  324 
444  178 
444  86 
444  218 
445  168 
445  391 
445  437 
445  389 
446  144 
446  415 
446  430 
446  329 
447  436 
447  115 
447  187 
447  300 
448  385 
448  190 
448  137 
448  81 
449  324 
449  237 
449  245 
449  312 
450  39 
450  102 
450  151 
450  257 
451  182 
451  245 
451  401 
451  365 
452  243 
452  198 
452  349 
452  289 
453  125 
453  194 
453  353 
453  300 
454  139 
454  158 
454  414 
454  212 
455  415 
455  152 
455  184 
455  289 
456  243 
456  120 
456  266 
456  310 
457  349 
457  39 
457  432 
457  169 
458  139 
458  13 
458  107 
458  285 
459  139 
459  170 
459  260 
459  288 
460  67 
460  259 
460  16 
460  248 
461  435 
461  7 
461  169 
461  143 
462  39 
462  8 
462  315 
462  400 
463  268 
463  208 
463  462 
463  27 
464  20 
464  8 
464  330 
464  337 
465  281 
465  450 
465  212 
465  121 
466  397 
466  342 
466  120 
466  430 
467  353 
467  243 
467  461 
467  462 
468  267 
468  280 
468  344 
468  188 
469  243 
469  343 
469  100 
469  277 
470  11 
470  356 
470  168 
470  359 
471  94 
471  320 
471  63 
471  453 
472  198 
472  44 
472  23 
472  469 
473  71 
473  183 
473  26 
473  266 
474  425 
474  453 
474  314 
474  460 
475  455 
475  474 
475  330 
475  118 
476  439 
476  291 
476  189 
476  257 
477  109 
477  45 
477  282 
477  4 
478  184 
478  216 
478  86 
478  291 
479  243 
479  31 
479  381 
479  113 
480  99 
480  362 
480  94 
480  1 
481  470 
481  407 
481  393 
481  234 
482  481 
482  345 
482  471 
482  411 
483  281 
483  366 
483  337 
483  270 
484  363 
484  450 
484  214 
484  45 
485  201 
485  67 
485  232 
485  481 
486  485 
486  294 
486  482 
486  273 
487  287 
487  115 
487  328 
487  424 
488  485 
488  467 
488  435 
488  186 
489  323 
489  339 
489  485 
489  275 
490  328 
490  7 
490  279 
490  21 
491  424 
491  287 
491  328 
491  466 
492  328 
492  40 
492  43 
492  481 
493  23 
493  459 
493  208 
493  153 
494  344 
494  486 
494  485 
494  493 
495  149 
495  450 
495  400 
495  316 
496  464 
496  319 
496  486 
496  482 
497  270 
497  169 
497  480 
497  299 
498  157 
498  482 
498  98 
498  460 
499  318 
499  375 
499  317 
499  221 
500  203 
500  356 
500  71 
500  191 
501  329 
501  31 
501  461 
501  338 
502  488 
502  400 
502  181 
502  450 
503  234 
503  477 
503  483 
503  94 
504  181 
504  30 
504  15 
504  470 
505  31 
505  504 
505  185 
505  337 
506  221 
506  172 
506  464 
506  102 
507  332 
507  500 
507  416 
507  342 
508  102 
508  463 
508  387 
508  339 
509  457 
509  358 
509  345 
509  460 
510  160 
510  309 
510  249 
510  140 
511  82 
511  12 
511  125 
511  254 
512  480 
512  76 
512  92 
512  23 
513  238 
513  321 
513  264 
513  130 
514  214 
514  51 
514  92 
514  269 
515  158 
515  308 
515  130 
515  391 
516  329 
516  368 
516  346 
516  446 
517  257 
517  448 
517  269 
517  438 
518  296 
518  163 
518  333 
518  30 
519  224 
519  324 
519  509 
519  511 
520  269 
520  511 
520  441 
520  335 
521  186 
521  278 
521  368 
521  291 
522  397 
522  223 
522  359 
522  157 
523  54 
523  191 
523  158 
523  520 
524  130 
524  85 
524  397 
524  362 
525  457 
525  489 
525  114 
525  210 
526  237 
526  231 
526  94 
526  427 
527  499 
527  472 
527  512 
527  455 
528  238 
528  151 
528  185 
528  201 
529  271 
529  24 
529  150 
529  139 
530  157 
530  440 
530  208 
530  511 
531  513 
531  518 
531  374 
531  51 
532  512 
532  376 
532  383 
532  518 
533  321 
533  52 
533  520 
533  87 
534  41 
534  92 
534  78 
534  167 
535  366 
535  188 
535  301 
535  516 
536  254 
536  344 
536  269 
536  335 
537  90 
537  302 
537  98 
537  107 
538  292 
538  222 
538  344 
538  461 
539  266 
539  199 
539  216 
539  203 
540  28 
540  181 
540  86 
540  507 
541  92 
541  301 
541  529 
541  523 
542  430 
542  308 
542  468 
542  268 
543  499 
543  303 
543  512 
543  514 
544  349 
544  82 
544  131 
544  184 
545  344 
545  40 
545  283 
545  183 
546  461 
546  173 
546  41 
546  301 
547  382 
547  40 
547  269 
547  311 
548  269 
548  352 
548  366 
548  539 
549  546 
549  506 
549  57 
549  400 
550  29 
550  246 
550  257 
550  272 
551  541 
551  499 
551  512 
551  521 
552  540 
552  531 
552  78 
552  85 
553  246 
553  499 
553  451 
553  446 
554  172 
554  296 
554  450 
554  202 
555  512 
555  354 
555  506 
555  320 
556  544 
556  248 
556  460 
556  457 
557  552 
557  127 
557  503 
557  31 
558  78 
558  139 
558  103 
558  550 
559  558 
559  52 
559  396 
559  35 
560  293 
560  149 
560  512 
560  2 
561  357 
561  483 
561  216 
561  356 
562  391 
562  130 
562  227 
562  88 
563  273 
563  191 
563  262 
563  246 
564  56 
564  201 
564  227 
564  540 
565  372 
565  479 
565  359 
565  407 
566  243 
566  437 
566  192 
566  499 
567  153 
567  241 
567  398 
567  57 
568  284 
568  352 
568  69 
568  176 
569  563 
569  344 
569  423 
569  513 
570  223 
570  130 
570  345 
570  8 
571  538 
571  131 
571  445 
571  215 
572  527 
572  491 
572  343 
572  311 
573  390 
573  549 
573  488 
573  313 
574  573 
574  439 
574  393 
574  498 
575  55 
575  162 
575  32 
575  453 
576  12 
576  551 
576  173 
576  573 
577  144 
577  573 
577  543 
577  572 
578  444 
578  127 
578  340 
578  439 
579  426 
579  226 
579  220 
579  552 
580  272 
580  560 
580  22 
580  335 
581  33 
581  579 
581  480 
581  525 
582  133 
582  489 
582  345 
582  337 
583  235 
583  96 
583  100 
583  574 
584  164 
584  251 
584  548 
584  499 
585  183 
585  317 
585  144 
585  296 
586  301 
586  478 
586  16 
586  170 
587  154 
587  173 
587  568 
587  32 
588  309 
588  84 
588  583 
588  264 
589  426 
589  43 
589  194 
589  559 
590  547 
590  370 
590  137 
590  551 
591  498 
591  210 
591  458 
591  377 
592  251 
592  32 
592  127 
592  232 
593  571 
593  120 
593  281 
593  589 
594  55 
594  582 
594  104 
594  266 
595  338 
595  578 
595  290 
595  568 
596  566 
596  535 
596  97 
596  495 
597  481 
597  89 
597  372 
597  592 
598  212 
598  113 
598  105 
598  272 
599  597 
599  508 
599  545 
599  131 
600  223 
600  576 
600  343 
600  228 
601  595 
601  295 
601  415 
601  302 
602  124 
602  568 
602  355 
602  473 
603  191 
603  519 
603  580 
603  483 
604  14 
604  247 
604  597 
604  67 
605  575 
605  130 
605  326 
605  480 
606  135 
606  597 
606  159 
606  170 
607  297 
607  99 
607  102 
607  592 
608  379 
608  565 
608  496 
608  153 
609  40 
609  450 
609  97 
609  161 
610  592 
610  55 
610  95 
610  330 
611  409 
611  41 
611  130 
611  468 
612  581 
612  74 
612  179 
612  405 
613  396 
613  280 
613  81 
613  395 
614  168 
614  425 
614  520 
614  238 
615  609 
615  564 
615  51 
615  60 
616  109 
616  23 
616  41 
616  189 
617  610 
617  521 
617  462 
617  234 
618  352 
618  540 
618  470 
618  522 
619  556 
619  613 
619  173 
619  618 
620  226 
620  87 
620  130 
620  229 
621  279 
621  65 
621  474 
621  85 
622  309 
622  483 
622  144 
622  41 
623  300 
623  241 
623  466 
623  40 
624  427 
624  436 
624  231 
624  314 
625  295 
625  194 
625  23 
625  523 
626  410 
626  601 
626  126 
626  329 
627  495 
627  503 
627  529 
627  609 
628  300 
628  457 
628  111 
628  41 
629  245 
629  502 
629  623 
629  402 
630  540 
630  405 
630  135 
630  8 
631  354 
631  51 
631  508 
631  380 
632  389 
632  336 
632  74 
632  41 
633  194 
633  345 
633  629 
633  161 
634  8 
634  410 
634  245 
634  6 
635  504 
635  614 
635  66 
635  617 
636  447 
636  634 
636  205 
636  111 
637  185 
637  336 
637  81 
637  94 
638  219 
638  187 
638  241 
638  256 
639  383 
639  337 
639  618 
639  35 
640  529 
640  544 
640  324 
640  222 
641  616 
641  33 
641  81 
641  327 
642  272 
642  634 
642  545 
642  310 
643  617 
643  81 
643  84 
643  612 
644  215 
644  286 
644  241 
644  450 
645  613 
645  453 
645  41 
645  291 
646  60 
646  402 
646  40 
646  261 
647  104 
647  196 
647  528 
647  633 
648  268 
648  599 
648  503 
648  521 
649  447 
649  41 
649  107 
649  257 
650  336 
650  442 
650  133 
650  492 
651  419 
651  340 
651  154 
651  241 
652  532 
652  41 
652  81 
652  488 
653  125 
653  66 
653  73 
653  135 
654  557 
654  33 
654  617 
654  267 
655  145 
655  516 
655  634 
655  219 
656  410 
656  185 
656  239 
656  599 
657  156 
657  584 
657  111 
657  211 
658  156 
658  97 
658  70 
658  254 
659  183 
659  582 
659  140 
659  420 
660  596 
660  108 
660  659 
660  607 
661  362 
661  305 
661  436 
661  57 
662  288 
662  534 
662  147 
662  233 
663  649 
663  532 
663  144 
663  394 
664  164 
664  411 
664  479 
664  529 
665  349 
665  47 
665  169 
665  79 
666  186 
666  117 
666  84 
666  349 
667  243 
667  592 
667  443 
667  469 
668  39 
668  137 
668  624 
668  87 
669  529 
669  216 
669  208 
669  453 
670  245 
670  443 
670  121 
670  305 
671  195 
671  216 
671  240 
671  44 
672  588 
672  663 
672  532 
672  202 
673  581 
673  666 
673  541 
673  176 
674  7 
674  152 
674  26 
674  559 
675  23 
675  313 
675  47 
675  12 
676  352 
676  659 
676  272 
676  632 
677  614 
677  412 
677  421 
677  550 
678  375 
678  129 
678  669 
678  186 
679  56 
679  612 
679  546 
679  298 
680  622 
680  313 
680  187 
680  159 
681  573 
681  152 
681  669 
681  223 
682  139 
682  659 
682  194 
682  137 
683  446 
683  184 
683  556 
683  158 
684  654 
684  681 
684  417 
684  117 
685  417 
685  530 
685  178 
685  110 
686  150 
686  49 
686  479 
686  106 
687  652 
687  196 
687  465 
687  675 
688  156 
688  669 
688  21 
688  631 
689  237 
689  293 
689  686 
689  651 
690  256 
690  183 
690  279 
690  131 
691  476 
691  455 
691  260 
691  671 
692  666 
692  668 
692  535 
692  677 
693  676 
693  129 
693  561 
693  649 
694  371 
694  689 
694  336 
694  4 
695  266 
695  692 
695  521 
695  26 
696  625 
696  529 
696  244 
696  691 
697  121 
697  11 
697  7 
697  96 
698  270 
698  234 
698  662 
698  384 
699  566 
699  698 
699  594 
699  588 
700  4 
700  93 
700  331 
700  658 
701  252 
701  682 
701  10 
701  612 
702  602 
702  493 
702  60 
702  622 
703  701 
703  694 
703  675 
703  690 
704  21 
704  612 
704  657 
704  684 
705  530 
705  279 
705  690 
705  689 
706  548 
706  57 
706  305 
706  649 
707  638 
707  556 
707  664 
707  244 
708  580 
708  437 
708  658 
708  266 
709  408 
709  191 
709  618 
709  267 
710  110 
710  627 
710  519 
710  366 
711  133 
711  535 
711  101 
711  416 
712  244 
712  40 
712  429 
712  37 
713  279 
713  622 
713  410 
713  362 
714  545 
714  25 
714  184 
714  266 
715  62 
715  692 
715  713 
715  402 
716  687 
716  115 
716  270 
716  82 
717  127 
717  32 
717  667 
717  42 
718  570 
718  53 
718  404 
718  98 
719  266 
719  481 
719  143 
719  410 
720  337 
720  521 
720  211 
720  317 
721  602 
721  253 
721  356 
721  608 
722  379 
722  627 
722  418 
722  167 
723  492 
723  352 
723  717 
723  157 
724  714 
724  578 
724  30 
724  383 
725  627 
725  718 
725  31 
725  519 
726  721 
726  161 
726  280 
726  474 
727  681 
727  158 
727  30 
727  555 
728  450 
728  718 
728  127 
728  681 
729  568 
729  604 
729  699 
729  638 
730  646 
730  208 
730  10 
730  76 
731  438 
731  444 
731  638 
731  202 
732  715 
732  361 
732  540 
732  679 
733  701 
733  20 
733  506 
733  619 
734  321 
734  533 
734  588 
734  711 
735  663 
735  715 
735  72 
735  232 
736  720 
736  419 
736  333 
736  174 
737  139 
737  20 
737  728 
737  38 
738  100 
738  279 
738  107 
738  137 
739  334 
739  706 
739  508 
739  704 
740  622 
740  157 
740  635 
740  413 
741  495 
741  699 
741  526 
741  268 
742  337 
742  471 
742  289 
742  528 
743  195 
743  178 
743  124 
743  576 
744  734 
744  719 
744  399 
744  738 
745  202 
745  520 
745  696 
745  709 
746  547 
746  122 
746  716 
746  633 
747  677 
747  632 
747  722 
747  676 
748  720 
748  93 
748  603 
748  519 
749  696 
749  96 
749  738 
749  81 
750  215 
750  127 
750  308 
750  52 
751  370 
751  265 
751  728 
751  567 
752  744 
752  18 
752  195 
752  71 
753  93 
753  663 
753  456 
753  741 
754  332 
754  442 
754  194 
754  450 
755  161 
755  676 
755  604 
755  663 
756  600 
756  219 
756  143 
756  330 
757  328 
757  608 
757  602 
757  397 
758  65 
758  719 
758  348 
758  622 
759  756 
759  683 
759  234 
759  266 
760  706 
760  613 
760  636 
760  715 
761  618 
761  501 
761  34 
761  605 
762  192 
762  321 
762  741 
762  547 
763  220 
763  608 
763  108 
763  88 
764  448 
764  680 
764  608 
764  232 
765  626 
765  57 
765  263 
765  292 
766  141 
766  299 
766  669 
766  596 
767  520 
767  29 
767  325 
767  293 
768  375 
768  184 
768  311 
768  439 
769  376 
769  203 
769  332 
769  113 
770  442 
770  291 
770  82 
770  211 
771  423 
771  110 
771  517 
771  644 
772  593 
772  697 
772  200 
772  613 
773  73 
773  605 
773  103 
773  708 
774  688 
774  140 
774  224 
774  488 
775  216 
775  517 
775  120 
775  358 
776  400 
776  205 
776  103 
776  44 
777  356 
777  264 
777  187 
777  644 
778  189 
778  753 
778  103 
778  293 
779  708 
779  136 
779  78 
779  666 
780  294 
780  743 
780  523 
780  343 
781  257 
781  299 
781  708 
781  271 
782  452 
782  417 
782  261 
782  243 
783  608 
783  536 
783  463 
783  523 
784  356 
784  293 
784  351 
784  523 
785  241 
785  88 
785  688 
785  113 
786  89 
786  534 
786  293 
786  523 
787  49 
787  602 
787  761 
787  668 
788  358 
788  465 
788  509 
788  49 
789  398 
789  165 
789  787 
789  619 
790  13 
790  102 
790  766 
790  272 
791  786 
791  479 
791  226 
791  216 
792  212 
792  251 
792  710 
792  564 
793  394 
793  593 
793  71 
793  660 
794  85 
794  786 
794  590 
794  176 
795  121 
795  356 
795  222 
795  298 
796  400 
796  264 
796  564 
796  570 
797  422 
797  602 
797  547 
797  708 
798  418 
798  240 
798  81 
798  123 
799  650 
799  653 
799  102 
799  465 
800  519 
800  355 
800  179 
800  35 
801  595 
801  775 
801  571 
801  476 
802  662 
802  801 
802  321 
802  422 
803  650 
803  148 
803  765 
803  351 
804  702 
804  383 
804  761 
804  560 
805  380 
805  789 
805  489 
805  522 
806  794 
806  113 
806  760 
806  616 
807  8 
807  757 
807  107 
807  92 
808  796 
808  285 
808  804 
808  342 
809  297 
809  403 
809  411 
809  438 
810  14 
810  118 
810  552 
810  450 
811  708 
811  80 
811  588 
811  472 
812  169 
812  558 
812  228 
812  473 
813  733 
813  251 
813  589 
813  593 
814  768 
814  229 
814  122 
814  432 
815  128 
815  554 
815  220 
815  181 
816  540 
816  282 
816  160 
816  173 
817  755 
817  714 
817  401 
817  516 
818  74 
818  194 
818  311 
818  707 
819  700 
819  452 
819  593 
819  647 
820  788 
820  473 
820  700 
820  594 
821  454 
821  762 
821  394 
821  272 
822  715 
822  16 
822  191 
822  7 
823  812 
823  72 
823  56 
823  76 
824  13 
824  63 
824  284 
824  702 
825  426 
825  709 
825  480 
825  625 
826  810 
826  145 
826  90 
826  146 
827  434 
827  813 
827  517 
827  322 
828  208 
828  660 
828  141 
828  209 
829  597 
829  71 
829  282 
829  272 
830  37 
830  810 
830  715 
830  522 
831  134 
831  154 
831  359 
831  488 
832  15 
832  701 
832  536 
832  656 
833  762 
833  793 
833  802 
833  369 
834  775 
834  828 
834  813 
834  510 
835  74 
835  188 
835  343 
835  604 
836  176 
836  819 
836  699 
836  698 
837  506 
837  809 
837  682 
837  277 
838  699 
838  217 
838  649 
838  714 
839  188 
839  483 
839  13 
839  189 
840  253 
840  145 
840  814 
840  301 
841  369 
841  828 
841  541 
841  503 
842  772 
842  16 
842  96 
842  634 
843  265 
843  696 
843  811 
843  282 
844  754 
844  442 
844  766 
844  816 
845  760 
845  796 
845  577 
845  753 
846  432 
846  711 
846  334 
846  137 
847  539 
847  647 
847  824 
847  1 
848  596 
848  215 
848  812 
848  155 
849  534 
849  217 
849  21 
849  568 
850  659 
850  369 
850  354 
850  468 
851  705 
851  253 
851  59 
851  624 
852  150 
852  437 
852  818 
852  546 
853  213 
853  810 
853  173 
853  75 
854  265 
854  341 
854  849 
854  843 
855  318 
855  822 
855  736 
855  394 
856  825 
856  620 
856  434 
856  821 
857  822 
857  14 
857  16 
857  72 
858  703 
858  788 
858  265 
858  144 
859  513 
859  89 
859  486 
859  799 
860  436 
860  775 
860  769 
860  776 
861  472 
861  358 
861  489 
861  619 
862  645 
862  361 
862  486 
862  692 
863  377 
863  619 
863  94 
863  309 
864  643 
864  790 
864  323 
864  33 
865  690 
865  359 
865  454 
865  54 
866  535 
866  654 
866  358 
866  244 
867  243 
867  862 
867  181 
867  721 
868  299 
868  474 
868  758 
868  520 
869  868 
869  573 
869  192 
869  81 
870  77 
870  258 
870  344 
870  692 
871  602 
871  357 
871  210 
871  187 
872  837 
872  712 
872  299 
872  171 
873  305 
873  862 
873  322 
873  871 
874  288 
874  453 
874  473 
874  309 
875  796 
875  505 
875  712 
875  633 
876  399 
876  360 
876  112 
876  831 
877  394 
877  854 
877  696 
877  198 
878  341 
878  589 
878  106 
878  698 
879  299 
879  117 
879  873 
879  597 
880  216 
880  57 
880  596 
880  66 
881  436 
881  233 
881  44 
881  489 
882  489 
882  790 
882  560 
882  52 
883  117 
883  812 
883  299 
883  384 
884  530 
884  362 
884  88 
884  445 
885  385 
885  299 
885  540 
885  249 
886  297 
886  207 
886  851 
886  252 
887  671 
887  480 
887  551 
887  17 
888  701 
888  9 
888  515 
888  252 
889  693 
889  882 
889  469 
889  880 
890  346 
890  130 
890  552 
890  582 
891  842 
891  501 
891  861 
891  645 
892  559 
892  130 
892  627 
892  654 
893  4 
893  80 
893  302 
893  680 
894  54 
894  797 
894  87 
894  309 
895  516 
895  869 
895  399 
895  518 
896  789 
896  853 
896  879 
896  349 
897  520 
897  356 
897  415 
897  840 
898  572 
898  568 
898  284 
898  867 
899  763 
899  894 
899  871 
899  567 
900  77 
900  597 
900  105 
900  214 
901  431 
901  875 
901  881 
901  274 
902  292 
902  233 
902  583 
902  898 
903  433 
903  171 
903  215 
903  175 
904  514 
904  654 
904  861 
904  445 
905  894 
905  397 
905  875 
905  608 
906  869 
906  534 
906  340 
906  29 
907  894 
907  698 
907  871 
907  487 
908  878 
908  890 
908  882 
908  726 
909  568 
909  224 
909  196 
909  58 
910  561 
910  614 
910  451 
910  201 
911  494 
911  29 
911  147 
911  652 
912  217 
912  226 
912  158 
912  467 
913  678 
913  451 
913  676 
913  24 
914  406 
914  739 
914  418 
914  22 
915  408 
915  301 
915  581 
915  862 
916  266 
916  34 
916  121 
916  303 
917  853 
917  779 
917  881 
917  629 
918  710 
918  448 
918  745 
918  307 
919  821 
919  52 
919  70 
919  559 
920  776 
920  685 
920  740 
920  878 
921  158 
921  315 
921  634 
921  13 
922  222 
922  281 
922  251 
922  634 
923  78 
923  763 
923  725 
923  141 
924  913 
924  456 
924  122 
924  688 
925  785 
925  409 
925  652 
925  241 
926  655 
926  183 
926  410 
926  559 
927  688 
927  26 
927  445 
927  527 
928  200 
928  162 
928  645 
928  850 
929  430 
929  847 
929  280 
929  20 
930  812 
930  266 
930  781 
930  840 
931  539 
931  907 
931  843 
931  151 
932  607 
932  578 
932  373 
932  915 
933  67 
933  529 
933  646 
933  313 
934  583 
934  859 
934  777 
934  711 
935  95 
935  328 
935  924 
935  616 
936  797 
936  710 
936  730 
936  933 
937  484 
937  348 
937  666 
937  853 
938  876 
938  928 
938  595 
938  862 
939  145 
939  372 
939  750 
939  924 
940  463 
940  480 
940  935 
940  96 
941  437 
941  135 
941  666 
941  214 
942  916 
942  308 
942  348 
942  773 
943  2 
943  141 
943  772 
943  208 
944  222 
944  79 
944  91 
944  941 
945  715 
945  237 
945  745 
945  87 
946  932 
946  500 
946  179 
946  154 
947  354 
947  155 
947  2 
947  427 
948  878 
948  922 
948  147 
948  715 
949  874 
949  880 
949  580 
949  348 
950  702 
950  922 
950  185 
950  599 
951  649 
951  338 
951  636 
951  634 
952  768 
952  726 
952  627 
952  915 
953  735 
953  739 
953  491 
953  934 
954  279 
954  666 
954  575 
954  455 
955  65 
955  394 
955  403 
955  456 
956  29 
956  910 
956  914 
956  857 
957  266 
957  364 
957  394 
957  278 
958  644 
958  492 
958  445 
958  685 
959  807 
959  42 
959  520 
959  711 
960  636 
960  925 
960  920 
960  507 
961  303 
961  675 
961  955 
961  79 
962  291 
962  838 
962  52 
962  687 
963  913 
963  786 
963  936 
963  747 
964  442 
964  512 
964  169 
964  646 
965  584 
965  671 
965  285 
965  945 
966  387 
966  53 
966  124 
966  403 
967  888 
967  952 
967  237 
967  599 
968  283 
968  535 
968  124 
968  217 
969  409 
969  39 
969  868 
969  312 
970  170 
970  22 
970  744 
970  711 
971  496 
971  92 
971  576 
971  195 
972  702 
972  707 
972  925 
972  888 
973  42 
973  289 
973  724 
973  535 
974  724 
974  316 
974  140 
974  556 
975  565 
975  749 
975  331 
975  287 
976  536 
976  410 
976  510 
976  269 
977  806 
977  116 
977  262 
977  545 
978  343 
978  104 
978  648 
978  235 
979  189 
979  123 
979  604 
979  224 
980  970 
980  182 
980  416 
980  53 
981  391 
981  710 
981  461 
981  621 
982  614 
982  661 
982  535 
982  59 
983  164 
983  213 
983  605 
983  33 
984  178 
984  659 
984  421 
984  930 
985  440 
985  69 
985  82 
985  445 
986  350 
986  87 
986  225 
986  53 
987  734 
987  536 
987  88 
987  478 
988  613 
988  724 
988  831 
988  530 
989  973 
989  345 
989  165 
989  442 
990  245 
990  413 
990  257 
990  126 
991  658 
991  359 
991  976 
991  496 
992  200 
992  809 
992  947 
992  448 
993  515 
993  964 
993  652 
993  902 
994  410 
994  845 
994  67 
994  188 
995  676 
995  763 
995  792 
995  986 
996  51 
996  371 
996  690 
996  448 
997  648 
997  248 
997  839 
997  918 
998  959 
998  536 
998  986 
998  833 
999  34 
999  313 
999  817 
999  974 
1000  570 
1000  890 
1000  439 
1000  359 
1001  759 
1001  874 
1001  922 
1001  52 
1002  652 
1002  890 
1002  707 
1002  743 
1003  653 
1003  22 
1003  880 
1003  553 
1004  978 
1004  75 
1004  626 
1004  346 
1005  618 
1005  255 
1005  364 
1005  591 
1006  258 
1006  833 
1006  978 
1006  404 
1007  540 
1007  671 
1007  92 
1007  282 
1008  268 
1008  483 
1008  704 
1008  38 
1009  150 
1009  391 
1009  378 
1009  975 
1010  686 
1010  546 
1010  191 
1010  392 
1011  633 
1011  658 
1011  443 
1011  981 
1012  813 
1012  146 
1012  136 
1012  284 
1013  774 
1013  775 
1013  793 
1013  94 
1014  747 
1014  171 
1014  68 
1014  308 
1015  858 
1015  709 
1015  88 
1015  912 
1016  502 
1016  708 
1016  245 
1016  734 
1017  1016 
1017  146 
1017  967 
1017  921 
1018  675 
1018  996 
1018  769 
1018  263 
1019  328 
1019  894 
1019  46 
1019  370 
1020  359 
1020  783 
1020  390 
1020  865 
1021  213 
1021  222 
1021  281 
1021  405 
1022  833 
1022  506 
1022  1015 
1022  191 
1023  429 
1023  1016 
1023  284 
1023  559 
1024  774 
1024  235 
1024  578 
1024  1022 
1025  688 
1025  278 
1025  806 
1025  950 
1026  247 
1026  492 
1026  968 
1026  240 
1027  821 
1027  567 
1027  616 
1027  154 
1028  506 
1028  855 
1028  930 
1028  492 
1029  446 
1029  259 
1029  1011 
1029  864 
1030  248 
1030  1019 
1030  16 
1030  558 
1031  896 
1031  521 
1031  297 
1031  674 
1032  1018 
1032  1026 
1032  476 
1032  845 
1033  706 
1033  79 
1033  492 
1033  367 
1034  358 
1034  1022 
1034  425 
1034  206 
1035  331 
1035  369 
1035  222 
1035  9 
1036  192 
1036  325 
1036  197 
1036  342 
1037  197 
1037  346 
1037  74 
1037  290 
1038  1036 
1038  835 
1038  985 
1038  438 
1039  769 
1039  809 
1039  277 
1039  805 
1040  681 
1040  1024 
1040  981 
1040  420 
1041  278 
1041  765 
1041  389 
1041  59 
1042  1024 
1042  369 
1042  695 
1042  552 
1043  110 
1043  129 
1043  916 
1043  722 
1044  370 
1044  157 
1044  35 
1044  875 
1045  983 
1045  696 
1045  723 
1045  31 
1046  308 
1046  213 
1046  137 
1046  1023 
1047  20 
1047  1017 
1047  649 
1047  1011 
1048  954 
1048  869 
1048  707 
1048  448 
1049  554 
1049  563 
1049  692 
1049  1037 
1050  996 
1050  46 
1050  197 
1050  1021 
1051  931 
1051  983 
1051  1034 
1051  298 
1052  1025 
1052  34 
1052  46 
1052  599 
1053  695 
1053  640 
1053  769 
1053  420 
1054  153 
1054  919 
1054  132 
1054  189 
1055  69 
1055  540 
1055  567 
1055  790 
1056  126 
1056  595 
1056  1015 
1056  1036 
1057  297 
1057  1010 
1057  102 
1057  70 
1058  1041 
1058  16 
1058  362 
1058  616 
1059  363 
1059  830 
1059  714 
1059  53 
1060  7 
1060  899 
1060  509 
1060  39 
1061  148 
1061  996 
1061  973 
1061  307 
1062  980 
1062  539 
1062  288 
1062  291 
1063  443 
1063  52 
1063  1050 
1063  945 
1064  742 
1064  432 
1064  63 
1064  104 
1065  356 
1065  631 
1065  165 
1065  390 
1066  131 
1066  79 
1066  143 
1066  1063 
1067  342 
1067  493 
1067  522 
1067  983 
1068  783 
1068  684 
1068  661 
1068  41 
1069  165 
1069  784 
1069  12 
1069  1065 
1070  309 
1070  132 
1070  453 
1070  778 
1071  807 
1071  440 
1071  928 
1071  977 
1072  633 
1072  1065 
1072  981 
1072  817 
1073  612 
1073  282 
1073  526 
1073  463 
1074  318 
1074  169 
1074  263 
1074  86 
1075  1070 
1075  730 
1075  804 
1075  771 
1076  727 
1076  317 
1076  921 
1076  446 
1077  468 
1077  871 
1077  328 
1077  931 
1078  785 
1078  1065 
1078  920 
1078  888 
1079  230 
1079  243 
1079  1062 
1079  731 
1080  953 
1080  581 
1080  226 
1080  387 
1081  70 
1081  513 
1081  410 
1081  236 
1082  177 
1082  309 
1082  549 
1082  513 
1083  994 
1083  44 
1083  946 
1083  195 
1084  713 
1084  209 
1084  1064 
1084  648 
1085  880 
1085  86 
1085  1071 
1085  350 
1086  888 
1086  1032 
1086  1061 
1086  43 
1087  387 
1087  339 
1087  1061 
1087  93 
1088  1062 
1088  944 
1088  790 
1088  784 
1089  187 
1089  169 
1089  419 
1089  1000 
1090  338 
1090  623 
1090  35 
1090  103 
1091  1070 
1091  1083 
1091  155 
1091  671 
1092  9 
1092  701 
1092  877 
1092  804 
1093  423 
1093  545 
1093  337 
1093  489 
1094  862 
1094  33 
1094  1040 
1094  949 
1095  519 
1095  420 
1095  859 
1095  91 
1096  309 
1096  392 
1096  1094 
1096  173 
1097  374 
1097  543 
1097  718 
1097  790 
1098  745 
1098  1065 
1098  1096 
1098  489 
1099  473 
1099  140 
1099  81 
1099  608 
1100  743 
1100  819 
1100  67 
1100  452 
1101  837 
1101  613 
1101  1007 
1101  521 
1102  1063 
1102  880 
1102  333 
1102  910 
1103  1084 
1103  902 
1103  764 
1103  193 
1104  1090 
1104  508 
1104  448 
1104  437 
1105  337 
1105  631 
1105  28 
1105  1042 
1106  684 
1106  954 
1106  663 
1106  357 
1107  280 
1107  695 
1107  608 
1107  558 
1108  503 
1108  455 
1108  599 
1108  884 
1109  675 
1109  796 
1109  1067 
1109  321 
1110  990 
1110  713 
1110  927 
1110  27 
1111  769 
1111  512 
1111  725 
1111  706 
1112  469 
1112  483 
1112  102 
1112  9 
1113  895 
1113  555 
1113  257 
1113  348 
1114  642 
1114  26 
1114  964 
1114  479 
1115  847 
1115  854 
1115  32 
1115  844 
1116  781 
1116  769 
1116  1050 
1116  664 
1117  337 
1117  703 
1117  316 
1117  1045 
1118  278 
1118  725 
1118  554 
1118  23 
1119  906 
1119  744 
1119  730 
1119  501 
1120  237 
1120  766 
1120  540 
1120  1118 
1121  244 
1121  430 
1121  548 
1121  75 
1122  655 
1122  1024 
1122  466 
1122  497 
1123  560 
1123  664 
1123  574 
1123  315 
1124  1066 
1124  925 
1124  1073 
1124  434 
1125  17 
1125  615 
1125  745 
1125  103 
1126  1072 
1126  504 
1126  1002 
1126  1110 
1127  411 
1127  365 
1127  307 
1127  154 
1128  705 
1128  369 
1128  794 
1128  510 
1129  849 
1129  948 
1129  176 
1129  1020 
1130  664 
1130  450 
1130  917 
1130  683 
1131  173 
1131  946 
1131  497 
1131  79 
1132  181 
1132  1128 
1132  616 
1132  914 
1133  316 
1133  580 
1133  161 
1133  1111 
1134  618 
1134  1124 
1134  176 
1134  874 
1135  839 
1135  680 
1135  957 
1135  845 
1136  450 
1136  1045 
1136  890 
1136  1122 
1137  198 
1137  217 
1137  689 
1137  533 
1138  1022 
1138  506 
1138  358 
1138  608 
1139  648 
1139  175 
1139  323 
1139  314 
1140  895 
1140  40 
1140  317 
1140  1120 
1141  69 
1141  117 
1141  325 
1141  29 
1142  378 
1142  429 
1142  237 
1142  520 
1143  82 
1143  533 
1143  1141 
1143  906 
1144  672 
1144  928 
1144  262 
1144  744 
1145  52 
1145  120 
1145  1049 
1145  79 
1146  637 
1146  560 
1146  742 
1146  517 
1147  169 
1147  568 
1147  953 
1147  585 
1148  449 
1148  854 
1148  350 
1148  378 
1149  572 
1149  308 
1149  728 
1149  713 
1150  341 
1150  777 
1150  630 
1150  890 
1151  20 
1151  903 
1151  176 
1151  944 
1152  131 
1152  624 
1152  140 
1152  964 
1153  173 
1153  614 
1153  1112 
1153  358 
1154  453 
1154  872 
1154  775 
1154  812 
1155  310 
1155  201 
1155  497 
1155  500 
1156  169 
1156  657 
1156  77 
1156  1077 
1157  386 
1157  730 
1157  887 
1157  90 
1158  234 
1158  481 
1158  730 
1158  1138 
 

