1  2 
1  3 
1  4 
1  5 
1  6 
1  7 
1  8 
1  9 
1  10 
2  3 
2  4 
2  5 
2  6 
2  7 
2  8 
2  9 
2  10 
3  4 
3  5 
3  6 
3  7 
3  8 
3  9 
3  10 
4  5 
4  6 
4  7 
4  8 
4  9 
4  10 
5  6 
5  7 
5  8 
5  9 
5  10 
6  7 
6  8 
6  9 
6  10 
7  8 
7  9 
7  10 
8  9 
8  10 
9  10 
11  1 
11  9 
11  2 
11  8 
12  1 
12  9 
12  2 
12  6 
13  3 
13  10 
13  1 
13  2 
14  8 
14  1 
14  12 
14  2 
15  1 
15  6 
15  13 
15  3 
16  13 
16  8 
16  4 
16  12 
17  13 
17  10 
17  12 
17  6 
18  4 
18  13 
18  2 
18  1 
19  16 
19  6 
19  9 
19  18 
20  16 
20  3 
20  2 
20  10 
21  13 
21  8 
21  9 
21  11 
22  15 
22  4 
22  18 
22  1 
23  3 
23  12 
23  7 
23  5 
24  12 
24  20 
24  19 
24  6 
25  8 
25  10 
25  5 
25  6 
26  9 
26  18 
26  3 
26  21 
27  1 
27  2 
27  12 
27  21 
28  1 
28  26 
28  7 
28  5 
29  5 
29  3 
29  9 
29  13 
30  5 
30  7 
30  3 
30  4 
31  7 
31  9 
31  24 
31  11 
32  3 
32  20 
32  30 
32  2 
33  6 
33  10 
33  23 
33  19 
34  13 
34  12 
34  2 
34  28 
35  3 
35  12 
35  6 
35  13 
36  1 
36  6 
36  4 
36  16 
37  20 
37  22 
37  6 
37  10 
38  3 
38  5 
38  9 
38  30 
39  5 
39  2 
39  6 
39  36 
40  30 
40  6 
40  3 
40  10 
41  6 
41  11 
41  1 
41  4 
42  3 
42  4 
42  6 
42  1 
43  30 
43  4 
43  19 
43  8 
44  2 
44  37 
44  22 
44  38 
45  18 
45  38 
45  30 
45  2 
46  13 
46  2 
46  26 
46  4 
47  16 
47  22 
47  6 
47  46 
48  31 
48  29 
48  5 
48  22 
49  8 
49  3 
49  38 
49  11 
50  7 
50  1 
50  10 
50  39 
51  45 
51  19 
51  13 
51  1 
52  1 
52  11 
52  9 
52  45 
53  7 
53  20 
53  27 
53  11 
54  38 
54  33 
54  30 
54  4 
55  50 
55  1 
55  45 
55  13 
56  45 
56  44 
56  2 
56  49 
57  3 
57  8 
57  6 
57  31 
58  3 
58  1 
58  19 
58  32 
59  50 
59  10 
59  8 
59  23 
60  21 
60  24 
60  1 
60  15 
61  22 
61  11 
61  10 
61  48 
62  23 
62  9 
62  12 
62  59 
63  48 
63  30 
63  42 
63  22 
64  10 
64  45 
64  6 
64  5 
65  3 
65  5 
65  13 
65  2 
66  13 
66  16 
66  48 
66  28 
67  19 
67  62 
67  50 
67  3 
68  62 
68  31 
68  6 
68  27 
69  30 
69  12 
69  32 
69  6 
70  15 
70  7 
70  54 
70  17 
71  8 
71  24 
71  4 
71  30 
72  50 
72  9 
72  62 
72  20 
73  8 
73  11 
73  50 
73  5 
74  4 
74  8 
74  5 
74  41 
75  21 
75  4 
75  9 
75  6 
76  52 
76  30 
76  65 
76  22 
77  41 
77  2 
77  56 
77  4 
78  3 
78  2 
78  20 
78  10 
79  4 
79  13 
79  62 
79  11 
80  11 
80  8 
80  21 
80  62 
81  29 
81  1 
81  42 
81  7 
82  54 
82  2 
82  41 
82  40 
83  51 
83  49 
83  59 
83  54 
84  11 
84  2 
84  10 
84  62 
85  83 
85  58 
85  39 
85  15 
86  48 
86  83 
86  11 
86  28 
87  22 
87  3 
87  66 
87  1 
88  8 
88  12 
88  65 
88  7 
89  19 
89  50 
89  60 
89  22 
90  52 
90  1 
90  5 
90  23 
91  19 
91  54 
91  77 
91  23 
92  17 
92  57 
92  4 
92  80 
93  6 
93  5 
93  30 
93  71 
94  19 
94  35 
94  8 
94  14 
95  7 
95  26 
95  9 
95  50 
96  16 
96  50 
96  55 
96  2 
97  13 
97  30 
97  77 
97  1 
98  20 
98  8 
98  9 
98  1 
99  15 
99  5 
99  59 
99  45 
100  2 
100  24 
100  26 
100  60 
101  48 
101  1 
101  49 
101  83 
102  66 
102  9 
102  83 
102  27 
103  13 
103  68 
103  23 
103  32 
104  45 
104  103 
104  1 
104  3 
105  92 
105  13 
105  62 
105  86 
106  40 
106  48 
106  77 
106  9 
107  45 
107  8 
107  104 
107  72 
108  61 
108  85 
108  51 
108  5 
109  7 
109  8 
109  48 
109  80 
110  73 
110  96 
110  13 
110  54 
111  10 
111  105 
111  101 
111  66 
112  62 
112  10 
112  102 
112  111 
113  107 
113  2 
113  66 
113  25 
114  70 
114  25 
114  90 
114  23 
115  87 
115  28 
115  22 
115  66 
116  7 
116  3 
116  55 
116  32 
117  30 
117  8 
117  2 
117  25 
118  12 
118  97 
118  25 
118  20 
119  22 
119  50 
119  96 
119  12 
120  54 
120  5 
120  6 
120  91 
121  28 
121  9 
121  107 
121  90 
122  24 
122  54 
122  77 
122  117 
123  67 
123  5 
123  46 
123  32 
124  46 
124  28 
124  118 
124  17 
125  11 
125  3 
125  62 
125  120 
126  6 
126  34 
126  21 
126  30 
127  3 
127  55 
127  102 
127  47 
128  96 
128  45 
128  114 
128  7 
129  19 
129  2 
129  88 
129  12 
130  2 
130  22 
130  59 
130  70 
131  8 
131  7 
131  15 
131  10 
132  8 
132  39 
132  19 
132  2 
133  2 
133  50 
133  1 
133  62 
134  16 
134  57 
134  60 
134  34 
135  83 
135  67 
135  110 
135  7 
136  1 
136  21 
136  102 
136  49 
137  62 
137  136 
137  70 
137  12 
138  59 
138  22 
138  116 
138  88 
139  41 
139  5 
139  54 
139  11 
140  115 
140  3 
140  10 
140  93 
141  48 
141  119 
141  10 
141  5 
142  117 
142  13 
142  32 
142  50 
143  2 
143  139 
143  8 
143  70 
144  67 
144  75 
144  58 
144  19 
145  108 
145  1 
145  12 
145  28 
146  76 
146  3 
146  117 
146  132 
147  12 
147  108 
147  16 
147  101 
148  108 
148  32 
148  10 
148  122 
149  2 
149  18 
149  58 
149  127 
150  37 
150  98 
150  6 
150  24 
151  87 
151  137 
151  2 
151  11 
152  33 
152  78 
152  3 
152  54 
153  9 
153  8 
153  2 
153  120 
154  119 
154  2 
154  77 
154  7 
155  4 
155  10 
155  50 
155  1 
156  67 
156  2 
156  1 
156  13 
157  8 
157  20 
157  15 
157  137 
158  28 
158  46 
158  3 
158  78 
159  2 
159  45 
159  128 
159  134 
160  46 
160  104 
160  58 
160  75 
161  66 
161  48 
161  11 
161  118 
162  92 
162  22 
162  11 
162  37 
163  54 
163  1 
163  2 
163  141 
164  78 
164  77 
164  45 
164  9 
165  110 
165  2 
165  4 
165  75 
166  129 
166  6 
166  54 
166  108 
167  84 
167  28 
167  4 
167  70 
168  6 
168  27 
168  55 
168  97 
169  21 
169  79 
169  110 
169  54 
170  40 
170  109 
170  51 
170  121 
171  58 
171  7 
171  56 
171  13 
172  134 
172  4 
172  23 
172  58 
173  106 
173  27 
173  5 
173  8 
174  115 
174  14 
174  59 
174  158 
175  109 
175  113 
175  38 
175  173 
176  19 
176  45 
176  2 
176  89 
177  143 
177  13 
177  70 
177  169 
178  13 
178  20 
178  38 
178  75 
179  15 
179  50 
179  10 
179  14 
180  5 
180  52 
180  62 
180  124 
181  45 
181  8 
181  110 
181  26 
182  128 
182  167 
182  31 
182  18 
183  151 
183  5 
183  30 
183  20 
184  63 
184  27 
184  158 
184  136 
185  5 
185  71 
185  50 
185  1 
186  59 
186  26 
186  1 
186  18 
187  96 
187  107 
187  38 
187  70 
188  45 
188  122 
188  131 
188  9 
189  2 
189  121 
189  54 
189  22 
190  74 
190  48 
190  9 
190  16 
191  95 
191  97 
191  45 
191  14 
192  5 
192  78 
192  164 
192  22 
193  53 
193  5 
193  52 
193  141 
194  16 
194  123 
194  45 
194  109 
195  22 
195  39 
195  127 
195  113 
196  4 
196  6 
196  20 
196  97 
197  51 
197  68 
197  5 
197  15 
198  162 
198  8 
198  2 
198  190 
199  81 
199  116 
199  12 
199  16 
200  107 
200  10 
200  6 
200  22 
1  201 
1  202 
1  203 
1  204 
2  201 
2  202 
2  205 
2  204 
3  201 
3  206 
3  203 
3  204 
4  202 
4  207 
4  203 
5  201 
5  206 
6  203 
7  208 
7  202 
7  206 
7  207 
7  205 
7  204 
8  206 
8  203 
9  201 
9  208 
9  206 
9  205 
9  203 
10  201 
10  202 
10  206 
10  207 
10  203 
10  204 
11  208 
11  202 
11  206 
11  207 
11  205 
11  203 
12  201 
12  208 
12  206 
12  204 
13  201 
13  202 
13  206 
13  207 
13  205 
13  203 
13  204 
14  201 
14  202 
14  206 
14  207 
14  205 
14  203 
15  201 
15  208 
15  207 
16  208 
16  207 
16  205 
16  204 
17  208 
17  202 
17  206 
17  205 
18  201 
18  206 
18  207 
18  203 
19  201 
19  206 
19  205 
19  203 
19  204 
20  202 
20  207 
20  205 
20  203 
21  202 
21  206 
21  203 
21  204 
22  201 
22  202 
22  207 
22  205 
23  201 
23  202 
23  206 
23  205 
23  203 
23  204 
24  208 
24  202 
24  205 
24  204 
25  201 
25  208 
25  206 
25  207 
25  205 
25  204 
26  201 
26  206 
26  203 
27  208 
27  206 
27  205 
27  203 
27  204 
28  202 
28  205 
28  204 
29  206 
29  205 
29  204 
30  205 
31  201 
31  202 
31  206 
31  205 
31  204 
32  201 
32  202 
32  206 
32  205 
33  207 
34  208 
34  206 
34  207 
34  205 
34  204 
35  201 
35  208 
35  202 
35  206 
35  207 
36  202 
36  206 
37  206 
37  205 
37  203 
38  201 
38  208 
38  202 
38  203 
38  204 
39  201 
39  208 
39  202 
39  206 
39  207 
39  205 
39  203 
40  208 
40  207 
40  205 
40  203 
40  204 
41  202 
41  206 
41  207 
41  204 
42  201 
42  202 
42  203 
43  201 
43  202 
43  205 
43  203 
43  204 
44  208 
44  202 
44  206 
44  207 
44  204 
45  206 
45  207 
45  205 
45  203 
45  204 
46  201 
46  202 
46  206 
46  207 
46  205 
46  204 
47  201 
47  202 
47  207 
47  203 
48  202 
48  205 
48  203 
48  204 
49  201 
49  202 
50  208 
50  202 
50  206 
50  207 
50  205 
201  208 
208  202 
202  206 
206  207 
207  205 
205  203 
203  204 
201  202 
201  206 
208  203 
202  207 
202  203 
206  203 
205  201 
205  208 
203  201 
203  207 
204  201 
204  208 
204  202 
204  206 
204  207 
204  205 
51  201 
51  208 
51  202 
51  207 
51  205 
52  201 
52  202 
52  206 
52  204 
209  44 
209  54 
209  30 
209  70 
210  152 
210  160 
210  122 
210  209 
211  33 
211  38 
211  143 
211  196 
212  106 
212  21 
212  135 
212  99 
213  163 
213  95 
213  43 
213  113 
214  158 
214  142 
214  211 
214  95 
215  134 
215  33 
215  178 
215  45 
216  98 
216  91 
216  215 
216  149 
217  4 
217  38 
217  156 
217  179 
218  211 
218  34 
218  69 
218  94 
219  20 
219  180 
219  182 
219  215 
220  75 
220  172 
220  215 
220  79 
221  219 
221  33 
221  211 
221  220 
222  127 
222  82 
222  54 
222  75 
223  12 
223  114 
223  144 
223  172 
224  200 
224  196 
224  77 
224  122 
225  56 
225  218 
225  41 
225  167 
226  89 
226  189 
226  38 
226  185 
227  70 
227  132 
227  116 
227  54 
228  184 
228  161 
228  160 
228  54 
 

