1  2 
1  3 
1  4 
1  5 
1  6 
1  7 
1  8 
1  9 
1  10 
2  3 
2  4 
2  5 
2  6 
2  7 
2  8 
2  9 
2  10 
3  4 
3  5 
3  6 
3  7 
3  8 
3  9 
3  10 
4  5 
4  6 
4  7 
4  8 
4  9 
4  10 
5  6 
5  7 
5  8 
5  9 
5  10 
6  7 
6  8 
6  9 
6  10 
7  8 
7  9 
7  10 
8  9 
8  10 
9  10 
11  1 
11  9 
11  2 
11  8 
12  1 
12  9 
12  2 
12  6 
13  3 
13  10 
13  1 
13  2 
14  8 
14  1 
14  12 
14  2 
15  1 
15  6 
15  13 
15  3 
16  13 
16  8 
16  4 
16  12 
17  13 
17  10 
17  12 
17  6 
18  4 
18  13 
18  2 
18  1 
19  16 
19  6 
19  9 
19  18 
20  16 
20  3 
20  2 
20  10 
21  13 
21  8 
21  9 
21  11 
22  15 
22  4 
22  18 
22  1 
23  3 
23  12 
23  7 
23  5 
24  12 
24  20 
24  19 
24  6 
25  8 
25  10 
25  5 
25  6 
26  9 
26  18 
26  3 
26  21 
27  1 
27  2 
27  12 
27  21 
28  1 
28  26 
28  7 
28  5 
29  5 
29  3 
29  9 
29  13 
30  5 
30  7 
30  3 
30  4 
31  7 
31  9 
31  24 
31  11 
32  3 
32  20 
32  30 
32  2 
33  6 
33  10 
33  23 
33  19 
34  13 
34  12 
34  2 
34  28 
35  3 
35  12 
35  6 
35  13 
36  1 
36  6 
36  4 
36  16 
37  20 
37  22 
37  6 
37  10 
38  3 
38  5 
38  9 
38  30 
39  5 
39  2 
39  6 
39  36 
40  30 
40  6 
40  3 
40  10 
41  6 
41  11 
41  1 
41  4 
42  3 
42  4 
42  6 
42  1 
43  30 
43  4 
43  19 
43  8 
44  2 
44  37 
44  22 
44  38 
45  18 
45  38 
45  30 
45  2 
46  13 
46  2 
46  26 
46  4 
47  16 
47  22 
47  6 
47  46 
48  31 
48  29 
48  5 
48  22 
49  8 
49  3 
49  38 
49  11 
50  7 
50  1 
50  10 
50  39 
51  45 
51  19 
51  13 
51  1 
52  1 
52  11 
52  9 
52  45 
53  7 
53  20 
53  27 
53  11 
54  38 
54  33 
54  30 
54  4 
55  50 
55  1 
55  45 
55  13 
56  45 
56  44 
56  2 
56  49 
57  3 
57  8 
57  6 
57  31 
58  3 
58  1 
58  19 
58  32 
59  50 
59  10 
59  8 
59  23 
60  21 
60  24 
60  1 
60  15 
61  22 
61  11 
61  10 
61  48 
62  23 
62  9 
62  12 
62  59 
63  48 
63  30 
63  42 
63  22 
64  10 
64  45 
64  6 
64  5 
65  3 
65  5 
65  13 
65  2 
66  13 
66  16 
66  48 
66  28 
67  19 
67  62 
67  50 
67  3 
68  62 
68  31 
68  6 
68  27 
69  30 
69  12 
69  32 
69  6 
70  15 
70  7 
70  54 
70  17 
71  8 
71  24 
71  4 
71  30 
72  50 
72  9 
72  62 
72  20 
73  8 
73  11 
73  50 
73  5 
74  4 
74  8 
74  5 
74  41 
75  21 
75  4 
75  9 
75  6 
76  52 
76  30 
76  65 
76  22 
77  41 
77  2 
77  56 
77  4 
78  3 
78  2 
78  20 
78  10 
79  4 
79  13 
79  62 
79  11 
80  11 
80  8 
80  21 
80  62 
81  29 
81  1 
81  42 
81  7 
82  54 
82  2 
82  41 
82  40 
83  51 
83  49 
83  59 
83  54 
84  11 
84  2 
84  10 
84  62 
85  83 
85  58 
85  39 
85  15 
86  48 
86  83 
86  11 
86  28 
87  22 
87  3 
87  66 
87  1 
88  8 
88  12 
88  65 
88  7 
89  19 
89  50 
89  60 
89  22 
90  52 
90  1 
90  5 
90  23 
91  19 
91  54 
91  77 
91  23 
92  17 
92  57 
92  4 
92  80 
93  6 
93  5 
93  30 
93  71 
94  19 
94  35 
94  8 
94  14 
95  7 
95  26 
95  9 
95  50 
96  16 
96  50 
96  55 
96  2 
97  13 
97  30 
97  77 
97  1 
98  20 
98  8 
98  9 
98  1 
99  15 
99  5 
99  59 
99  45 
100  2 
100  24 
100  26 
100  60 
101  48 
101  1 
101  49 
101  83 
102  66 
102  9 
102  83 
102  27 
103  13 
103  68 
103  23 
103  32 
104  45 
104  103 
104  1 
104  3 
105  92 
105  13 
105  62 
105  86 
106  40 
106  48 
106  77 
106  9 
107  45 
107  8 
107  104 
107  72 
108  61 
108  85 
108  51 
108  5 
109  7 
109  8 
109  48 
109  80 
110  73 
110  96 
110  13 
110  54 
111  10 
111  105 
111  101 
111  66 
112  62 
112  10 
112  102 
112  111 
113  107 
113  2 
113  66 
113  25 
114  70 
114  25 
114  90 
114  23 
115  87 
115  28 
115  22 
115  66 
116  7 
116  3 
116  55 
116  32 
117  30 
117  8 
117  2 
117  25 
118  12 
118  97 
118  25 
118  20 
119  22 
119  50 
119  96 
119  12 
120  54 
120  5 
120  6 
120  91 
121  28 
121  9 
121  107 
121  90 
122  24 
122  54 
122  77 
122  117 
123  67 
123  5 
123  46 
123  32 
124  46 
124  28 
124  118 
124  17 
125  11 
125  3 
125  62 
125  120 
126  6 
126  34 
126  21 
126  30 
127  3 
127  55 
127  102 
127  47 
128  96 
128  45 
128  114 
128  7 
129  19 
129  2 
129  88 
129  12 
130  2 
130  22 
130  59 
130  70 
131  8 
131  7 
131  15 
131  10 
132  8 
132  39 
132  19 
132  2 
133  2 
133  50 
133  1 
133  62 
134  16 
134  57 
134  60 
134  34 
135  83 
135  67 
135  110 
135  7 
136  1 
136  21 
136  102 
136  49 
137  62 
137  136 
137  70 
137  12 
138  59 
138  22 
138  116 
138  88 
139  41 
139  5 
139  54 
139  11 
140  115 
140  3 
140  10 
140  93 
141  48 
141  119 
141  10 
141  5 
142  117 
142  13 
142  32 
142  50 
143  2 
143  139 
143  8 
143  70 
144  67 
144  75 
144  58 
144  19 
145  108 
145  1 
145  12 
145  28 
146  76 
146  3 
146  117 
146  132 
147  12 
147  108 
147  16 
147  101 
148  108 
148  32 
148  10 
148  122 
149  2 
149  18 
149  58 
149  127 
150  37 
150  98 
150  6 
150  24 
151  87 
151  137 
151  2 
151  11 
152  33 
152  78 
152  3 
152  54 
153  9 
153  8 
153  2 
153  120 
154  119 
154  2 
154  77 
154  7 
155  4 
155  10 
155  50 
155  1 
156  67 
156  2 
156  1 
156  13 
157  8 
157  20 
157  15 
157  137 
158  28 
158  46 
158  3 
158  78 
159  2 
159  45 
159  128 
159  134 
160  46 
160  104 
160  58 
160  75 
161  66 
161  48 
161  11 
161  118 
162  92 
162  22 
162  11 
162  37 
163  54 
163  1 
163  2 
163  141 
164  78 
164  77 
164  45 
164  9 
165  110 
165  2 
165  4 
165  75 
166  129 
166  6 
166  54 
166  108 
167  84 
167  28 
167  4 
167  70 
168  6 
168  27 
168  55 
168  97 
169  21 
169  79 
169  110 
169  54 
170  40 
170  109 
170  51 
170  121 
171  58 
171  7 
171  56 
171  13 
172  134 
172  4 
172  23 
172  58 
173  106 
173  27 
173  5 
173  8 
174  115 
174  14 
174  59 
174  158 
175  109 
175  113 
175  38 
175  173 
176  19 
176  45 
176  2 
176  89 
177  143 
177  13 
177  70 
177  169 
178  13 
178  20 
178  38 
178  75 
179  15 
179  50 
179  10 
179  14 
180  5 
180  52 
180  62 
180  124 
181  45 
181  8 
181  110 
181  26 
182  128 
182  167 
182  31 
182  18 
183  151 
183  5 
183  30 
183  20 
184  63 
184  27 
184  158 
184  136 
185  5 
185  71 
185  50 
185  1 
186  59 
186  26 
186  1 
186  18 
187  96 
187  107 
187  38 
187  70 
188  45 
188  122 
188  131 
188  9 
189  2 
189  121 
189  54 
189  22 
190  74 
190  48 
190  9 
190  16 
191  95 
191  97 
191  45 
191  14 
192  5 
192  78 
192  164 
192  22 
193  53 
193  5 
193  52 
193  141 
194  16 
194  123 
194  45 
194  109 
195  22 
195  39 
195  127 
195  113 
196  4 
196  6 
196  20 
196  97 
197  51 
197  68 
197  5 
197  15 
198  162 
198  8 
198  2 
198  190 
199  81 
199  116 
199  12 
199  16 
200  107 
200  10 
200  6 
200  22 
1  201 
1  202 
1  203 
1  204 
2  201 
2  202 
2  205 
2  204 
3  201 
3  206 
3  203 
3  204 
4  202 
4  207 
4  203 
5  201 
5  206 
6  203 
7  208 
7  202 
7  206 
7  207 
7  205 
7  204 
8  206 
8  203 
9  201 
9  208 
9  206 
9  205 
9  203 
10  201 
10  202 
10  206 
10  207 
10  203 
10  204 
11  208 
11  202 
11  206 
11  207 
11  205 
11  203 
12  201 
12  208 
12  206 
12  204 
13  201 
13  202 
13  206 
13  207 
13  205 
13  203 
13  204 
14  201 
14  202 
14  206 
14  207 
14  205 
14  203 
15  201 
15  208 
15  207 
16  208 
16  207 
16  205 
16  204 
17  208 
17  202 
17  206 
17  205 
18  201 
18  206 
18  207 
18  203 
19  201 
19  206 
19  205 
19  203 
19  204 
20  202 
20  207 
20  205 
20  203 
21  202 
21  206 
21  203 
21  204 
22  201 
22  202 
22  207 
22  205 
23  201 
23  202 
23  206 
23  205 
23  203 
23  204 
24  208 
24  202 
24  205 
24  204 
25  201 
25  208 
25  206 
25  207 
25  205 
25  204 
26  201 
26  206 
26  203 
27  208 
27  206 
27  205 
27  203 
27  204 
28  202 
28  205 
28  204 
29  206 
29  205 
29  204 
30  205 
31  201 
31  202 
31  206 
31  205 
31  204 
32  201 
32  202 
32  206 
32  205 
33  207 
34  208 
34  206 
34  207 
34  205 
34  204 
35  201 
35  208 
35  202 
35  206 
35  207 
36  202 
36  206 
37  206 
37  205 
37  203 
38  201 
38  208 
38  202 
38  203 
38  204 
39  201 
39  208 
39  202 
39  206 
39  207 
39  205 
39  203 
40  208 
40  207 
40  205 
40  203 
40  204 
41  202 
41  206 
41  207 
41  204 
42  201 
42  202 
42  203 
43  201 
43  202 
43  205 
43  203 
43  204 
44  208 
44  202 
44  206 
44  207 
44  204 
45  206 
45  207 
45  205 
45  203 
45  204 
46  201 
46  202 
46  206 
46  207 
46  205 
46  204 
47  201 
47  202 
47  207 
47  203 
48  202 
48  205 
48  203 
48  204 
49  201 
49  202 
50  208 
50  202 
50  206 
50  207 
50  205 
201  208 
208  202 
202  206 
206  207 
207  205 
205  203 
203  204 
201  202 
201  206 
208  203 
202  207 
202  203 
206  203 
205  201 
205  208 
203  201 
203  207 
204  201 
204  208 
204  202 
204  206 
204  207 
204  205 
51  201 
51  208 
51  202 
51  207 
51  205 
52  201 
52  202 
52  206 
52  204 
209  44 
209  54 
209  30 
209  70 
210  152 
210  160 
210  122 
210  209 
211  33 
211  38 
211  143 
211  196 
212  106 
212  21 
212  135 
212  99 
213  163 
213  95 
213  43 
213  113 
214  158 
214  142 
214  211 
214  95 
215  134 
215  33 
215  178 
215  45 
216  98 
216  91 
216  215 
216  149 
217  4 
217  38 
217  156 
217  179 
218  211 
218  34 
218  69 
218  94 
219  20 
219  180 
219  182 
219  215 
220  75 
220  172 
220  215 
220  79 
221  219 
221  33 
221  211 
221  220 
222  127 
222  82 
222  54 
222  75 
223  12 
223  114 
223  144 
223  172 
224  200 
224  196 
224  77 
224  122 
225  56 
225  218 
225  41 
225  167 
226  89 
226  189 
226  38 
226  185 
227  70 
227  132 
227  116 
227  54 
228  184 
228  161 
228  160 
228  54 
53  206 
53  205 
53  203 
53  204 
54  208 
54  203 
54  204 
229  136 
229  213 
229  151 
229  208 
230  165 
230  8 
230  205 
230  30 
231  219 
231  99 
231  100 
231  220 
232  188 
232  87 
232  200 
232  193 
233  226 
233  134 
233  205 
233  66 
234  42 
234  99 
234  171 
234  87 
235  115 
235  232 
235  175 
235  192 
236  128 
236  228 
236  121 
236  183 
237  144 
237  2 
237  171 
237  221 
238  12 
238  69 
238  188 
238  221 
239  10 
239  12 
239  230 
239  141 
240  225 
240  18 
240  100 
240  24 
241  49 
241  117 
241  121 
241  234 
242  142 
242  184 
242  231 
242  148 
243  142 
243  22 
243  219 
243  118 
244  243 
244  100 
244  202 
244  117 
245  228 
245  16 
245  194 
245  69 
246  134 
246  236 
246  233 
246  203 
247  11 
247  121 
247  78 
247  148 
248  246 
248  134 
248  212 
248  247 
55  208 
55  202 
55  207 
55  205 
56  206 
56  207 
56  203 
56  204 
57  202 
57  206 
57  207 
57  203 
57  204 
58  207 
58  205 
249  231 
249  38 
249  147 
249  138 
250  137 
250  32 
250  19 
250  145 
251  32 
251  57 
251  243 
251  116 
252  1 
252  249 
252  251 
252  197 
253  249 
253  193 
253  57 
253  5 
254  33 
254  249 
254  248 
254  108 
255  76 
255  6 
255  101 
255  20 
256  175 
256  46 
256  30 
256  54 
257  98 
257  13 
257  57 
257  152 
258  181 
258  125 
258  46 
258  251 
259  162 
259  29 
259  255 
259  147 
260  19 
260  61 
260  251 
260  227 
261  243 
261  231 
261  130 
261  259 
262  129 
262  164 
262  95 
262  92 
263  238 
263  232 
263  45 
263  198 
264  79 
264  148 
264  19 
264  225 
265  79 
265  255 
265  65 
265  104 
266  148 
266  254 
266  251 
266  193 
267  225 
267  209 
267  122 
267  119 
268  156 
268  26 
268  256 
268  8 
59  201 
59  208 
59  206 
59  207 
59  205 
59  203 
60  201 
60  208 
60  206 
61  208 
61  202 
61  204 
62  208 
62  202 
62  207 
62  203 
62  204 
2  269 
3  269 
4  269 
6  269 
8  269 
10  269 
11  269 
19  269 
20  269 
21  269 
25  269 
27  269 
28  269 
29  269 
30  269 
32  269 
33  269 
35  269 
38  269 
41  269 
42  269 
43  269 
44  269 
45  269 
48  269 
49  269 
52  269 
54  269 
56  269 
57  269 
59  269 
61  269 
208  206 
202  205 
207  201 
205  206 
269  208 
269  206 
269  205 
269  204 
270  218 
270  47 
270  1 
270  255 
271  243 
271  177 
271  130 
271  154 
272  72 
272  23 
272  40 
272  60 
273  14 
273  68 
273  21 
273  13 
274  137 
274  3 
274  220 
274  217 
275  114 
275  9 
275  116 
275  273 
276  81 
276  269 
276  220 
276  24 
277  9 
277  184 
277  243 
277  238 
278  121 
278  20 
278  277 
278  10 
279  21 
279  267 
279  245 
279  84 
280  119 
280  125 
280  257 
280  81 
281  276 
281  225 
281  253 
281  274 
282  1 
282  60 
282  275 
282  63 
283  89 
283  39 
283  60 
283  121 
284  60 
284  10 
284  1 
284  274 
285  275 
285  253 
285  12 
285  136 
286  45 
286  282 
286  41 
286  58 
287  57 
287  60 
287  283 
287  101 
288  24 
288  103 
288  222 
288  121 
289  166 
289  62 
289  286 
289  191 
63  202 
63  206 
63  204 
64  202 
64  206 
64  207 
65  202 
65  206 
65  205 
65  203 
65  204 
65  269 
290  75 
290  61 
290  135 
290  13 
291  284 
291  186 
291  220 
291  286 
292  268 
292  115 
292  118 
292  74 
293  81 
293  106 
293  9 
293  74 
294  292 
294  77 
294  82 
294  7 
295  151 
295  224 
295  283 
295  114 
296  294 
296  6 
296  293 
296  30 
297  153 
297  75 
297  187 
297  48 
298  279 
298  72 
298  68 
298  36 
299  176 
299  170 
299  29 
299  118 
300  104 
300  31 
300  48 
300  70 
301  79 
301  48 
301  32 
301  295 
302  74 
302  162 
302  48 
302  9 
303  292 
303  62 
303  95 
303  232 
304  118 
304  297 
304  81 
304  154 
305  276 
305  215 
305  304 
305  84 
306  221 
306  11 
306  70 
306  232 
307  292 
307  19 
307  108 
307  4 
308  221 
308  274 
308  295 
308  111 
309  87 
309  302 
309  55 
309  146 
66  207 
66  205 
66  269 
67  201 
67  207 
67  205 
67  203 
67  269 
310  294 
310  93 
310  244 
310  49 
311  276 
311  230 
311  81 
311  257 
312  108 
312  127 
312  294 
312  147 
313  192 
313  303 
313  304 
313  118 
314  118 
314  260 
314  74 
314  177 
315  257 
315  174 
315  273 
315  171 
316  180 
316  36 
316  310 
316  294 
317  295 
317  171 
317  251 
317  300 
318  45 
318  10 
318  152 
318  129 
319  173 
319  72 
319  188 
319  186 
320  227 
320  80 
320  67 
320  102 
321  151 
321  131 
321  216 
321  138 
322  317 
322  313 
322  318 
322  187 
323  316 
323  319 
323  10 
323  303 
324  137 
324  160 
324  165 
324  262 
325  64 
325  322 
325  31 
325  259 
326  129 
326  160 
326  176 
326  123 
327  277 
327  219 
327  160 
327  315 
328  104 
328  192 
328  72 
328  156 
329  313 
329  121 
329  84 
329  31 
68  201 
68  206 
68  207 
69  201 
69  208 
69  202 
69  207 
70  206 
71  201 
71  206 
71  207 
71  269 
330  164 
330  275 
330  219 
330  117 
331  70 
331  137 
331  251 
331  188 
332  300 
332  105 
332  157 
332  47 
333  76 
333  266 
333  133 
333  256 
334  333 
334  45 
334  178 
334  8 
335  70 
335  333 
335  189 
335  213 
336  149 
336  118 
336  301 
336  16 
337  114 
337  249 
337  267 
337  335 
338  272 
338  334 
338  238 
338  262 
339  56 
339  187 
339  299 
339  239 
340  256 
340  219 
340  8 
340  189 
341  30 
341  87 
341  8 
341  37 
342  265 
342  56 
342  255 
342  331 
343  334 
343  114 
343  42 
343  264 
344  255 
344  258 
344  16 
344  191 
345  17 
345  344 
345  19 
345  91 
346  319 
346  48 
346  318 
346  17 
347  85 
347  65 
347  190 
347  70 
348  30 
348  47 
348  336 
348  176 
349  85 
349  256 
349  244 
349  196 
72  208 
72  206 
72  205 
72  203 
72  204 
350  129 
350  144 
350  71 
350  303 
351  144 
351  130 
351  223 
351  254 
352  11 
352  15 
352  146 
352  96 
353  11 
353  234 
353  276 
353  46 
354  84 
354  175 
354  5 
354  87 
355  324 
355  231 
355  7 
355  337 
356  3 
356  241 
356  91 
356  78 
357  270 
357  64 
357  352 
357  172 
358  159 
358  260 
358  7 
358  296 
359  174 
359  53 
359  189 
359  109 
360  355 
360  192 
360  336 
360  289 
361  106 
361  25 
361  288 
361  190 
362  71 
362  306 
362  172 
362  360 
363  172 
363  81 
363  282 
363  178 
364  81 
364  103 
364  282 
364  144 
365  8 
365  155 
365  262 
365  342 
366  357 
366  134 
366  169 
366  278 
367  99 
367  73 
367  236 
367  360 
368  364 
368  192 
368  253 
368  355 
369  300 
369  249 
369  310 
369  351 
73  201 
73  208 
73  202 
73  206 
73  203 
73  269 
370  355 
370  17 
370  170 
370  151 
371  28 
371  249 
371  27 
371  223 
372  32 
372  64 
372  327 
372  84 
373  334 
373  63 
373  19 
373  82 
374  234 
374  196 
374  27 
374  35 
375  135 
375  134 
375  196 
375  89 
376  144 
376  370 
376  249 
376  127 
377  39 
377  274 
377  117 
377  132 
378  91 
378  348 
378  285 
378  242 
379  88 
379  303 
379  361 
379  60 
380  194 
380  170 
380  325 
380  156 
381  122 
381  205 
381  201 
381  243 
382  200 
382  26 
382  142 
382  128 
383  366 
383  370 
383  225 
383  144 
384  47 
384  214 
384  378 
384  262 
385  249 
385  171 
385  359 
385  140 
386  367 
386  65 
386  380 
386  176 
387  167 
387  178 
387  36 
387  313 
388  54 
388  309 
388  270 
388  385 
389  321 
389  146 
389  357 
389  327 
74  208 
74  202 
74  206 
74  204 
74  269 
75  201 
75  206 
75  207 
75  203 
75  204 
76  201 
76  269 
77  201 
77  208 
77  202 
77  207 
77  269 
78  201 
78  208 
78  202 
78  205 
78  204 
390  345 
390  223 
390  98 
390  46 
391  149 
391  105 
391  261 
391  139 
392  71 
392  37 
392  326 
392  220 
393  95 
393  140 
393  364 
393  40 
394  166 
394  68 
394  254 
394  79 
395  256 
395  54 
395  25 
395  341 
396  167 
396  227 
396  213 
396  253 
397  71 
397  220 
397  331 
397  61 
398  15 
398  319 
398  314 
398  20 
399  342 
399  146 
399  312 
399  269 
400  325 
400  200 
400  384 
400  18 
401  37 
401  85 
401  307 
401  10 
402  397 
402  149 
402  370 
402  327 
403  295 
403  49 
403  374 
403  328 
404  224 
404  249 
404  250 
404  391 
405  70 
405  188 
405  155 
405  358 
406  384 
406  356 
406  391 
406  94 
407  307 
407  374 
407  377 
407  288 
408  320 
408  323 
408  387 
408  220 
409  92 
409  80 
409  398 
409  53 
79  208 
79  205 
79  203 
79  204 
79  269 
410  324 
410  298 
410  187 
410  86 
411  117 
411  246 
411  45 
411  313 
412  123 
412  58 
412  109 
412  146 
413  189 
413  142 
413  15 
413  406 
414  91 
414  5 
414  32 
414  137 
415  118 
415  255 
415  9 
415  329 
416  241 
416  120 
416  277 
416  26 
417  238 
417  27 
417  320 
417  45 
418  215 
418  168 
418  165 
418  2 
419  247 
419  323 
419  295 
419  249 
420  108 
420  294 
420  176 
420  408 
421  120 
421  316 
421  265 
421  174 
422  11 
422  146 
422  321 
422  227 
423  248 
423  340 
423  14 
423  415 
424  216 
424  101 
424  248 
424  159 
425  411 
425  421 
425  43 
425  139 
426  101 
426  316 
426  344 
426  366 
427  421 
427  130 
427  167 
427  123 
428  181 
428  46 
428  190 
428  201 
429  391 
429  119 
429  21 
429  408 
80  208 
80  205 
80  204 
81  201 
81  208 
81  202 
81  207 
81  203 
81  204 
82  208 
82  207 
82  205 
82  203 
82  204 
82  269 
83  202 
83  206 
83  207 
83  205 
83  204 
83  269 
430  23 
430  186 
430  381 
430  36 
431  427 
431  200 
431  212 
431  91 
432  242 
432  160 
432  222 
432  3 
433  272 
433  412 
433  132 
433  373 
434  363 
434  289 
434  431 
434  227 
435  9 
435  432 
435  343 
435  96 
436  139 
436  251 
436  393 
436  321 
437  125 
437  261 
437  329 
437  52 
438  341 
438  317 
438  315 
438  423 
439  293 
439  436 
439  329 
439  253 
440  187 
440  236 
440  82 
440  431 
441  436 
441  52 
441  88 
441  363 
442  103 
442  187 
442  74 
442  198 
443  30 
443  265 
443  417 
443  75 
444  338 
444  436 
444  242 
444  341 
445  209 
445  151 
445  95 
445  149 
446  104 
446  340 
446  3 
446  60 
447  30 
447  253 
447  436 
447  189 
448  95 
448  41 
448  52 
448  196 
449  436 
449  435 
449  36 
449  74 
84  206 
84  207 
84  205 
84  203 
84  204 
85  204 
85  269 
86  202 
86  206 
86  207 
86  205 
86  203 
86  204 
450  18 
450  184 
450  243 
450  428 
451  75 
451  252 
451  396 
451  64 
452  54 
452  169 
452  238 
452  67 
453  316 
453  208 
453  279 
453  369 
454  238 
454  47 
454  261 
454  245 
455  316 
455  417 
455  251 
455  275 
456  273 
456  229 
456  192 
456  246 
457  134 
457  324 
457  319 
457  243 
458  256 
458  204 
458  79 
458  293 
459  252 
459  456 
459  315 
459  393 
460  37 
460  398 
460  384 
460  137 
461  209 
461  167 
461  189 
461  154 
462  320 
462  456 
462  189 
462  342 
463  348 
463  101 
463  14 
463  282 
464  308 
464  329 
464  217 
464  98 
465  429 
465  154 
465  192 
465  374 
466  293 
466  429 
466  132 
466  391 
467  309 
467  238 
467  135 
467  291 
468  2 
468  293 
468  227 
468  238 
469  460 
469  90 
469  320 
469  431 
87  201 
87  202 
87  205 
87  203 
87  269 
88  208 
88  203 
88  204 
470  49 
470  302 
470  433 
470  349 
471  331 
471  300 
471  83 
471  280 
472  180 
472  149 
472  325 
472  71 
473  372 
473  256 
473  335 
473  225 
474  58 
474  316 
474  166 
474  129 
475  107 
475  157 
475  222 
475  258 
476  418 
476  159 
476  210 
476  470 
477  216 
477  111 
477  143 
477  131 
478  474 
478  339 
478  364 
478  160 
479  458 
479  470 
479  370 
479  285 
480  217 
480  186 
480  370 
480  41 
481  443 
481  370 
481  377 
481  433 
482  334 
482  438 
482  417 
482  189 
483  308 
483  473 
483  426 
483  75 
484  84 
484  237 
484  162 
484  129 
485  127 
485  433 
485  255 
485  164 
486  73 
486  355 
486  472 
486  471 
487  220 
487  167 
487  142 
487  318 
488  22 
488  332 
488  42 
488  426 
489  351 
489  174 
489  137 
489  264 
89  207 
89  204 
90  207 
90  203 
91  206 
91  207 
91  269 
92  202 
92  206 
92  207 
92  203 
93  202 
93  205 
93  203 
490  435 
490  371 
490  87 
490  288 
491  115 
491  171 
491  361 
491  343 
492  372 
492  414 
492  201 
492  271 
493  185 
493  381 
493  131 
493  10 
494  389 
494  437 
494  293 
494  301 
495  448 
495  491 
495  148 
495  291 
496  264 
496  487 
496  436 
496  322 
497  453 
497  166 
497  231 
497  496 
498  254 
498  420 
498  124 
498  301 
499  213 
499  92 
499  491 
499  146 
500  132 
500  359 
500  7 
500  119 
501  332 
501  140 
501  307 
501  94 
502  211 
502  12 
502  64 
502  90 
503  116 
503  264 
503  500 
503  492 
504  176 
504  121 
504  31 
504  185 
505  361 
505  112 
505  303 
505  284 
506  494 
506  70 
506  35 
506  202 
507  58 
507  505 
507  336 
507  278 
508  493 
508  162 
508  253 
508  348 
509  433 
509  307 
509  129 
509  6 
94  205 
94  203 
94  269 
95  201 
95  202 
95  204 
96  208 
96  202 
96  207 
96  203 
96  204 
96  269 
97  201 
97  207 
97  203 
97  204 
98  201 
98  202 
98  205 
98  203 
98  204 
510  495 
510  208 
510  243 
510  197 
511  312 
511  348 
511  93 
511  396 
512  164 
512  256 
512  367 
512  359 
513  490 
513  153 
513  355 
513  67 
514  68 
514  106 
514  56 
514  400 
515  189 
515  491 
515  424 
515  440 
516  114 
516  514 
516  38 
516  310 
517  386 
517  46 
517  245 
517  72 
518  243 
518  329 
518  51 
518  480 
519  59 
519  317 
519  89 
519  10 
520  404 
520  205 
520  255 
520  434 
521  340 
521  170 
521  294 
521  420 
522  1 
522  138 
522  258 
522  333 
523  225 
523  141 
523  235 
523  391 
524  137 
524  292 
524  470 
524  414 
525  296 
525  520 
525  151 
525  518 
526  254 
526  417 
526  306 
526  293 
527  360 
527  227 
527  166 
527  51 
528  62 
528  129 
528  363 
528  211 
529  15 
529  432 
529  17 
529  153 
99  201 
99  202 
99  207 
99  205 
99  203 
99  269 
1  530 
4  530 
5  530 
7  530 
8  530 
10  530 
13  530 
17  530 
21  530 
31  530 
34  530 
35  530 
36  530 
37  530 
38  530 
39  530 
41  530 
42  530 
44  530 
45  530 
46  530 
47  530 
49  530 
50  530 
58  530 
60  530 
62  530 
67  530 
69  530 
76  530 
77  530 
79  530 
82  530 
84  530 
85  530 
88  530 
89  530 
91  530 
92  530 
96  530 
99  530 
201  269 
208  207 
207  269 
269  203 
530  201 
530  208 
530  207 
530  269 
531  422 
531  107 
531  80 
531  97 
532  322 
532  57 
532  108 
532  308 
533  252 
533  331 
533  447 
533  92 
534  196 
534  35 
534  122 
534  158 
535  134 
535  341 
535  57 
535  138 
536  318 
536  253 
536  390 
536  256 
537  246 
537  93 
537  426 
537  202 
538  395 
538  438 
538  373 
538  291 
539  3 
539  179 
539  338 
539  356 
540  262 
540  157 
540  171 
540  275 
541  91 
541  16 
541  95 
541  239 
542  360 
542  244 
542  259 
542  206 
543  276 
543  192 
543  412 
543  18 
544  443 
544  153 
544  353 
544  324 
545  324 
545  93 
545  29 
545  541 
546  282 
546  74 
546  368 
546  531 
547  537 
547  191 
547  91 
547  233 
548  232 
548  256 
548  202 
548  522 
549  533 
549  193 
549  70 
549  342 
550  422 
550  533 
550  280 
550  437 
100  201 
100  202 
100  206 
100  207 
101  208 
101  202 
101  207 
101  204 
101  530 
551  397 
551  493 
551  58 
551  298 
552  44 
552  410 
552  350 
552  171 
553  187 
553  296 
553  8 
553  110 
554  521 
554  473 
554  285 
554  55 
555  533 
555  3 
555  186 
555  515 
556  178 
556  228 
556  478 
556  13 
557  347 
557  538 
557  521 
557  332 
558  186 
558  54 
558  538 
558  280 
559  445 
559  340 
559  365 
559  284 
560  410 
560  109 
560  401 
560  230 
561  401 
561  173 
561  261 
561  304 
562  44 
562  298 
562  98 
562  3 
563  104 
563  559 
563  57 
563  239 
564  244 
564  502 
564  445 
564  199 
565  16 
565  347 
565  191 
565  220 
566  516 
566  55 
566  284 
566  533 
567  253 
567  304 
567  561 
567  98 
568  255 
568  234 
568  384 
568  337 
569  110 
569  186 
569  207 
569  251 
570  568 
570  235 
570  422 
570  234 
102  201 
102  207 
102  203 
102  269 
102  530 
103  201 
103  208 
103  203 
103  204 
103  269 
104  202 
104  203 
104  204 
104  269 
105  201 
105  208 
105  202 
105  207 
105  205 
105  204 
105  530 
571  123 
571  182 
571  228 
571  561 
572  370 
572  349 
572  142 
572  389 
573  54 
573  461 
573  264 
573  118 
574  136 
574  364 
574  344 
574  463 
575  59 
575  505 
575  367 
575  533 
576  95 
576  87 
576  571 
576  275 
577  101 
577  441 
577  504 
577  571 
578  252 
578  367 
578  545 
578  364 
579  198 
579  428 
579  414 
579  193 
580  572 
580  40 
580  173 
580  403 
581  463 
581  471 
581  98 
581  102 
582  408 
582  581 
582  378 
582  234 
583  331 
583  461 
583  482 
583  548 
584  389 
584  531 
584  233 
584  283 
585  204 
585  252 
585  66 
585  31 
586  297 
586  367 
586  462 
586  56 
587  425 
587  564 
587  584 
587  146 
588  30 
588  153 
588  432 
588  436 
589  198 
589  31 
589  156 
589  119 
590  54 
590  545 
590  158 
590  313 
106  201 
106  202 
106  207 
106  203 
106  204 
591  320 
591  450 
591  573 
591  472 
592  314 
592  242 
592  435 
592  305 
593  289 
593  214 
593  568 
593  414 
594  550 
594  292 
594  544 
594  233 
595  473 
595  386 
595  148 
595  296 
596  67 
596  155 
596  247 
596  559 
597  102 
597  345 
597  20 
597  540 
598  375 
598  559 
598  312 
598  129 
599  386 
599  215 
599  265 
599  287 
600  352 
600  593 
600  104 
600  518 
601  102 
601  215 
601  100 
601  356 
602  595 
602  518 
602  146 
602  95 
603  129 
603  138 
603  599 
603  568 
604  54 
604  344 
604  104 
604  599 
605  184 
605  83 
605  247 
605  235 
606  431 
606  169 
606  544 
606  500 
607  533 
607  21 
607  117 
607  519 
608  214 
608  602 
608  549 
608  156 
609  145 
609  57 
609  20 
609  568 
610  535 
610  596 
610  396 
610  393 
 

