1  2 
1  3 
1  4 
1  5 
1  6 
1  7 
1  8 
1  9 
1  10 
2  3 
2  4 
2  5 
2  6 
2  7 
2  8 
2  9 
2  10 
3  4 
3  5 
3  6 
3  7 
3  8 
3  9 
3  10 
4  5 
4  6 
4  7 
4  8 
4  9 
4  10 
5  6 
5  7 
5  8 
5  9 
5  10 
6  7 
6  8 
6  9 
6  10 
7  8 
7  9 
7  10 
8  9 
8  10 
9  10 
11  8 
11  5 
11  10 
11  4 
12  7 
12  9 
12  5 
12  3 
13  3 
13  2 
13  1 
13  10 
14  8 
14  10 
14  6 
14  4 
15  10 
15  12 
15  14 
15  1 
16  2 
16  10 
16  5 
16  9 
17  10 
17  7 
17  5 
17  9 
18  10 
18  1 
18  2 
18  3 
19  16 
19  9 
19  3 
19  6 
20  6 
20  1 
20  18 
20  10 
21  6 
21  5 
21  9 
21  16 
22  19 
22  5 
22  9 
22  6 
23  9 
23  2 
23  21 
23  14 
24  5 
24  8 
24  2 
24  13 
25  10 
25  8 
25  7 
25  21 
26  11 
26  13 
26  9 
26  18 
27  21 
27  26 
27  5 
27  8 
28  15 
28  8 
28  21 
28  19 
29  9 
29  10 
29  25 
29  6 
30  27 
30  8 
30  19 
30  16 
31  20 
31  21 
31  9 
31  5 
32  16 
32  7 
32  8 
32  31 
33  4 
33  8 
33  18 
33  12 
34  23 
34  10 
34  3 
34  9 
35  13 
35  4 
35  18 
35  5 
36  35 
36  7 
36  14 
36  9 
37  3 
37  35 
37  10 
37  2 
38  8 
38  7 
38  16 
38  3 
39  33 
39  13 
39  28 
39  2 
40  31 
40  10 
40  11 
40  33 
41  2 
41  20 
41  10 
41  35 
42  25 
42  21 
42  20 
42  34 
43  4 
43  35 
43  1 
43  26 
44  6 
44  10 
44  32 
44  26 
45  2 
45  15 
45  18 
45  8 
46  35 
46  19 
46  26 
46  24 
47  5 
47  7 
47  6 
47  26 
48  10 
48  16 
48  22 
48  29 
49  39 
49  33 
49  45 
49  19 
50  3 
50  46 
50  23 
50  4 
51  32 
51  2 
51  18 
51  17 
52  32 
52  50 
52  13 
52  25 
53  21 
53  1 
53  51 
53  34 
54  25 
54  20 
54  13 
54  16 
55  19 
55  3 
55  26 
55  23 
56  14 
56  5 
56  10 
56  18 
57  7 
57  6 
57  9 
57  19 
58  7 
58  2 
58  29 
58  56 
59  10 
59  58 
59  33 
59  57 
60  46 
60  18 
60  15 
60  49 
61  29 
61  5 
61  17 
61  33 
62  2 
62  61 
62  22 
62  3 
63  52 
63  58 
63  9 
63  49 
64  60 
64  55 
64  5 
64  42 
65  50 
65  25 
65  4 
65  21 
66  7 
66  11 
66  19 
66  9 
67  52 
67  63 
67  57 
67  4 
68  5 
68  9 
68  33 
68  25 
69  2 
69  12 
69  10 
69  32 
70  17 
70  1 
70  16 
70  19 
71  43 
71  59 
71  13 
71  34 
72  7 
72  29 
72  5 
72  26 
73  21 
73  59 
73  34 
73  54 
74  46 
74  73 
74  8 
74  1 
75  26 
75  42 
75  3 
75  33 
76  11 
76  51 
76  18 
76  25 
77  20 
77  10 
77  44 
77  40 
78  4 
78  5 
78  64 
78  34 
79  56 
79  25 
79  5 
79  4 
80  59 
80  51 
80  29 
80  53 
81  13 
81  40 
81  8 
81  9 
82  71 
82  24 
82  10 
82  69 
83  22 
83  42 
83  57 
83  4 
84  52 
84  7 
84  20 
84  80 
85  29 
85  51 
85  7 
85  14 
86  43 
86  71 
86  16 
86  32 
87  3 
87  10 
87  48 
87  7 
88  52 
88  70 
88  29 
88  65 
89  9 
89  19 
89  7 
89  6 
90  34 
90  6 
90  18 
90  33 
91  87 
91  88 
91  78 
91  48 
92  19 
92  90 
92  1 
92  64 
93  85 
93  9 
93  2 
93  8 
94  7 
94  34 
94  12 
94  4 
95  40 
95  78 
95  84 
95  10 
96  91 
96  2 
96  9 
96  86 
97  26 
97  8 
97  60 
97  22 
98  35 
98  9 
98  8 
98  4 
99  35 
99  7 
99  4 
99  19 
100  2 
100  8 
100  49 
100  4 
101  25 
101  17 
101  44 
101  82 
102  5 
102  34 
102  4 
102  8 
103  87 
103  38 
103  9 
103  31 
104  49 
104  84 
104  57 
104  58 
105  62 
105  20 
105  7 
105  57 
106  9 
106  80 
106  18 
106  63 
107  5 
107  18 
107  54 
107  9 
108  105 
108  35 
108  8 
108  34 
109  8 
109  2 
109  5 
109  76 
110  9 
110  35 
110  75 
110  26 
111  9 
111  2 
111  33 
111  1 
112  92 
112  5 
112  4 
112  42 
113  41 
113  38 
113  7 
113  42 
114  26 
114  29 
114  19 
114  8 
115  37 
115  5 
115  36 
115  95 
116  52 
116  12 
116  10 
116  83 
117  5 
117  4 
117  20 
117  87 
118  29 
118  5 
118  12 
118  31 
119  4 
119  78 
119  33 
119  5 
120  84 
120  4 
120  35 
120  5 
121  21 
121  52 
121  15 
121  39 
122  3 
122  12 
122  35 
122  68 
123  102 
123  14 
123  27 
123  4 
124  10 
124  88 
124  95 
124  64 
125  64 
125  13 
125  4 
125  84 
126  99 
126  4 
126  88 
126  3 
127  5 
127  91 
127  52 
127  83 
128  5 
128  21 
128  9 
128  61 
129  3 
129  4 
129  16 
129  10 
130  19 
130  70 
130  10 
130  33 
131  25 
131  120 
131  33 
131  9 
132  64 
132  26 
132  9 
132  17 
133  77 
133  74 
133  47 
133  121 
134  114 
134  44 
134  10 
134  50 
135  25 
135  104 
135  7 
135  5 
136  8 
136  39 
136  67 
136  52 
137  43 
137  4 
137  50 
137  10 
138  29 
138  20 
138  32 
138  9 
139  44 
139  59 
139  35 
139  21 
140  21 
140  81 
140  49 
140  5 
141  25 
141  13 
141  19 
141  29 
142  10 
142  93 
142  7 
142  44 
143  91 
143  6 
143  109 
143  4 
144  137 
144  34 
144  54 
144  42 
145  74 
145  32 
145  45 
145  5 
146  16 
146  137 
146  36 
146  31 
147  34 
147  2 
147  3 
147  76 
148  48 
148  139 
148  3 
148  10 
149  18 
149  69 
149  7 
149  63 
150  128 
150  138 
150  71 
150  1 
151  34 
151  4 
151  2 
151  51 
152  59 
152  35 
152  14 
152  11 
153  134 
153  3 
153  16 
153  46 
154  149 
154  14 
154  41 
154  42 
155  36 
155  77 
155  63 
155  2 
156  23 
156  44 
156  92 
156  36 
157  154 
157  92 
157  48 
157  120 
158  90 
158  27 
158  2 
158  4 
159  79 
159  127 
159  87 
159  41 
160  70 
160  21 
160  114 
160  136 
161  43 
161  14 
161  91 
161  15 
162  8 
162  25 
162  93 
162  109 
163  9 
163  70 
163  45 
163  19 
164  40 
164  32 
164  152 
164  9 
165  129 
165  107 
165  106 
165  19 
166  5 
166  110 
166  16 
166  136 
167  37 
167  26 
167  24 
167  6 
168  86 
168  37 
168  3 
168  35 
169  139 
169  23 
169  71 
169  110 
170  76 
170  56 
170  57 
170  2 
171  8 
171  10 
171  89 
171  35 
172  9 
172  38 
172  21 
172  25 
173  141 
173  9 
173  28 
173  52 
174  35 
174  44 
174  19 
174  54 
175  9 
175  151 
175  88 
175  16 
176  34 
176  24 
176  83 
176  5 
177  57 
177  40 
177  70 
177  110 
178  34 
178  147 
178  4 
178  5 
179  159 
179  21 
179  116 
179  89 
180  83 
180  20 
180  111 
180  169 
181  58 
181  19 
181  26 
181  85 
182  92 
182  128 
182  74 
182  109 
183  99 
183  9 
183  3 
183  114 
184  133 
184  63 
184  70 
184  4 
185  60 
185  7 
185  182 
185  40 
186  132 
186  151 
186  35 
186  5 
187  123 
187  10 
187  16 
187  148 
188  10 
188  22 
188  32 
188  69 
189  103 
189  10 
189  18 
189  171 
190  4 
190  13 
190  60 
190  14 
191  138 
191  91 
191  146 
191  54 
192  21 
192  7 
192  40 
192  87 
193  72 
193  2 
193  155 
193  161 
194  97 
194  28 
194  130 
194  29 
195  163 
195  165 
195  48 
195  90 
196  2 
196  122 
196  34 
196  178 
197  1 
197  181 
197  8 
197  3 
198  1 
198  42 
198  9 
198  35 
199  26 
199  69 
199  29 
199  137 
200  32 
200  116 
200  21 
200  9 
1  201 
1  202 
1  203 
2  202 
2  204 
2  205 
3  206 
3  204 
3  207 
4  206 
4  203 
4  204 
4  207 
4  205 
5  208 
5  206 
5  201 
6  206 
6  203 
6  207 
7  203 
7  207 
7  205 
8  206 
8  202 
8  203 
8  204 
8  207 
8  205 
9  206 
9  205 
10  206 
10  201 
10  202 
10  203 
10  204 
10  207 
11  205 
12  208 
12  207 
13  208 
13  206 
13  202 
13  207 
14  208 
14  206 
14  207 
15  208 
15  206 
15  201 
15  203 
15  204 
15  207 
15  205 
16  201 
16  203 
16  204 
16  207 
16  205 
17  208 
17  206 
17  202 
17  203 
17  204 
17  207 
17  205 
18  208 
18  206 
18  202 
18  203 
18  204 
18  205 
19  208 
19  201 
20  206 
20  201 
20  204 
208  206 
206  201 
201  202 
202  203 
203  204 
204  207 
207  205 
208  201 
208  204 
208  207 
206  202 
206  204 
206  207 
201  203 
201  204 
202  208 
202  204 
202  207 
203  208 
203  206 
207  201 
205  201 
205  202 
205  204 
209  5 
209  36 
209  100 
209  159 
210  173 
210  145 
210  76 
210  50 
211  170 
211  147 
211  55 
211  203 
212  142 
212  82 
212  47 
212  65 
213  109 
213  19 
213  22 
213  177 
214  90 
214  132 
214  37 
214  195 
215  133 
215  48 
215  127 
215  147 
216  22 
216  143 
216  112 
216  23 
217  11 
217  67 
217  98 
217  178 
218  57 
218  22 
218  158 
218  155 
219  90 
219  213 
219  160 
219  145 
220  35 
220  90 
220  181 
220  167 
221  195 
221  141 
221  164 
221  40 
222  146 
222  141 
222  184 
222  121 
223  176 
223  55 
223  146 
223  1 
224  174 
224  116 
224  182 
224  223 
225  155 
225  216 
225  50 
225  111 
226  14 
226  215 
226  140 
226  222 
227  128 
227  69 
227  155 
227  184 
228  102 
228  118 
228  83 
228  131 
229  33 
229  184 
229  160 
229  127 
230  194 
230  155 
230  33 
230  73 
231  60 
231  102 
231  216 
231  93 
232  184 
232  88 
232  79 
232  222 
233  112 
233  90 
233  213 
233  101 
234  133 
234  217 
234  230 
234  42 
235  34 
235  193 
235  85 
235  143 
236  3 
236  214 
236  109 
236  146 
237  67 
237  213 
237  209 
237  224 
238  234 
238  48 
238  191 
238  168 
239  57 
239  111 
239  221 
239  235 
240  69 
240  204 
240  207 
240  222 
241  93 
241  221 
241  211 
241  121 
242  109 
242  203 
242  74 
242  230 
243  239 
243  32 
243  118 
243  80 
244  157 
244  219 
244  56 
244  48 
245  188 
245  220 
245  89 
245  225 
246  102 
246  109 
246  241 
246  239 
247  209 
247  235 
247  1 
247  37 
248  150 
248  207 
248  36 
248  228 
249  148 
249  221 
249  163 
249  15 
250  246 
250  109 
250  237 
250  146 
251  221 
251  182 
251  209 
251  140 
252  71 
252  240 
252  167 
252  224 
253  200 
253  11 
253  102 
253  162 
254  18 
254  63 
254  221 
254  37 
255  216 
255  116 
255  218 
255  178 
256  54 
256  223 
256  203 
256  215 
257  21 
257  26 
257  223 
257  211 
258  102 
258  243 
258  168 
258  112 
259  88 
259  208 
259  98 
259  100 
260  219 
260  210 
260  143 
260  138 
261  166 
261  85 
261  167 
261  62 
262  38 
262  113 
262  234 
262  68 
263  16 
263  141 
263  119 
263  88 
264  71 
264  147 
264  22 
264  79 
265  82 
265  149 
265  263 
265  94 
266  185 
266  240 
266  2 
266  11 
267  257 
267  119 
267  33 
267  129 
268  187 
268  251 
268  101 
268  141 
269  261 
269  264 
269  166 
269  262 
270  257 
270  10 
270  67 
270  215 
271  95 
271  163 
271  269 
271  30 
272  217 
272  175 
272  209 
272  246 
273  122 
273  14 
273  219 
273  269 
274  140 
274  262 
274  38 
274  242 
275  206 
275  254 
275  166 
275  115 
276  212 
276  179 
276  209 
276  2 
277  162 
277  68 
277  10 
277  140 
278  179 
278  227 
278  143 
278  157 
279  76 
279  257 
279  98 
279  249 
280  207 
280  94 
280  269 
280  178 
281  64 
281  279 
281  174 
281  226 
282  18 
282  264 
282  15 
282  234 
283  217 
283  264 
283  27 
283  38 
284  115 
284  172 
284  209 
284  206 
285  284 
285  169 
285  24 
285  236 
286  64 
286  218 
286  177 
286  187 
287  274 
287  11 
287  267 
287  264 
288  45 
288  112 
288  271 
288  212 
289  119 
289  260 
289  112 
289  42 
290  255 
290  274 
290  167 
290  169 
291  86 
291  262 
291  253 
291  271 
292  261 
292  130 
292  278 
292  209 
293  44 
293  288 
293  88 
293  11 
294  11 
294  126 
294  82 
294  280 
295  173 
295  188 
295  191 
295  29 
296  274 
296  288 
296  76 
296  99 
297  278 
297  206 
297  143 
297  261 
298  251 
298  270 
298  260 
298  284 
299  261 
299  46 
299  277 
299  8 
300  102 
300  67 
300  82 
300  227 
301  97 
301  261 
301  14 
301  259 
302  58 
302  3 
302  143 
302  283 
303  285 
303  148 
303  269 
303  107 
304  68 
304  288 
304  154 
304  260 
305  38 
305  247 
305  301 
305  60 
306  206 
306  301 
306  187 
306  281 
307  294 
307  1 
307  189 
307  52 
308  264 
308  79 
308  97 
308  73 
309  133 
309  175 
309  101 
309  266 
310  30 
310  254 
310  128 
310  92 
311  132 
311  274 
311  95 
311  224 
312  209 
312  69 
312  52 
312  259 
313  135 
313  34 
313  219 
313  227 
314  206 
314  313 
314  251 
314  138 
315  137 
315  177 
315  176 
315  39 
316  182 
316  78 
316  168 
316  99 
317  83 
317  101 
317  85 
317  131 
318  212 
318  314 
318  164 
318  313 
319  271 
319  79 
319  156 
319  152 
320  56 
320  2 
320  314 
320  75 
321  3 
321  313 
321  39 
321  46 
322  175 
322  292 
322  234 
322  260 
323  293 
323  318 
323  311 
323  17 
324  70 
324  18 
324  101 
324  202 
325  52 
325  303 
325  135 
325  84 
326  176 
326  320 
326  52 
326  82 
327  257 
327  218 
327  300 
327  319 
328  19 
328  324 
328  313 
328  197 
329  83 
329  291 
329  219 
329  266 
330  7 
330  56 
330  300 
330  73 
331  14 
331  100 
331  78 
331  326 
332  254 
332  176 
332  83 
332  160 
333  43 
333  166 
333  135 
333  77 
334  253 
334  52 
334  112 
334  314 
335  138 
335  103 
335  123 
335  7 
336  103 
336  324 
336  283 
336  213 
337  311 
337  335 
337  251 
337  260 
338  137 
338  164 
338  128 
338  46 
339  313 
339  255 
339  314 
339  89 
340  177 
340  203 
340  255 
340  187 
341  2 
341  77 
341  67 
341  335 
342  35 
342  245 
342  69 
342  174 
343  125 
343  145 
343  33 
343  240 
344  162 
344  230 
344  145 
344  25 
345  93 
345  255 
345  270 
345  252 
346  137 
346  130 
346  337 
346  70 
347  340 
347  341 
347  145 
347  324 
348  58 
348  253 
348  310 
348  106 
349  204 
349  314 
349  58 
349  254 
350  190 
350  77 
350  167 
350  98 
351  347 
351  24 
351  42 
351  295 
352  249 
352  67 
352  324 
352  311 
353  101 
353  259 
353  298 
353  128 
354  79 
354  199 
354  24 
354  210 
355  164 
355  332 
355  24 
355  39 
356  187 
356  265 
356  313 
356  268 
357  197 
357  313 
357  75 
357  266 
358  335 
358  81 
358  315 
358  135 
359  186 
359  107 
359  40 
359  159 
360  297 
360  210 
360  343 
360  108 
361  120 
361  158 
361  32 
361  336 
362  12 
362  298 
362  229 
362  120 
363  300 
363  12 
363  347 
363  359 
364  324 
364  183 
364  91 
364  26 
365  266 
365  14 
365  255 
365  142 
366  180 
366  336 
366  59 
366  259 
367  181 
367  158 
367  262 
367  356 
368  359 
368  268 
368  356 
368  323 
369  173 
369  283 
369  335 
369  257 
370  223 
370  147 
370  79 
370  4 
371  186 
371  225 
371  8 
371  4 
372  137 
372  186 
372  322 
372  78 
373  68 
373  315 
373  180 
373  334 
374  68 
374  60 
374  291 
374  188 
375  175 
375  42 
375  102 
375  185 
376  366 
376  347 
376  315 
376  360 
377  315 
377  84 
377  174 
377  268 
378  352 
378  250 
378  166 
378  265 
379  221 
379  305 
379  369 
379  61 
380  205 
380  4 
380  9 
380  248 
381  367 
381  377 
381  278 
381  207 
382  157 
382  188 
382  290 
382  209 
383  229 
383  47 
383  50 
383  225 
384  28 
384  268 
384  364 
384  259 
385  42 
385  119 
385  50 
385  133 
386  111 
386  361 
386  128 
386  158 
387  324 
387  79 
387  320 
387  362 
388  366 
388  232 
388  190 
388  229 
389  119 
389  293 
389  385 
389  201 
390  131 
390  278 
390  12 
390  185 
391  103 
391  376 
391  232 
391  324 
392  389 
392  102 
392  69 
392  306 
393  271 
393  12 
393  373 
393  150 
394  119 
394  360 
394  89 
394  390 
395  315 
395  390 
395  380 
395  332 
396  221 
396  124 
396  141 
396  385 
397  88 
397  293 
397  32 
397  334 
398  259 
398  306 
398  76 
398  237 
399  372 
399  389 
399  28 
399  268 
400  382 
400  387 
400  366 
400  383 
401  378 
401  306 
401  82 
401  381 
402  102 
402  399 
402  15 
402  23 
403  395 
403  298 
403  383 
403  392 
404  132 
404  324 
404  51 
404  397 
405  248 
405  344 
405  4 
405  347 
406  324 
406  303 
406  120 
406  383 
407  396 
407  184 
407  399 
407  248 
408  132 
408  393 
408  290 
408  82 
409  110 
409  289 
409  85 
409  45 
410  245 
410  306 
410  315 
410  336 
411  238 
411  370 
411  190 
411  224 
412  111 
412  116 
412  47 
412  174 
413  194 
413  250 
413  69 
413  133 
414  278 
414  88 
414  133 
414  149 
415  31 
415  231 
415  293 
415  128 
416  78 
416  46 
416  298 
416  328 
417  298 
417  107 
417  220 
417  105 
418  349 
418  112 
418  287 
418  387 
419  162 
419  88 
419  161 
419  111 
420  209 
420  128 
420  414 
420  298 
421  169 
421  402 
421  53 
421  80 
422  359 
422  181 
422  37 
422  240 
423  103 
423  192 
423  161 
423  207 
424  80 
424  294 
424  125 
424  302 
425  2 
425  108 
425  163 
425  414 
426  154 
426  4 
426  78 
426  263 
427  159 
427  190 
427  1 
427  189 
428  425 
428  324 
428  201 
428  130 
429  166 
429  195 
429  135 
429  80 
430  7 
430  250 
430  418 
430  223 
431  413 
431  267 
431  330 
431  409 
432  142 
432  423 
432  182 
432  128 
433  309 
433  161 
433  118 
433  366 
434  209 
434  107 
434  430 
434  26 
435  120 
435  423 
435  2 
435  45 
436  124 
436  250 
436  82 
436  427 
437  13 
437  193 
437  205 
437  24 
438  201 
438  435 
438  157 
438  158 
439  72 
439  300 
439  414 
439  128 
440  278 
440  436 
440  224 
440  231 
441  128 
441  410 
441  168 
441  136 
442  418 
442  429 
442  53 
442  133 
443  3 
443  437 
443  359 
443  439 
444  219 
444  164 
444  250 
444  416 
445  431 
445  303 
445  159 
445  204 
446  204 
446  1 
446  412 
446  186 
447  161 
447  349 
447  46 
447  75 
448  366 
448  96 
448  246 
448  443 
449  364 
449  143 
449  27 
449  121 
450  164 
450  104 
450  130 
450  431 
451  116 
451  278 
451  359 
451  162 
452  80 
452  14 
452  260 
452  359 
453  226 
453  210 
453  410 
453  385 
454  114 
454  441 
454  359 
454  423 
455  438 
455  317 
455  134 
455  249 
456  200 
456  128 
456  232 
456  325 
457  238 
457  456 
457  88 
457  23 
458  165 
458  25 
458  295 
458  409 
459  208 
459  230 
459  316 
459  292 
460  434 
460  49 
460  347 
460  223 
461  157 
461  448 
461  93 
461  228 
462  125 
462  445 
462  205 
462  126 
463  448 
463  259 
463  69 
463  332 
464  108 
464  333 
464  422 
464  321 
465  281 
465  248 
465  191 
465  452 
466  77 
466  35 
466  331 
466  463 
467  234 
467  412 
467  394 
467  448 
468  217 
468  261 
468  183 
468  270 
469  468 
469  437 
469  254 
469  466 
470  452 
470  62 
470  348 
470  149 
471  309 
471  102 
471  336 
471  405 
472  32 
472  39 
472  390 
472  273 
473  398 
473  277 
473  189 
473  445 
474  61 
474  409 
474  27 
474  77 
475  19 
475  71 
475  96 
475  473 
476  39 
476  62 
476  109 
476  347 
477  111 
477  460 
477  88 
477  234 
478  62 
478  55 
478  192 
478  474 
479  28 
479  182 
479  18 
479  67 
480  231 
480  115 
480  61 
480  71 
481  473 
481  347 
481  474 
481  380 
482  448 
482  125 
482  183 
482  217 
483  183 
483  392 
483  96 
483  411 
484  378 
484  235 
484  471 
484  102 
485  470 
485  96 
485  354 
485  453 
486  270 
486  380 
486  471 
486  35 
487  400 
487  10 
487  471 
487  355 
488  318 
488  393 
488  485 
488  221 
489  352 
489  376 
489  409 
489  406 
490  26 
490  423 
490  253 
490  484 
491  96 
491  406 
491  355 
491  471 
492  343 
492  190 
492  482 
492  448 
493  108 
493  192 
493  231 
493  109 
494  471 
494  463 
494  476 
494  62 
495  63 
495  288 
495  31 
495  336 
496  426 
496  341 
496  61 
496  298 
497  463 
497  212 
497  494 
497  485 
498  59 
498  480 
498  125 
498  419 
499  465 
499  109 
499  355 
499  492 
500  192 
500  56 
500  213 
500  276 
501  476 
501  488 
501  108 
501  414 
502  37 
502  23 
502  480 
502  122 
503  484 
503  463 
503  467 
503  495 
504  471 
504  393 
504  276 
504  347 
505  463 
505  327 
505  79 
505  451 
506  32 
506  372 
506  427 
506  438 
507  506 
507  35 
507  102 
507  488 
508  296 
508  506 
508  237 
508  501 
509  165 
509  451 
509  202 
509  363 
510  216 
510  92 
510  232 
510  164 
511  423 
511  7 
511  186 
511  370 
512  234 
512  143 
512  10 
512  232 
513  209 
513  511 
513  231 
513  466 
514  313 
514  246 
514  504 
514  72 
515  485 
515  239 
515  118 
515  93 
516  262 
516  338 
516  498 
516  168 
517  510 
517  509 
517  57 
517  178 
518  228 
518  454 
518  514 
518  158 
519  26 
519  118 
519  474 
519  51 
520  1 
520  409 
520  484 
520  128 
521  511 
521  294 
521  81 
521  255 
522  202 
522  443 
522  13 
522  495 
523  227 
523  254 
523  181 
523  55 
524  484 
524  160 
524  464 
524  372 
525  55 
525  32 
525  49 
525  123 
526  417 
526  423 
526  267 
526  523 
527  332 
527  276 
527  216 
527  514 
528  274 
528  131 
528  101 
528  417 
529  485 
529  492 
529  521 
529  164 
530  151 
530  258 
530  23 
530  417 
531  525 
531  138 
531  171 
531  394 
532  150 
532  235 
532  520 
532  142 
533  50 
533  390 
533  4 
533  378 
534  76 
534  518 
534  180 
534  28 
535  52 
535  74 
535  116 
535  529 
536  102 
536  1 
536  518 
536  118 
537  93 
537  36 
537  530 
537  350 
538  485 
538  529 
538  100 
538  331 
539  276 
539  521 
539  440 
539  178 
540  474 
540  496 
540  359 
540  433 
541  520 
541  253 
541  371 
541  324 
542  248 
542  515 
542  422 
542  179 
543  474 
543  541 
543  466 
543  160 
544  500 
544  2 
544  510 
544  336 
545  57 
545  526 
545  178 
545  121 
546  405 
546  373 
546  359 
546  228 
547  20 
547  487 
547  53 
547  4 
548  251 
548  262 
548  473 
548  537 
549  303 
549  345 
549  405 
549  409 
550  520 
550  195 
550  52 
550  483 
551  473 
551  535 
551  251 
551  405 
552  528 
552  535 
552  35 
552  272 
553  339 
553  373 
553  207 
553  409 
554  87 
554  171 
554  267 
554  388 
555  530 
555  185 
555  301 
555  395 
556  473 
556  15 
556  228 
556  500 
557  530 
557  541 
557  527 
557  427 
558  37 
558  514 
558  408 
558  140 
559  488 
559  20 
559  280 
559  4 
560  396 
560  431 
560  203 
560  291 
561  459 
561  88 
561  508 
561  466 
562  447 
562  258 
562  175 
562  491 
563  111 
563  387 
563  466 
563  141 
564  467 
564  559 
564  427 
564  473 
565  135 
565  431 
565  437 
565  159 
566  512 
566  429 
566  158 
566  200 
567  358 
567  380 
567  88 
567  549 
568  467 
568  400 
568  43 
568  285 
569  458 
569  140 
569  67 
569  76 
570  428 
570  297 
570  113 
570  564 
571  48 
571  223 
571  341 
571  263 
572  113 
572  238 
572  549 
572  24 
573  431 
573  198 
573  327 
573  495 
574  491 
574  333 
574  73 
574  530 
575  81 
575  320 
575  262 
575  38 
576  400 
576  145 
576  124 
576  504 
577  569 
577  261 
577  121 
577  560 
578  402 
578  378 
578  326 
578  320 
579  389 
579  85 
579  566 
579  258 
580  79 
580  570 
580  147 
580  226 
581  242 
581  231 
581  562 
581  170 
582  152 
582  81 
582  486 
582  244 
583  359 
583  372 
583  243 
583  573 
584  461 
584  98 
584  258 
584  469 
585  480 
585  573 
585  17 
585  577 
586  480 
586  473 
586  561 
586  313 
587  419 
587  421 
587  554 
587  148 
588  468 
588  511 
588  33 
588  449 
589  296 
589  582 
589  418 
589  10 
590  427 
590  260 
590  381 
590  419 
591  573 
591  467 
591  287 
591  572 
592  137 
592  129 
592  219 
592  466 
593  136 
593  191 
593  588 
593  518 
594  102 
594  565 
594  163 
594  571 
595  172 
595  404 
595  63 
595  135 
596  588 
596  470 
596  569 
596  551 
597  458 
597  88 
597  567 
597  436 
598  587 
598  577 
598  472 
598  25 
599  597 
599  385 
599  263 
599  22 
600  598 
600  165 
600  320 
600  27 
601  43 
601  231 
601  490 
601  569 
602  563 
602  173 
602  584 
602  76 
603  578 
603  559 
603  181 
603  153 
604  222 
604  287 
604  475 
604  473 
605  565 
605  386 
605  45 
605  451 
606  489 
606  428 
606  447 
606  191 
607  418 
607  135 
607  595 
607  427 
608  205 
608  575 
608  560 
608  486 
609  296 
609  241 
609  25 
609  364 
610  285 
610  232 
610  572 
610  273 
611  434 
611  609 
611  50 
611  551 
612  410 
612  249 
612  107 
612  353 
613  551 
613  238 
613  299 
613  99 
614  419 
614  585 
614  468 
614  524 
615  49 
615  88 
615  275 
615  282 
616  523 
616  222 
616  532 
616  457 
617  265 
617  88 
617  309 
617  511 
618  191 
618  617 
618  565 
618  414 
619  107 
619  610 
619  111 
619  429 
620  170 
620  204 
620  375 
620  400 
621  399 
621  613 
621  383 
621  171 
622  399 
622  10 
622  468 
622  390 
623  371 
623  73 
623  102 
623  322 
624  315 
624  588 
624  248 
624  434 
625  609 
625  610 
625  383 
625  380 
626  54 
626  481 
626  333 
626  622 
627  516 
627  117 
627  254 
627  359 
628  359 
628  610 
628  223 
628  267 
629  274 
629  593 
629  50 
629  80 
630  117 
630  273 
630  433 
630  134 
631  231 
631  4 
631  623 
631  600 
632  171 
632  99 
632  399 
632  265 
633  21 
633  161 
633  584 
633  49 
634  401 
634  491 
634  633 
634  424 
635  136 
635  190 
635  98 
635  562 
636  49 
636  440 
636  391 
636  434 
637  334 
637  204 
637  359 
637  471 
638  363 
638  224 
638  371 
638  628 
639  281 
639  396 
639  171 
639  9 
640  464 
640  50 
640  22 
640  610 
641  611 
641  195 
641  527 
641  427 
642  261 
642  224 
642  491 
642  229 
643  626 
643  574 
643  119 
643  553 
644  398 
644  180 
644  340 
644  57 
645  23 
645  406 
645  268 
645  634 
646  131 
646  406 
646  580 
646  297 
647  243 
647  636 
647  413 
647  359 
648  460 
648  265 
648  392 
648  421 
649  645 
649  279 
649  262 
649  634 
650  263 
650  452 
650  25 
650  162 
651  359 
651  98 
651  499 
651  161 
652  157 
652  288 
652  169 
652  452 
653  192 
653  365 
653  620 
653  152 
654  147 
654  232 
654  403 
654  632 
655  642 
655  292 
655  652 
655  464 
656  100 
656  359 
656  397 
656  314 
657  271 
657  553 
657  464 
657  632 
658  73 
658  314 
658  374 
658  35 
659  160 
659  510 
659  68 
659  220 
660  227 
660  268 
660  642 
660  431 
661  345 
661  430 
661  396 
661  205 
662  31 
662  108 
662  81 
662  244 
663  571 
663  310 
663  84 
663  132 
664  14 
664  193 
664  465 
664  663 
665  408 
665  224 
665  510 
665  221 
666  280 
666  539 
666  650 
666  544 
667  22 
667  280 
667  632 
667  321 
668  48 
668  14 
668  666 
668  222 
669  388 
669  408 
669  113 
669  202 
670  444 
670  104 
670  174 
670  602 
671  666 
671  579 
671  67 
671  233 
672  270 
672  342 
672  306 
672  596 
673  194 
673  39 
673  485 
673  506 
674  478 
674  388 
674  224 
674  589 
675  551 
675  90 
675  329 
675  660 
676  600 
676  441 
676  140 
676  344 
677  466 
677  581 
677  236 
677  479 
678  332 
678  257 
678  663 
678  273 
679  236 
679  259 
679  364 
679  388 
680  600 
680  298 
680  270 
680  356 
681  679 
681  369 
681  645 
681  340 
682  35 
682  667 
682  280 
682  8 
683  224 
683  600 
683  9 
683  270 
684  649 
684  476 
684  327 
684  442 
685  9 
685  109 
685  191 
685  303 
686  449 
686  273 
686  205 
686  117 
687  667 
687  413 
687  298 
687  362 
688  134 
688  553 
688  247 
688  362 
689  669 
689  286 
689  563 
689  118 
690  291 
690  340 
690  472 
690  674 
691  191 
691  196 
691  687 
691  7 
692  298 
692  319 
692  411 
692  242 
693  264 
693  222 
693  639 
693  134 
694  478 
694  369 
694  662 
694  598 
695  638 
695  634 
695  669 
695  478 
696  149 
696  489 
696  70 
696  222 
697  378 
697  304 
697  120 
697  586 
698  146 
698  301 
698  397 
698  563 
699  311 
699  655 
699  340 
699  532 
700  347 
700  222 
700  674 
700  569 
701  429 
701  397 
701  319 
701  455 
702  255 
702  357 
702  530 
702  671 
703  700 
703  20 
703  22 
703  323 
704  51 
704  304 
704  408 
704  275 
705  615 
705  250 
705  338 
705  27 
706  323 
706  14 
706  414 
706  585 
707  565 
707  167 
707  211 
707  380 
708  304 
708  657 
708  488 
708  441 
709  489 
709  437 
709  638 
709  307 
710  607 
710  331 
710  589 
710  491 
711  54 
711  425 
711  56 
711  82 
712  176 
712  147 
712  491 
712  334 
713  611 
713  18 
713  234 
713  586 
714  204 
714  586 
714  562 
714  435 
715  387 
715  569 
715  120 
715  535 
716  457 
716  216 
716  689 
716  569 
717  402 
717  710 
717  449 
717  641 
718  146 
718  556 
718  600 
718  590 
719  346 
719  124 
719  526 
719  717 
720  79 
720  673 
720  171 
720  54 
721  580 
721  719 
721  338 
721  595 
722  547 
722  456 
722  716 
722  445 
723  380 
723  608 
723  353 
723  96 
724  675 
724  714 
724  213 
724  265 
725  488 
725  361 
725  621 
725  543 
726  146 
726  549 
726  593 
726  271 
727  608 
727  179 
727  675 
727  461 
728  393 
728  461 
728  187 
728  372 
729  719 
729  133 
729  322 
729  150 
730  390 
730  469 
730  117 
730  318 
731  260 
731  100 
731  642 
731  511 
732  489 
732  153 
732  213 
732  390 
733  177 
733  66 
733  270 
733  303 
734  102 
734  247 
734  719 
734  301 
735  512 
735  141 
735  174 
735  709 
736  156 
736  6 
736  675 
736  581 
737  500 
737  591 
737  321 
737  345 
738  437 
738  526 
738  174 
738  710 
739  124 
739  445 
739  500 
739  731 
740  635 
740  739 
740  544 
740  23 
741  511 
741  434 
741  292 
741  608 
742  475 
742  724 
742  100 
742  132 
743  124 
743  39 
743  235 
743  247 
744  157 
744  98 
744  160 
744  412 
745  425 
745  526 
745  188 
745  341 
746  450 
746  730 
746  263 
746  182 
747  259 
747  725 
747  306 
747  578 
748  300 
748  318 
748  139 
748  711 
749  353 
749  513 
749  461 
749  739 
750  724 
750  569 
750  747 
750  121 
751  570 
751  693 
751  624 
751  58 
752  247 
752  105 
752  729 
752  669 
753  137 
753  574 
753  22 
753  370 
754  330 
754  641 
754  372 
754  61 
755  625 
755  745 
755  739 
755  694 
756  266 
756  719 
756  729 
756  754 
757  739 
757  511 
757  247 
757  754 
758  348 
758  486 
758  388 
758  343 
759  106 
759  494 
759  562 
759  13 
760  671 
760  27 
760  365 
760  29 
761  96 
761  462 
761  348 
761  86 
762  187 
762  512 
762  394 
762  623 
763  610 
763  584 
763  726 
763  489 
764  569 
764  394 
764  242 
764  349 
765  761 
765  489 
765  373 
765  291 
766  230 
766  483 
766  395 
766  155 
767  598 
767  659 
767  549 
767  648 
768  57 
768  449 
768  688 
768  633 
769  350 
769  607 
769  107 
769  643 
770  754 
770  332 
770  609 
770  347 
771  401 
771  761 
771  398 
771  195 
772  371 
772  485 
772  609 
772  328 
773  340 
773  547 
773  216 
773  336 
774  686 
774  301 
774  274 
774  234 
775  34 
775  489 
775  575 
775  216 
776  282 
776  332 
776  206 
776  396 
777  123 
777  575 
777  490 
777  423 
778  286 
778  624 
778  147 
778  517 
779  439 
779  216 
779  143 
779  287 
780  122 
780  590 
780  774 
780  220 
781  249 
781  237 
781  452 
781  436 
782  11 
782  102 
782  216 
782  637 
783  287 
783  775 
783  37 
783  127 
784  147 
784  115 
784  415 
784  487 
785  70 
785  305 
785  133 
785  446 
786  498 
786  769 
786  380 
786  429 
787  698 
787  575 
787  287 
787  473 
788  602 
788  69 
788  481 
788  762 
789  577 
789  395 
789  202 
789  767 
790  59 
790  557 
790  577 
790  285 
791  760 
791  83 
791  24 
791  577 
792  753 
792  287 
792  139 
792  547 
793  786 
793  64 
793  661 
793  623 
794  287 
794  744 
794  219 
794  315 
795  274 
795  776 
795  381 
795  113 
796  471 
796  121 
796  69 
796  361 
797  549 
797  150 
797  770 
797  192 
798  168 
798  67 
798  724 
798  742 
799  717 
799  309 
799  770 
799  633 
800  751 
800  79 
800  144 
800  252 
801  29 
801  467 
801  584 
801  590 
802  200 
802  659 
802  775 
802  753 
803  152 
803  60 
803  615 
803  795 
804  765 
804  743 
804  287 
804  186 
805  37 
805  778 
805  726 
805  565 
806  32 
806  558 
806  305 
806  155 
807  342 
807  147 
807  786 
807  113 
808  530 
808  658 
808  376 
808  84 
809  299 
809  190 
809  113 
809  583 
810  347 
810  357 
810  34 
810  22 
811  631 
811  546 
811  504 
811  647 
812  572 
812  305 
812  687 
812  693 
813  186 
813  67 
813  732 
813  670 
814  522 
814  712 
814  679 
814  387 
815  396 
815  785 
815  335 
815  90 
816  451 
816  160 
816  482 
816  219 
817  816 
817  574 
817  244 
817  131 
818  782 
818  137 
818  492 
818  704 
819  811 
819  504 
819  575 
819  266 
820  800 
820  317 
820  196 
820  396 
821  470 
821  310 
821  486 
821  314 
822  555 
822  817 
822  128 
822  9 
823  582 
823  343 
823  674 
823  9 
824  410 
824  389 
824  570 
824  574 
825  757 
825  808 
825  526 
825  229 
826  363 
826  600 
826  318 
826  486 
827  587 
827  764 
827  758 
827  248 
828  491 
828  449 
828  697 
828  256 
829  287 
829  811 
829  818 
829  581 
830  85 
830  115 
830  523 
830  815 
831  172 
831  732 
831  392 
831  107 
832  539 
832  829 
832  685 
832  627 
833  414 
833  342 
833  308 
833  479 
834  618 
834  833 
834  643 
834  823 
835  274 
835  306 
835  547 
835  179 
836  442 
836  737 
836  832 
836  114 
837  637 
837  781 
837  795 
837  580 
838  484 
838  49 
838  20 
838  736 
839  148 
839  834 
839  132 
839  293 
840  433 
840  347 
840  479 
840  833 
841  824 
841  822 
841  678 
841  401 
842  216 
842  816 
842  588 
842  324 
843  141 
843  215 
843  819 
843  841 
844  218 
844  790 
844  485 
844  504 
845  158 
845  810 
845  836 
845  291 
846  507 
846  255 
846  809 
846  141 
847  169 
847  216 
847  282 
847  98 
848  235 
848  213 
848  293 
848  490 
849  784 
849  587 
849  334 
849  90 
850  829 
850  483 
850  202 
850  798 
851  498 
851  264 
851  343 
851  316 
852  774 
852  311 
852  460 
852  215 
853  627 
853  827 
853  670 
853  583 
854  775 
854  560 
854  317 
854  56 
855  486 
855  824 
855  368 
855  160 
856  825 
856  377 
856  178 
856  20 
857  581 
857  434 
857  523 
857  634 
858  817 
858  809 
858  839 
858  216 
 

