1  2 
1  3 
1  4 
1  5 
1  6 
1  7 
1  8 
1  9 
1  10 
2  3 
2  4 
2  5 
2  6 
2  7 
2  8 
2  9 
2  10 
3  4 
3  5 
3  6 
3  7 
3  8 
3  9 
3  10 
4  5 
4  6 
4  7 
4  8 
4  9 
4  10 
5  6 
5  7 
5  8 
5  9 
5  10 
6  7 
6  8 
6  9 
6  10 
7  8 
7  9 
7  10 
8  9 
8  10 
9  10 
11  10 
11  9 
11  2 
11  6 
12  3 
12  2 
12  8 
12  10 
13  5 
13  10 
13  2 
13  8 
14  6 
14  7 
14  13 
14  1 
15  8 
15  7 
15  6 
15  10 
16  2 
16  1 
16  3 
16  13 
17  3 
17  8 
17  6 
17  9 
18  2 
18  8 
18  9 
18  5 
19  4 
19  9 
19  1 
19  2 
20  5 
20  4 
20  9 
20  10 
21  10 
21  9 
21  7 
21  6 
22  10 
22  16 
22  7 
22  3 
23  4 
23  10 
23  9 
23  22 
24  12 
24  4 
24  23 
24  9 
25  4 
25  1 
25  2 
25  6 
26  10 
26  12 
26  4 
26  13 
27  8 
27  5 
27  2 
27  16 
28  14 
28  5 
28  4 
28  2 
29  1 
29  13 
29  8 
29  20 
30  6 
30  16 
30  11 
30  4 
31  7 
31  10 
31  8 
31  14 
32  9 
32  10 
32  11 
32  23 
33  2 
33  12 
33  6 
33  1 
34  17 
34  14 
34  9 
34  1 
35  34 
35  2 
35  6 
35  25 
36  10 
36  30 
36  27 
36  5 
37  9 
37  30 
37  7 
37  1 
38  14 
38  10 
38  35 
38  7 
39  9 
39  4 
39  3 
39  11 
40  9 
40  30 
40  6 
40  4 
41  14 
41  7 
41  9 
41  8 
42  7 
42  37 
42  6 
42  1 
43  1 
43  41 
43  40 
43  33 
44  31 
44  7 
44  5 
44  14 
45  38 
45  2 
45  8 
45  13 
46  25 
46  32 
46  7 
46  12 
47  4 
47  43 
47  5 
47  16 
48  6 
48  9 
48  32 
48  10 
49  46 
49  7 
49  12 
49  33 
50  21 
50  7 
50  10 
50  9 
51  19 
51  1 
51  6 
51  8 
52  10 
52  37 
52  9 
52  19 
53  1 
53  5 
53  41 
53  39 
54  3 
54  18 
54  4 
54  29 
55  37 
55  8 
55  7 
55  46 
56  45 
56  25 
56  3 
56  2 
57  25 
57  1 
57  19 
57  4 
58  38 
58  35 
58  4 
58  3 
59  1 
59  8 
59  27 
59  4 
60  10 
60  40 
60  27 
60  15 
61  5 
61  20 
61  4 
61  6 
62  21 
62  8 
62  9 
62  61 
63  7 
63  51 
63  37 
63  12 
64  7 
64  44 
64  41 
64  1 
65  7 
65  11 
65  9 
65  5 
66  55 
66  6 
66  4 
66  32 
67  64 
67  8 
67  3 
67  29 
68  6 
68  37 
68  23 
68  44 
69  8 
69  38 
69  15 
69  6 
70  9 
70  2 
70  7 
70  53 
71  7 
71  4 
71  24 
71  50 
72  27 
72  8 
72  25 
72  2 
73  42 
73  9 
73  68 
73  59 
74  72 
74  65 
74  1 
74  14 
75  26 
75  32 
75  1 
75  61 
76  7 
76  2 
76  57 
76  8 
77  67 
77  1 
77  8 
77  25 
78  53 
78  48 
78  39 
78  1 
79  17 
79  39 
79  7 
79  35 
80  5 
80  64 
80  8 
80  9 
81  53 
81  55 
81  6 
81  9 
82  61 
82  14 
82  1 
82  35 
83  60 
83  6 
83  5 
83  16 
84  1 
84  6 
84  7 
84  43 
85  10 
85  24 
85  47 
85  15 
86  9 
86  14 
86  10 
86  32 
87  13 
87  44 
87  4 
87  3 
88  60 
88  48 
88  7 
88  10 
89  18 
89  29 
89  31 
89  54 
90  38 
90  1 
90  19 
90  44 
91  60 
91  61 
91  2 
91  25 
92  83 
92  14 
92  81 
92  6 
93  63 
93  8 
93  6 
93  44 
94  85 
94  5 
94  9 
94  32 
95  7 
95  75 
95  85 
95  2 
96  3 
96  68 
96  80 
96  5 
97  12 
97  9 
97  14 
97  2 
98  10 
98  7 
98  42 
98  37 
99  3 
99  9 
99  91 
99  75 
100  42 
100  3 
100  85 
100  8 
101  70 
101  93 
101  50 
101  6 
102  10 
102  80 
102  3 
102  70 
103  51 
103  98 
103  45 
103  5 
104  94 
104  102 
104  103 
104  4 
105  5 
105  15 
105  56 
105  6 
106  94 
106  3 
106  64 
106  4 
107  2 
107  66 
107  18 
107  6 
108  3 
108  37 
108  70 
108  4 
109  93 
109  3 
109  98 
109  21 
110  4 
110  32 
110  7 
110  9 
111  30 
111  8 
111  77 
111  26 
112  108 
112  44 
112  5 
112  94 
113  23 
113  50 
113  22 
113  93 
114  10 
114  46 
114  63 
114  31 
115  20 
115  85 
115  4 
115  39 
116  2 
116  9 
116  43 
116  4 
117  106 
117  10 
117  76 
117  47 
118  16 
118  4 
118  114 
118  45 
119  4 
119  111 
119  7 
119  32 
120  67 
120  50 
120  16 
120  94 
121  3 
121  119 
121  21 
121  116 
122  74 
122  8 
122  121 
122  13 
123  82 
123  113 
123  3 
123  10 
124  9 
124  51 
124  35 
124  3 
125  78 
125  25 
125  44 
125  67 
126  1 
126  83 
126  56 
126  95 
127  7 
127  82 
127  84 
127  5 
128  6 
128  85 
128  9 
128  22 
129  89 
129  21 
129  57 
129  12 
130  8 
130  36 
130  97 
130  26 
131  19 
131  3 
131  14 
131  1 
132  106 
132  121 
132  10 
132  25 
133  25 
133  13 
133  15 
133  108 
134  42 
134  58 
134  39 
134  88 
135  93 
135  6 
135  118 
135  8 
136  64 
136  1 
136  12 
136  4 
137  5 
137  104 
137  2 
137  19 
138  50 
138  83 
138  100 
138  7 
139  24 
139  48 
139  20 
139  127 
140  19 
140  3 
140  81 
140  78 
141  96 
141  5 
141  39 
141  6 
142  80 
142  5 
142  64 
142  55 
143  9 
143  44 
143  87 
143  18 
144  14 
144  33 
144  56 
144  74 
145  32 
145  9 
145  115 
145  8 
146  59 
146  47 
146  82 
146  94 
147  59 
147  88 
147  43 
147  6 
148  10 
148  2 
148  35 
148  19 
149  61 
149  148 
149  144 
149  67 
150  25 
150  116 
150  96 
150  39 
151  92 
151  60 
151  29 
151  91 
152  80 
152  71 
152  143 
152  37 
153  50 
153  52 
153  132 
153  38 
154  128 
154  57 
154  4 
154  80 
155  10 
155  75 
155  32 
155  4 
156  6 
156  111 
156  2 
156  82 
157  6 
157  128 
157  105 
157  45 
158  5 
158  8 
158  3 
158  133 
159  40 
159  119 
159  143 
159  56 
160  44 
160  145 
160  56 
160  3 
161  18 
161  14 
161  119 
161  39 
162  5 
162  157 
162  1 
162  101 
163  67 
163  10 
163  17 
163  1 
164  134 
164  44 
164  117 
164  45 
165  19 
165  2 
165  119 
165  4 
166  91 
166  4 
166  48 
166  87 
167  66 
167  96 
167  60 
167  5 
168  141 
168  135 
168  4 
168  134 
169  4 
169  9 
169  80 
169  1 
170  8 
170  2 
170  15 
170  85 
171  97 
171  101 
171  58 
171  3 
172  80 
172  93 
172  7 
172  52 
173  8 
173  17 
173  88 
173  47 
174  6 
174  5 
174  88 
174  9 
175  37 
175  106 
175  94 
175  6 
176  2 
176  83 
176  98 
176  4 
177  17 
177  171 
177  152 
177  4 
178  10 
178  9 
178  25 
178  8 
179  93 
179  3 
179  17 
179  132 
180  85 
180  44 
180  64 
180  18 
181  2 
181  58 
181  13 
181  9 
182  17 
182  135 
182  34 
182  161 
183  133 
183  4 
183  52 
183  35 
184  172 
184  8 
184  50 
184  70 
185  18 
185  33 
185  21 
185  8 
186  6 
186  92 
186  119 
186  65 
187  41 
187  7 
187  58 
187  106 
188  56 
188  114 
188  21 
188  9 
189  3 
189  18 
189  163 
189  156 
190  104 
190  169 
190  102 
190  84 
191  9 
191  16 
191  78 
191  161 
192  141 
192  136 
192  15 
192  127 
193  132 
193  35 
193  34 
193  10 
194  109 
194  96 
194  78 
194  40 
195  57 
195  1 
195  14 
195  40 
196  147 
196  34 
196  32 
196  36 
197  67 
197  180 
197  53 
197  5 
198  4 
198  110 
198  43 
198  128 
199  146 
199  59 
199  122 
199  159 
200  32 
200  165 
200  157 
200  12 
1  201 
1  202 
2  201 
2  203 
2  204 
3  205 
3  201 
3  203 
4  205 
4  206 
4  204 
4  207 
5  208 
6  205 
6  201 
6  206 
6  203 
6  202 
6  204 
6  207 
7  203 
7  202 
7  204 
7  207 
7  208 
8  205 
8  203 
8  207 
8  208 
9  206 
9  203 
9  208 
10  201 
10  206 
10  203 
10  207 
10  208 
11  203 
11  202 
11  204 
11  208 
12  201 
12  206 
12  202 
12  204 
12  207 
13  205 
13  206 
13  202 
13  204 
13  207 
13  208 
14  205 
14  201 
14  206 
15  205 
15  201 
15  206 
15  208 
16  201 
16  206 
16  203 
16  204 
17  201 
17  206 
17  204 
17  208 
18  201 
18  202 
18  207 
18  208 
19  202 
19  204 
19  207 
20  203 
20  208 
21  205 
21  206 
21  203 
21  202 
21  204 
21  208 
22  201 
22  206 
22  202 
22  204 
22  208 
23  201 
23  203 
23  207 
24  201 
24  203 
24  202 
24  204 
25  201 
25  206 
25  202 
25  204 
25  207 
25  208 
26  205 
26  201 
26  203 
26  202 
26  204 
27  203 
27  202 
27  204 
27  207 
28  205 
28  206 
28  202 
28  204 
28  208 
29  205 
29  203 
29  204 
29  207 
30  205 
30  201 
30  203 
30  202 
30  204 
30  207 
30  208 
31  205 
31  206 
31  203 
31  204 
31  208 
32  205 
32  201 
32  202 
33  205 
33  203 
33  202 
33  204 
33  207 
34  205 
34  201 
34  204 
34  208 
35  201 
35  203 
35  208 
36  205 
36  202 
36  208 
37  205 
37  206 
37  203 
37  204 
38  205 
38  202 
38  207 
39  201 
39  203 
39  202 
39  208 
40  201 
40  203 
40  207 
40  208 
41  201 
41  207 
42  205 
42  203 
42  202 
42  204 
42  208 
43  205 
43  201 
43  206 
43  202 
43  204 
43  207 
44  206 
44  203 
44  202 
44  208 
45  205 
45  204 
45  208 
46  201 
46  204 
46  207 
46  208 
47  205 
47  206 
47  207 
47  208 
48  201 
48  206 
48  203 
48  202 
48  204 
48  208 
49  206 
49  202 
49  207 
50  205 
50  201 
50  206 
50  202 
205  201 
201  206 
206  203 
203  202 
202  204 
204  207 
207  208 
205  207 
201  203 
201  202 
201  207 
203  205 
203  207 
202  207 
204  201 
204  203 
208  205 
208  206 
208  204 
209  155 
209  80 
209  159 
209  131 
210  101 
210  204 
210  46 
210  27 
211  210 
211  193 
211  200 
211  181 
212  104 
212  73 
212  199 
212  157 
213  184 
213  209 
213  57 
213  97 
214  181 
214  192 
214  152 
214  183 
215  152 
215  188 
215  71 
215  118 
216  10 
216  142 
216  149 
216  18 
217  27 
217  197 
217  97 
217  71 
218  209 
218  19 
218  96 
218  71 
219  17 
219  186 
219  86 
219  79 
220  121 
220  212 
220  219 
220  218 
221  201 
221  161 
221  52 
221  124 
222  95 
222  161 
222  10 
222  115 
223  16 
223  210 
223  191 
223  10 
224  193 
224  118 
224  129 
224  188 
225  10 
225  181 
225  5 
225  70 
226  209 
226  151 
226  191 
226  117 
227  72 
227  22 
227  1 
227  50 
228  217 
228  194 
228  180 
228  10 
229  62 
229  44 
229  220 
229  223 
230  31 
230  129 
230  128 
230  79 
231  97 
231  219 
231  129 
231  181 
232  147 
232  74 
232  19 
232  77 
233  21 
233  82 
233  46 
233  224 
234  141 
234  205 
234  133 
234  81 
235  211 
235  12 
235  216 
235  24 
236  19 
236  186 
236  191 
236  233 
237  71 
237  79 
237  22 
237  60 
238  16 
238  114 
238  234 
238  152 
239  219 
239  42 
239  225 
239  50 
240  220 
240  219 
240  55 
240  77 
241  228 
241  186 
241  52 
241  102 
242  68 
242  101 
242  124 
242  1 
243  188 
243  193 
243  213 
243  97 
244  191 
244  28 
244  234 
244  224 
245  175 
245  68 
245  229 
245  47 
246  243 
246  68 
246  224 
246  223 
247  220 
247  124 
247  1 
247  50 
248  191 
248  90 
248  231 
248  240 
249  222 
249  213 
249  95 
249  200 
250  131 
250  246 
250  64 
250  240 
251  238 
251  49 
251  15 
251  218 
252  220 
252  235 
252  27 
252  216 
253  192 
253  241 
253  10 
253  229 
254  237 
254  236 
254  42 
254  210 
255  253 
255  192 
255  229 
255  111 
256  17 
256  19 
256  24 
256  210 
257  239 
257  52 
257  45 
257  98 
258  208 
258  234 
258  237 
258  251 
 

