1  2 
1  3 
1  4 
1  5 
1  6 
1  7 
1  8 
1  9 
1  10 
2  3 
2  4 
2  5 
2  6 
2  7 
2  8 
2  9 
2  10 
3  4 
3  5 
3  6 
3  7 
3  8 
3  9 
3  10 
4  5 
4  6 
4  7 
4  8 
4  9 
4  10 
5  6 
5  7 
5  8 
5  9 
5  10 
6  7 
6  8 
6  9 
6  10 
7  8 
7  9 
7  10 
8  9 
8  10 
9  10 
11  2 
11  9 
11  3 
11  7 
12  9 
12  5 
12  2 
12  3 
13  8 
13  1 
13  7 
13  3 
14  1 
14  5 
14  12 
14  2 
15  3 
15  9 
15  13 
15  2 
16  5 
16  15 
16  11 
16  7 
17  11 
17  4 
17  9 
17  5 
18  8 
18  9 
18  3 
18  7 
19  5 
19  9 
19  2 
19  15 
20  14 
20  1 
20  9 
20  4 
21  8 
21  2 
21  5 
21  7 
22  5 
22  2 
22  6 
22  4 
23  17 
23  2 
23  9 
23  19 
24  6 
24  1 
24  4 
24  2 
25  10 
25  3 
25  23 
25  6 
26  23 
26  25 
26  17 
26  9 
27  13 
27  11 
27  9 
27  6 
28  12 
28  4 
28  6 
28  8 
29  14 
29  17 
29  27 
29  12 
30  11 
30  1 
30  8 
30  12 
31  13 
31  17 
31  14 
31  9 
32  8 
32  5 
32  4 
32  13 
33  9 
33  13 
33  28 
33  5 
34  33 
34  28 
34  5 
34  2 
35  9 
35  2 
35  19 
35  33 
36  11 
36  33 
36  13 
36  10 
37  8 
37  5 
37  4 
37  13 
38  11 
38  19 
38  12 
38  5 
39  1 
39  9 
39  19 
39  11 
40  4 
40  5 
40  8 
40  16 
41  7 
41  1 
41  40 
41  8 
42  39 
42  1 
42  6 
42  13 
43  33 
43  36 
43  28 
43  17 
44  1 
44  6 
44  5 
44  39 
45  33 
45  6 
45  1 
45  2 
46  10 
46  19 
46  28 
46  3 
47  6 
47  11 
47  23 
47  5 
48  7 
48  13 
48  35 
48  34 
49  21 
49  1 
49  4 
49  18 
50  10 
50  27 
50  48 
50  9 
51  22 
51  32 
51  8 
51  7 
52  49 
52  11 
52  44 
52  7 
53  20 
53  14 
53  49 
53  2 
54  9 
54  13 
54  7 
54  5 
55  45 
55  9 
55  52 
55  3 
56  16 
56  6 
56  34 
56  11 
57  4 
57  26 
57  43 
57  8 
58  8 
58  5 
58  4 
58  11 
59  58 
59  5 
59  3 
59  37 
60  45 
60  3 
60  6 
60  27 
61  10 
61  20 
61  54 
61  39 
62  36 
62  13 
62  16 
62  27 
63  10 
63  57 
63  9 
63  51 
64  36 
64  3 
64  23 
64  4 
65  23 
65  20 
65  1 
65  8 
66  25 
66  36 
66  7 
66  14 
67  9 
67  4 
67  2 
67  19 
68  55 
68  66 
68  3 
68  14 
69  58 
69  38 
69  33 
69  5 
70  65 
70  47 
70  6 
70  22 
71  23 
71  33 
71  40 
71  34 
72  24 
72  65 
72  10 
72  6 
73  2 
73  27 
73  33 
73  71 
74  2 
74  65 
74  36 
74  53 
75  4 
75  43 
75  48 
75  31 
76  37 
76  11 
76  42 
76  19 
77  7 
77  6 
77  38 
77  11 
78  12 
78  6 
78  13 
78  8 
79  31 
79  28 
79  13 
79  49 
80  5 
80  71 
80  18 
80  57 
81  75 
81  65 
81  3 
81  6 
82  16 
82  20 
82  33 
82  3 
83  74 
83  43 
83  3 
83  33 
84  58 
84  5 
84  8 
84  73 
85  18 
85  9 
85  5 
85  15 
86  14 
86  11 
86  22 
86  36 
87  33 
87  9 
87  17 
87  55 
88  40 
88  20 
88  33 
88  17 
89  15 
89  3 
89  65 
89  9 
90  33 
90  85 
90  43 
90  21 
91  70 
91  9 
91  10 
91  24 
92  77 
92  66 
92  31 
92  65 
93  72 
93  51 
93  56 
93  38 
94  34 
94  84 
94  4 
94  74 
95  8 
95  12 
95  10 
95  4 
96  27 
96  60 
96  64 
96  28 
97  17 
97  52 
97  42 
97  83 
98  55 
98  90 
98  60 
98  16 
99  18 
99  5 
99  14 
99  37 
100  10 
100  30 
100  31 
100  78 
101  22 
101  77 
101  4 
101  10 
102  5 
102  14 
102  35 
102  15 
103  82 
103  12 
103  79 
103  5 
104  6 
104  13 
104  7 
104  52 
105  55 
105  10 
105  8 
105  3 
106  3 
106  21 
106  6 
106  77 
107  3 
107  7 
107  17 
107  9 
108  1 
108  3 
108  9 
108  2 
109  14 
109  36 
109  87 
109  7 
110  20 
110  37 
110  25 
110  49 
111  49 
111  59 
111  2 
111  25 
112  45 
112  33 
112  2 
112  5 
113  5 
113  71 
113  3 
113  7 
114  69 
114  78 
114  14 
114  58 
115  8 
115  60 
115  3 
115  2 
116  78 
116  36 
116  65 
116  49 
117  93 
117  103 
117  88 
117  5 
118  48 
118  112 
118  23 
118  105 
119  18 
119  2 
119  60 
119  3 
120  82 
120  36 
120  10 
120  81 
121  60 
121  17 
121  66 
121  44 
122  7 
122  3 
122  17 
122  6 
123  4 
123  7 
123  77 
123  5 
124  91 
124  94 
124  3 
124  13 
125  24 
125  39 
125  6 
125  2 
126  16 
126  45 
126  9 
126  4 
127  103 
127  101 
127  45 
127  10 
128  4 
128  34 
128  124 
128  9 
129  92 
129  11 
129  123 
129  107 
130  13 
130  50 
130  10 
130  96 
131  42 
131  34 
131  6 
131  28 
132  33 
132  49 
132  20 
132  35 
133  99 
133  39 
133  113 
133  71 
134  9 
134  6 
134  38 
134  3 
135  2 
135  84 
135  44 
135  7 
136  96 
136  77 
136  33 
136  18 
137  16 
137  21 
137  2 
137  39 
138  20 
138  49 
138  6 
138  60 
139  57 
139  8 
139  1 
139  94 
140  62 
140  40 
140  82 
140  105 
141  4 
141  75 
141  11 
141  47 
142  33 
142  19 
142  14 
142  4 
143  47 
143  127 
143  3 
143  77 
144  12 
144  10 
144  8 
144  82 
145  50 
145  52 
145  99 
145  11 
146  23 
146  14 
146  2 
146  19 
147  19 
147  1 
147  90 
147  13 
148  146 
148  66 
148  11 
148  9 
149  146 
149  12 
149  38 
149  75 
150  35 
150  119 
150  84 
150  50 
151  7 
151  58 
151  96 
151  3 
152  12 
152  50 
152  105 
152  121 
153  2 
153  1 
153  14 
153  10 
154  37 
154  121 
154  21 
154  86 
155  55 
155  13 
155  94 
155  28 
156  21 
156  8 
156  152 
156  45 
157  95 
157  105 
157  24 
157  23 
158  65 
158  7 
158  19 
158  31 
159  42 
159  2 
159  10 
159  6 
160  25 
160  101 
160  9 
160  37 
161  59 
161  91 
161  2 
161  103 
162  85 
162  52 
162  20 
162  87 
163  7 
163  55 
163  2 
163  26 
164  102 
164  38 
164  2 
164  9 
165  9 
165  20 
165  73 
165  41 
166  42 
166  149 
166  14 
166  34 
167  4 
167  28 
167  81 
167  18 
168  2 
168  120 
168  26 
168  5 
169  68 
169  136 
169  134 
169  8 
170  43 
170  85 
170  8 
170  13 
171  2 
171  78 
171  102 
171  12 
172  14 
172  3 
172  84 
172  33 
173  35 
173  70 
173  133 
173  130 
174  48 
174  13 
174  9 
174  43 
175  55 
175  1 
175  94 
175  79 
176  4 
176  166 
176  3 
176  107 
177  6 
177  94 
177  9 
177  10 
178  151 
178  5 
178  19 
178  13 
179  25 
179  73 
179  14 
179  6 
180  160 
180  8 
180  46 
180  33 
181  41 
181  78 
181  146 
181  8 
182  28 
182  43 
182  12 
182  39 
183  17 
183  13 
183  2 
183  25 
184  9 
184  163 
184  46 
184  48 
185  9 
185  20 
185  60 
185  27 
186  19 
186  115 
186  14 
186  65 
187  28 
187  14 
187  162 
187  3 
188  87 
188  6 
188  39 
188  124 
189  19 
189  32 
189  181 
189  3 
190  3 
190  8 
190  13 
190  17 
191  59 
191  146 
191  109 
191  80 
192  169 
192  179 
192  6 
192  36 
193  35 
193  3 
193  20 
193  47 
194  116 
194  179 
194  124 
194  162 
195  20 
195  37 
195  73 
195  17 
196  119 
196  57 
196  7 
196  9 
197  24 
197  95 
197  150 
197  88 
198  39 
198  36 
198  123 
198  22 
199  7 
199  143 
199  118 
199  3 
200  88 
200  41 
200  172 
200  17 
1  201 
1  202 
1  203 
1  204 
1  205 
1  206 
2  202 
2  205 
3  202 
3  204 
3  205 
3  207 
4  202 
4  204 
5  202 
5  203 
5  208 
5  207 
6  207 
7  201 
7  208 
7  207 
8  201 
8  203 
8  204 
8  207 
9  202 
9  203 
9  204 
9  208 
9  205 
9  207 
9  206 
10  203 
10  204 
10  208 
10  207 
10  206 
11  201 
11  202 
11  208 
12  205 
12  207 
12  206 
13  201 
13  202 
13  203 
13  204 
13  205 
13  207 
14  201 
14  203 
14  208 
14  206 
15  203 
15  204 
15  205 
15  207 
15  206 
16  202 
16  205 
16  206 
17  201 
17  202 
17  204 
17  205 
17  207 
18  208 
18  207 
19  201 
19  204 
19  207 
20  203 
20  204 
20  208 
20  205 
20  206 
201  202 
202  203 
203  204 
204  208 
208  205 
205  207 
207  206 
201  203 
201  205 
201  207 
202  204 
202  208 
202  205 
202  207 
204  205 
208  201 
208  203 
208  207 
205  203 
206  201 
206  204 
209  34 
209  172 
209  192 
209  49 
210  113 
210  108 
210  22 
210  115 
211  209 
211  65 
211  37 
211  59 
212  61 
212  209 
212  20 
212  90 
213  184 
213  98 
213  161 
213  207 
214  176 
214  189 
214  8 
214  76 
215  8 
215  98 
215  37 
215  78 
216  54 
216  155 
216  207 
216  7 
217  2 
217  216 
217  123 
217  199 
218  75 
218  208 
218  55 
218  119 
219  202 
219  8 
219  69 
219  84 
220  78 
220  198 
220  212 
220  180 
221  88 
221  189 
221  31 
221  62 
222  75 
222  37 
222  31 
222  14 
223  167 
223  98 
223  141 
223  69 
224  217 
224  151 
224  216 
224  169 
225  37 
225  139 
225  217 
225  222 
226  96 
226  73 
226  140 
226  90 
227  168 
227  127 
227  217 
227  147 
228  161 
228  151 
228  219 
228  98 
229  6 
229  94 
229  188 
229  2 
230  29 
230  75 
230  8 
230  213 
231  162 
231  226 
231  221 
231  212 
232  2 
232  120 
232  222 
232  218 
233  59 
233  164 
233  4 
233  78 
234  141 
234  73 
234  181 
234  145 
235  14 
235  2 
235  176 
235  98 
236  77 
236  30 
236  192 
236  8 
237  212 
237  120 
237  116 
237  233 
238  208 
238  217 
238  2 
238  157 
239  224 
239  216 
239  237 
239  222 
240  225 
240  192 
240  14 
240  221 
241  212 
241  84 
241  5 
241  19 
242  228 
242  107 
242  134 
242  236 
243  125 
243  192 
243  188 
243  221 
244  241 
244  73 
244  209 
244  71 
245  209 
245  146 
245  243 
245  109 
246  168 
246  198 
246  137 
246  241 
247  230 
247  221 
247  224 
247  212 
248  220 
248  87 
248  224 
248  69 
249  241 
249  229 
249  224 
249  242 
250  147 
250  35 
250  155 
250  107 
251  213 
251  32 
251  30 
251  65 
252  122 
252  218 
252  46 
252  96 
253  65 
253  242 
253  98 
253  58 
254  157 
254  31 
254  224 
254  14 
255  230 
255  229 
255  107 
255  212 
256  151 
256  235 
256  225 
256  244 
257  197 
257  244 
257  248 
257  249 
258  225 
258  65 
258  100 
258  48 
259  155 
259  225 
259  134 
259  140 
260  198 
260  187 
260  237 
260  142 
261  120 
261  35 
261  165 
261  20 
262  27 
262  13 
262  20 
262  261 
263  205 
263  176 
263  59 
263  154 
264  197 
264  171 
264  253 
264  71 
265  160 
265  192 
265  129 
265  146 
266  151 
266  175 
266  186 
266  20 
267  178 
267  57 
267  222 
267  149 
268  197 
268  187 
268  264 
268  242 
269  166 
269  126 
269  102 
269  106 
270  245 
270  133 
270  81 
270  173 
271  109 
271  191 
271  84 
271  51 
272  268 
272  115 
272  124 
272  32 
273  63 
273  49 
273  186 
273  272 
274  76 
274  272 
274  202 
274  103 
275  260 
275  107 
275  94 
275  244 
276  67 
276  24 
276  265 
276  118 
277  129 
277  110 
277  157 
277  59 
278  53 
278  271 
278  96 
278  186 
279  197 
279  62 
279  103 
279  224 
280  272 
280  57 
280  65 
280  38 
281  13 
281  53 
281  54 
281  73 
282  151 
282  171 
282  186 
282  276 
283  249 
283  194 
283  234 
283  109 
284  116 
284  23 
284  137 
284  229 
285  168 
285  68 
285  143 
285  106 
286  267 
286  273 
286  75 
286  8 
287  271 
287  257 
287  6 
287  274 
288  281 
288  123 
288  115 
288  131 
289  62 
289  160 
289  63 
289  279 
290  95 
290  246 
290  159 
290  151 
291  109 
291  282 
291  229 
291  126 
292  164 
292  54 
292  230 
292  254 
293  192 
293  77 
293  269 
293  30 
294  222 
294  186 
294  18 
294  234 
295  264 
295  200 
295  209 
295  59 
296  81 
296  121 
296  113 
296  115 
297  91 
297  188 
297  240 
297  265 
298  18 
298  126 
298  274 
298  295 
299  84 
299  197 
299  186 
299  195 
300  269 
300  266 
300  20 
300  170 
301  222 
301  167 
301  186 
301  274 
302  154 
302  287 
302  92 
302  192 
303  106 
303  51 
303  57 
303  266 
304  297 
304  59 
304  251 
304  275 
305  151 
305  197 
305  35 
305  149 
306  85 
306  274 
306  59 
306  178 
307  146 
307  280 
307  259 
307  284 
308  273 
308  20 
308  99 
308  199 
309  239 
309  51 
309  191 
309  171 
310  41 
310  150 
310  96 
310  102 
311  165 
311  130 
311  69 
311  196 
312  8 
312  76 
312  97 
312  309 
313  177 
313  284 
313  83 
313  110 
314  285 
314  273 
314  311 
314  245 
315  238 
315  101 
315  245 
315  273 
316  8 
316  294 
316  205 
316  20 
317  45 
317  231 
317  260 
317  205 
318  61 
318  271 
318  57 
318  47 
319  78 
319  104 
319  232 
319  154 
320  137 
320  223 
320  1 
320  192 
321  272 
321  313 
321  123 
321  209 
322  249 
322  316 
322  146 
322  30 
323  237 
323  319 
323  280 
323  239 
324  54 
324  141 
324  229 
324  76 
325  213 
325  313 
325  19 
325  158 
326  24 
326  8 
326  73 
326  130 
327  104 
327  302 
327  325 
327  314 
328  57 
328  292 
328  261 
328  313 
329  309 
329  328 
329  132 
329  64 
330  126 
330  325 
330  326 
330  221 
331  76 
331  43 
331  302 
331  223 
332  158 
332  319 
332  315 
332  91 
333  202 
333  106 
333  316 
333  309 
334  330 
334  323 
334  155 
334  7 
335  333 
335  310 
335  326 
335  154 
336  291 
336  174 
336  294 
336  9 
337  102 
337  83 
337  199 
337  314 
338  8 
338  336 
338  87 
338  296 
339  284 
339  336 
339  96 
339  147 
340  336 
340  330 
340  85 
340  272 
341  56 
341  307 
341  186 
341  331 
342  154 
342  87 
342  316 
342  297 
343  297 
343  132 
343  335 
343  60 
344  126 
344  263 
344  320 
344  210 
345  19 
345  89 
345  296 
345  183 
346  224 
346  259 
346  60 
346  290 
347  186 
347  60 
347  223 
347  104 
348  319 
348  263 
348  309 
348  209 
349  294 
349  69 
349  309 
349  55 
350  45 
350  69 
350  336 
350  20 
351  146 
351  217 
351  223 
351  253 
352  132 
352  289 
352  151 
352  184 
353  309 
353  321 
353  298 
353  173 
354  279 
354  245 
354  230 
354  291 
355  209 
355  60 
355  2 
355  226 
356  222 
356  313 
356  273 
356  202 
357  332 
357  27 
357  330 
357  326 
358  317 
358  30 
358  61 
358  309 
359  153 
359  272 
359  74 
359  323 
360  188 
360  168 
360  295 
360  59 
361  225 
361  157 
361  167 
361  356 
362  218 
362  158 
362  207 
362  346 
363  57 
363  201 
363  222 
363  79 
364  251 
364  330 
364  213 
364  122 
365  161 
365  336 
365  208 
365  210 
366  362 
366  327 
366  183 
366  20 
367  36 
367  246 
367  286 
367  43 
368  262 
368  38 
368  25 
368  97 
369  368 
369  66 
369  345 
369  359 
370  61 
370  258 
370  70 
370  90 
371  201 
371  306 
371  200 
371  206 
372  141 
372  121 
372  188 
372  183 
373  167 
373  326 
373  134 
373  209 
374  232 
374  362 
374  286 
374  91 
375  286 
375  350 
375  262 
375  214 
376  257 
376  320 
376  311 
376  344 
377  225 
377  152 
377  43 
377  24 
378  192 
378  374 
378  369 
378  352 
379  33 
379  166 
379  303 
379  227 
380  360 
380  361 
380  105 
380  368 
381  59 
381  225 
381  35 
381  379 
382  354 
382  117 
382  3 
382  210 
383  344 
383  352 
383  167 
383  108 
384  181 
384  330 
384  69 
384  294 
385  370 
385  225 
385  43 
385  217 
386  289 
386  246 
386  58 
386  380 
387  305 
387  126 
387  97 
387  103 
388  167 
388  251 
388  85 
388  373 
389  250 
389  70 
389  118 
389  309 
390  147 
390  198 
390  224 
390  300 
391  279 
391  97 
391  43 
391  50 
392  322 
392  375 
392  59 
392  80 
393  386 
393  338 
393  154 
393  383 
394  66 
394  318 
394  228 
394  320 
395  63 
395  181 
395  162 
395  80 
396  80 
396  296 
396  193 
396  264 
397  270 
397  97 
397  19 
397  308 
398  97 
398  183 
398  197 
398  103 
399  42 
399  364 
399  365 
399  90 
400  161 
400  228 
400  310 
400  318 
401  43 
401  97 
401  388 
401  385 
402  374 
402  396 
402  154 
402  262 
403  144 
403  402 
403  369 
403  116 
404  4 
404  208 
404  56 
404  219 
405  398 
405  173 
405  84 
405  109 
406  132 
406  110 
406  364 
406  216 
407  398 
407  363 
407  117 
407  100 
408  126 
408  62 
408  372 
408  380 
409  125 
409  327 
409  193 
409  57 
410  244 
410  158 
410  281 
410  326 
411  4 
411  387 
411  396 
411  357 
412  51 
412  80 
412  123 
412  318 
413  248 
413  197 
413  255 
413  185 
414  362 
414  199 
414  171 
414  180 
415  399 
415  120 
415  76 
415  110 
416  282 
416  36 
416  390 
416  28 
417  336 
417  39 
417  306 
417  216 
418  355 
418  137 
418  311 
418  62 
419  161 
419  55 
419  356 
419  149 
420  416 
420  78 
420  128 
420  294 
421  410 
421  38 
421  184 
421  237 
422  114 
422  122 
422  420 
422  377 
423  382 
423  305 
423  318 
423  110 
424  231 
424  41 
424  311 
424  276 
425  340 
425  6 
425  3 
425  317 
426  49 
426  38 
426  78 
426  114 
427  10 
427  425 
427  318 
427  311 
428  422 
428  31 
428  227 
428  108 
429  106 
429  296 
429  243 
429  128 
430  269 
430  196 
430  147 
430  62 
431  89 
431  253 
431  353 
431  320 
432  146 
432  298 
432  94 
432  137 
433  238 
433  114 
433  57 
433  426 
434  78 
434  234 
434  396 
434  1 
435  129 
435  306 
435  62 
435  114 
436  29 
436  431 
436  112 
436  410 
437  137 
437  436 
437  423 
437  255 
438  57 
438  89 
438  226 
438  380 
439  77 
439  276 
439  374 
439  110 
440  438 
440  187 
440  10 
440  166 
441  242 
441  313 
441  312 
441  353 
442  289 
442  404 
442  236 
442  296 
443  362 
443  438 
443  360 
443  89 
444  205 
444  342 
444  100 
444  417 
445  90 
445  255 
445  242 
445  291 
446  438 
446  112 
446  108 
446  338 
447  165 
447  416 
447  312 
447  17 
448  398 
448  441 
448  367 
448  94 
449  115 
449  133 
449  356 
449  161 
450  313 
450  255 
450  260 
450  57 
451  267 
451  134 
451  64 
451  147 
452  442 
452  236 
452  178 
452  110 
453  255 
453  36 
453  350 
453  395 
454  97 
454  382 
454  257 
454  260 
455  353 
455  81 
455  70 
455  156 
456  420 
456  441 
456  367 
456  322 
457  413 
457  421 
457  427 
457  433 
458  106 
458  218 
458  280 
458  197 
459  161 
459  223 
459  273 
459  230 
460  392 
460  449 
460  117 
460  72 
461  429 
461  18 
461  4 
461  390 
462  400 
462  197 
462  55 
462  246 
463  175 
463  96 
463  184 
463  341 
464  280 
464  100 
464  422 
464  333 
465  271 
465  2 
465  278 
465  1 
466  246 
466  234 
466  214 
466  80 
467  56 
467  448 
467  182 
467  233 
468  180 
468  297 
468  169 
468  409 
469  2 
469  372 
469  459 
469  304 
470  435 
470  223 
470  334 
470  323 
471  30 
471  27 
471  253 
471  287 
472  453 
472  268 
472  64 
472  145 
473  207 
473  102 
473  47 
473  270 
474  345 
474  471 
474  299 
474  246 
475  210 
475  471 
475  468 
475  160 
476  27 
476  82 
476  51 
476  313 
477  466 
477  30 
477  282 
477  453 
478  463 
478  345 
478  291 
478  14 
479  47 
479  441 
479  299 
479  317 
480  54 
480  467 
480  474 
480  14 
481  279 
481  468 
481  27 
481  110 
482  360 
482  480 
482  134 
482  78 
483  37 
483  140 
483  82 
483  421 
484  118 
484  307 
484  267 
484  236 
485  82 
485  20 
485  11 
485  456 
486  407 
486  201 
486  102 
486  339 
487  96 
487  192 
487  462 
487  335 
488  356 
488  163 
488  474 
488  23 
489  19 
489  463 
489  27 
489  485 
490  403 
490  27 
490  291 
490  467 
491  364 
491  459 
491  409 
491  197 
492  466 
492  473 
492  200 
492  69 
493  189 
493  256 
493  460 
493  354 
494  23 
494  261 
494  403 
494  458 
495  62 
495  481 
495  278 
495  256 
496  306 
496  221 
496  194 
496  208 
497  452 
497  466 
497  480 
497  429 
498  402 
498  59 
498  487 
498  459 
499  466 
499  467 
499  155 
499  463 
500  498 
500  494 
500  77 
500  76 
501  69 
501  126 
501  466 
501  155 
502  131 
502  100 
502  475 
502  434 
503  27 
503  499 
503  80 
503  425 
504  465 
504  332 
504  451 
504  393 
505  14 
505  402 
505  187 
505  82 
506  194 
506  459 
506  452 
506  304 
507  274 
507  464 
507  65 
507  503 
508  391 
508  465 
508  365 
508  27 
 

