1  2 
1  3 
1  4 
1  5 
1  6 
1  7 
1  8 
1  9 
1  10 
2  3 
2  4 
2  5 
2  6 
2  7 
2  8 
2  9 
2  10 
3  4 
3  5 
3  6 
3  7 
3  8 
3  9 
3  10 
4  5 
4  6 
4  7 
4  8 
4  9 
4  10 
5  6 
5  7 
5  8 
5  9 
5  10 
6  7 
6  8 
6  9 
6  10 
7  8 
7  9 
7  10 
8  9 
8  10 
9  10 
11  8 
11  10 
11  7 
11  1 
12  2 
12  8 
12  10 
12  3 
13  10 
13  1 
13  4 
13  5 
14  7 
14  12 
14  10 
14  6 
15  13 
15  6 
15  8 
15  5 
16  9 
16  6 
16  7 
16  3 
17  9 
17  3 
17  1 
17  11 
18  10 
18  11 
18  7 
18  4 
19  2 
19  8 
19  5 
19  10 
20  4 
20  12 
20  5 
20  10 
21  5 
21  13 
21  2 
21  4 
22  19 
22  4 
22  2 
22  7 
23  7 
23  3 
23  9 
23  1 
24  13 
24  4 
24  10 
24  3 
25  19 
25  1 
25  10 
25  4 
26  1 
26  7 
26  4 
26  13 
27  7 
27  16 
27  25 
27  5 
28  8 
28  3 
28  1 
28  18 
29  2 
29  25 
29  13 
29  23 
30  9 
30  22 
30  25 
30  2 
31  13 
31  6 
31  4 
31  3 
32  16 
32  6 
32  11 
32  15 
33  32 
33  1 
33  5 
33  9 
34  2 
34  10 
34  7 
34  33 
35  5 
35  13 
35  11 
35  2 
36  35 
36  7 
36  20 
36  5 
37  3 
37  4 
37  9 
37  6 
38  10 
38  12 
38  3 
38  5 
39  35 
39  29 
39  7 
39  26 
40  23 
40  19 
40  10 
40  16 
41  33 
41  31 
41  10 
41  3 
42  10 
42  41 
42  2 
42  4 
43  16 
43  9 
43  1 
43  5 
44  4 
44  3 
44  13 
44  5 
45  16 
45  29 
45  3 
45  4 
46  8 
46  15 
46  5 
46  1 
47  22 
47  2 
47  32 
47  19 
48  9 
48  5 
48  4 
48  26 
49  7 
49  22 
49  4 
49  10 
50  21 
50  45 
50  36 
50  3 
51  7 
51  2 
51  40 
51  44 
52  6 
52  22 
52  13 
52  5 
53  4 
53  2 
53  52 
53  13 
54  48 
54  2 
54  6 
54  3 
55  52 
55  20 
55  7 
55  10 
56  24 
56  15 
56  3 
56  53 
57  19 
57  12 
57  9 
57  4 
58  26 
58  4 
58  19 
58  11 
59  49 
59  35 
59  5 
59  4 
60  7 
60  39 
60  56 
60  3 
61  9 
61  33 
61  40 
61  28 
62  4 
62  23 
62  8 
62  7 
63  62 
63  23 
63  49 
63  57 
64  18 
64  2 
64  11 
64  13 
65  52 
65  40 
65  54 
65  16 
66  52 
66  39 
66  7 
66  3 
67  14 
67  22 
67  4 
67  7 
68  47 
68  2 
68  26 
68  10 
69  2 
69  11 
69  13 
69  9 
70  43 
70  4 
70  2 
70  23 
71  6 
71  61 
71  10 
71  45 
72  22 
72  7 
72  11 
72  64 
73  8 
73  4 
73  3 
73  12 
74  34 
74  23 
74  2 
74  3 
75  15 
75  44 
75  5 
75  25 
76  8 
76  20 
76  5 
76  6 
77  2 
77  3 
77  19 
77  7 
78  56 
78  30 
78  1 
78  5 
79  4 
79  64 
79  43 
79  53 
80  9 
80  41 
80  13 
80  26 
81  51 
81  55 
81  50 
81  36 
82  6 
82  7 
82  75 
82  33 
83  9 
83  2 
83  7 
83  6 
84  62 
84  4 
84  26 
84  12 
85  77 
85  50 
85  32 
85  3 
86  28 
86  10 
86  62 
86  37 
87  21 
87  13 
87  76 
87  49 
88  67 
88  58 
88  22 
88  73 
89  68 
89  2 
89  35 
89  84 
90  52 
90  3 
90  64 
90  25 
91  76 
91  32 
91  33 
91  18 
92  7 
92  34 
92  84 
92  10 
93  86 
93  4 
93  7 
93  61 
94  23 
94  36 
94  1 
94  14 
95  18 
95  26 
95  6 
95  10 
96  31 
96  5 
96  18 
96  13 
97  23 
97  2 
97  40 
97  18 
98  4 
98  12 
98  9 
98  77 
99  58 
99  46 
99  27 
99  13 
100  86 
100  24 
100  43 
100  2 
101  47 
101  7 
101  6 
101  10 
102  98 
102  57 
102  35 
102  9 
103  4 
103  15 
103  82 
103  10 
104  52 
104  90 
104  64 
104  84 
105  12 
105  54 
105  3 
105  7 
106  77 
106  50 
106  36 
106  13 
107  86 
107  59 
107  43 
107  5 
108  2 
108  22 
108  23 
108  13 
109  62 
109  40 
109  105 
109  2 
110  53 
110  48 
110  97 
110  31 
111  6 
111  80 
111  35 
111  63 
112  106 
112  23 
112  86 
112  1 
113  22 
113  5 
113  3 
113  93 
114  10 
114  8 
114  31 
114  83 
115  83 
115  2 
115  114 
115  7 
116  40 
116  91 
116  5 
116  2 
117  23 
117  9 
117  48 
117  85 
118  13 
118  7 
118  3 
118  43 
119  3 
119  4 
119  26 
119  79 
120  20 
120  75 
120  1 
120  7 
121  1 
121  117 
121  34 
121  10 
122  29 
122  2 
122  58 
122  68 
123  29 
123  18 
123  75 
123  94 
124  40 
124  26 
124  29 
124  3 
125  17 
125  7 
125  5 
125  61 
126  7 
126  48 
126  87 
126  98 
127  16 
127  2 
127  21 
127  6 
128  8 
128  4 
128  13 
128  30 
129  8 
129  83 
129  13 
129  82 
130  3 
130  78 
130  4 
130  13 
131  35 
131  25 
131  9 
131  2 
132  6 
132  64 
132  3 
132  16 
133  25 
133  2 
133  12 
133  31 
134  12 
134  59 
134  4 
134  10 
135  71 
135  1 
135  35 
135  7 
136  86 
136  107 
136  5 
136  3 
137  23 
137  6 
137  2 
137  9 
138  70 
138  20 
138  73 
138  22 
139  10 
139  61 
139  79 
139  13 
140  94 
140  27 
140  134 
140  2 
141  1 
141  99 
141  54 
141  2 
142  3 
142  6 
142  84 
142  13 
143  59 
143  23 
143  3 
143  25 
144  10 
144  15 
144  45 
144  29 
145  99 
145  50 
145  120 
145  7 
146  6 
146  30 
146  4 
146  111 
147  68 
147  53 
147  45 
147  9 
148  2 
148  42 
148  3 
148  41 
149  75 
149  5 
149  2 
149  134 
150  22 
150  13 
150  29 
150  4 
151  130 
151  119 
151  3 
151  53 
152  14 
152  8 
152  85 
152  5 
153  7 
153  67 
153  1 
153  101 
154  133 
154  10 
154  5 
154  52 
155  5 
155  85 
155  130 
155  89 
156  4 
156  7 
156  90 
156  114 
157  71 
157  141 
157  44 
157  59 
158  153 
158  67 
158  10 
158  2 
159  19 
159  10 
159  5 
159  13 
160  2 
160  10 
160  111 
160  7 
161  62 
161  156 
161  46 
161  22 
162  23 
162  150 
162  22 
162  156 
163  71 
163  62 
163  81 
163  112 
164  2 
164  76 
164  4 
164  107 
165  115 
165  68 
165  8 
165  74 
166  11 
166  4 
166  50 
166  17 
167  87 
167  29 
167  35 
167  63 
168  138 
168  102 
168  62 
168  97 
169  63 
169  97 
169  40 
169  54 
170  138 
170  150 
170  11 
170  59 
171  105 
171  27 
171  56 
171  25 
172  11 
172  2 
172  151 
172  15 
173  109 
173  149 
173  7 
173  6 
174  130 
174  15 
174  88 
174  10 
175  51 
175  116 
175  1 
175  150 
176  133 
176  6 
176  89 
176  12 
177  65 
177  42 
177  36 
177  17 
178  40 
178  19 
178  6 
178  58 
179  8 
179  97 
179  4 
179  1 
180  52 
180  2 
180  16 
180  13 
181  13 
181  6 
181  61 
181  73 
182  3 
182  164 
182  9 
182  155 
183  10 
183  172 
183  117 
183  108 
184  145 
184  13 
184  19 
184  138 
185  35 
185  117 
185  20 
185  90 
186  35 
186  87 
186  165 
186  181 
187  4 
187  105 
187  62 
187  3 
188  8 
188  152 
188  119 
188  2 
189  13 
189  62 
189  105 
189  12 
190  39 
190  9 
190  88 
190  4 
191  44 
191  35 
191  3 
191  4 
192  12 
192  25 
192  143 
192  164 
193  2 
193  46 
193  188 
193  61 
194  6 
194  2 
194  4 
194  14 
195  52 
195  180 
195  62 
195  43 
196  154 
196  5 
196  22 
196  3 
197  188 
197  107 
197  184 
197  196 
198  7 
198  96 
198  190 
198  5 
199  65 
199  80 
199  52 
199  111 
200  111 
200  75 
200  3 
200  48 
1  201 
1  202 
1  203 
1  204 
2  201 
2  202 
2  203 
2  205 
2  204 
3  206 
3  201 
3  203 
3  205 
3  207 
4  201 
4  202 
4  205 
5  206 
5  202 
5  203 
5  207 
5  204 
6  202 
6  205 
6  208 
7  201 
7  203 
7  208 
7  204 
8  206 
8  202 
8  203 
8  205 
8  204 
9  201 
9  202 
9  207 
9  204 
10  206 
10  202 
10  203 
10  205 
10  207 
10  208 
11  201 
11  202 
11  203 
11  205 
11  207 
11  204 
12  206 
12  201 
12  202 
12  203 
12  207 
12  208 
12  204 
13  202 
13  203 
13  208 
13  204 
14  206 
14  203 
14  205 
14  204 
15  201 
15  202 
15  203 
15  207 
15  204 
16  202 
16  207 
16  208 
17  206 
17  201 
17  202 
17  205 
17  207 
17  204 
18  202 
18  207 
18  208 
18  204 
19  202 
19  203 
19  207 
20  206 
20  202 
20  203 
20  207 
21  201 
21  205 
21  204 
22  206 
22  207 
22  204 
23  201 
23  203 
23  207 
23  208 
24  203 
24  207 
24  208 
25  206 
25  201 
25  203 
26  201 
26  203 
26  205 
26  207 
26  208 
27  202 
27  205 
27  204 
28  206 
28  202 
28  203 
28  205 
28  207 
28  208 
28  204 
29  202 
29  204 
30  201 
30  202 
30  203 
30  205 
31  206 
31  201 
31  207 
32  206 
32  208 
33  206 
33  201 
33  202 
33  203 
33  205 
33  204 
34  206 
34  201 
34  205 
35  206 
35  203 
35  205 
35  208 
35  204 
36  206 
36  203 
36  208 
36  204 
37  206 
37  201 
37  203 
37  205 
37  207 
37  208 
38  201 
38  202 
38  205 
38  204 
39  206 
39  202 
39  203 
39  207 
39  208 
40  206 
40  205 
40  208 
40  204 
41  203 
41  205 
41  208 
42  202 
42  205 
42  207 
42  204 
43  201 
43  205 
43  208 
43  204 
44  206 
44  201 
44  202 
44  207 
44  204 
45  206 
45  201 
45  202 
45  203 
45  205 
45  207 
45  208 
45  204 
46  201 
46  202 
47  206 
47  203 
47  205 
47  207 
48  206 
48  202 
48  207 
49  206 
49  201 
49  205 
49  208 
49  204 
50  203 
50  205 
50  207 
50  208 
206  201 
201  202 
202  203 
203  205 
205  207 
207  208 
208  204 
206  203 
206  207 
201  203 
201  207 
205  206 
205  201 
208  206 
208  201 
208  202 
204  206 
204  201 
204  202 
51  206 
51  201 
51  207 
51  204 
52  201 
52  207 
53  206 
53  203 
53  205 
53  207 
53  204 
209  126 
209  162 
209  20 
209  194 
210  38 
210  6 
210  16 
210  183 
211  91 
211  183 
211  170 
211  46 
212  149 
212  41 
212  84 
212  143 
213  170 
213  212 
213  5 
213  105 
214  193 
214  33 
214  21 
214  2 
215  41 
215  112 
215  214 
215  198 
216  154 
216  79 
216  4 
216  117 
217  52 
217  7 
217  76 
217  215 
218  212 
218  186 
218  26 
218  156 
219  216 
219  49 
219  97 
219  27 
220  107 
220  33 
220  81 
220  218 
221  83 
221  30 
221  149 
221  211 
222  170 
222  214 
222  18 
222  24 
223  214 
223  18 
223  133 
223  4 
224  50 
224  221 
224  54 
224  18 
225  52 
225  215 
225  213 
225  40 
226  214 
226  136 
226  32 
226  2 
227  76 
227  18 
227  225 
227  32 
228  16 
228  63 
228  215 
228  26 
54  206 
54  201 
54  202 
54  207 
54  208 
55  206 
55  201 
55  203 
55  205 
55  207 
55  208 
55  204 
56  206 
56  205 
56  207 
57  206 
57  202 
57  203 
58  201 
58  207 
58  208 
229  160 
229  8 
229  190 
229  40 
230  123 
230  45 
230  36 
230  125 
231  194 
231  227 
231  151 
231  22 
232  72 
232  210 
232  176 
232  92 
233  104 
233  202 
233  44 
233  53 
234  71 
234  121 
234  20 
234  48 
235  7 
235  90 
235  55 
235  35 
236  5 
236  164 
236  21 
236  229 
237  164 
237  98 
237  69 
237  92 
238  3 
238  77 
238  230 
238  148 
239  235 
239  126 
239  225 
239  233 
240  17 
240  171 
240  229 
240  44 
241  50 
241  71 
241  126 
241  240 
242  37 
242  47 
242  217 
242  170 
243  187 
243  126 
243  113 
243  87 
244  191 
244  143 
244  12 
244  105 
245  178 
245  1 
245  204 
245  237 
246  237 
246  229 
246  223 
246  110 
247  191 
247  19 
247  225 
247  159 
248  61 
248  49 
248  229 
248  214 
59  206 
59  203 
59  207 
59  208 
60  207 
60  204 
61  206 
61  202 
61  207 
61  204 
62  206 
62  202 
62  207 
62  208 
62  204 
63  201 
63  205 
63  208 
249  41 
249  214 
249  44 
249  13 
250  65 
250  11 
250  134 
250  74 
251  235 
251  31 
251  220 
251  77 
252  98 
252  135 
252  128 
252  162 
253  114 
253  74 
253  140 
253  134 
254  126 
254  142 
254  134 
254  220 
255  102 
255  127 
255  244 
255  68 
256  170 
256  231 
256  195 
256  158 
257  114 
257  31 
257  231 
257  48 
258  102 
258  199 
258  170 
258  43 
259  173 
259  90 
259  26 
259  256 
260  121 
260  125 
260  74 
260  252 
261  16 
261  236 
261  54 
261  22 
262  127 
262  113 
262  256 
262  49 
263  103 
263  241 
263  218 
263  123 
264  248 
264  230 
264  262 
264  232 
265  256 
265  252 
265  16 
265  178 
266  115 
266  209 
266  257 
266  18 
267  180 
267  125 
267  251 
267  212 
268  176 
268  266 
268  102 
268  242 
64  202 
64  203 
64  204 
65  202 
65  203 
65  207 
65  208 
65  204 
66  203 
66  207 
66  204 
67  202 
67  203 
67  205 
67  204 
1  269 
3  269 
4  269 
5  269 
6  269 
7  269 
8  269 
9  269 
10  269 
11  269 
12  269 
14  269 
16  269 
17  269 
22  269 
23  269 
24  269 
27  269 
28  269 
29  269 
30  269 
31  269 
32  269 
33  269 
38  269 
42  269 
43  269 
44  269 
47  269 
50  269 
52  269 
53  269 
57  269 
58  269 
59  269 
65  269 
66  269 
202  206 
202  207 
203  204 
205  202 
205  208 
207  204 
204  205 
269  201 
269  205 
269  204 
270  247 
270  73 
270  28 
270  246 
271  54 
271  4 
271  17 
271  99 
272  31 
272  162 
272  24 
272  65 
273  234 
273  120 
273  232 
273  153 
274  61 
274  273 
274  84 
274  65 
275  259 
275  177 
275  234 
275  223 
276  58 
276  48 
276  273 
276  149 
277  250 
277  108 
277  145 
277  162 
278  200 
278  117 
278  212 
278  95 
279  24 
279  111 
279  18 
279  171 
280  164 
280  7 
280  10 
280  221 
281  240 
281  266 
281  78 
281  188 
282  220 
282  47 
282  277 
282  88 
283  222 
283  85 
283  164 
283  187 
284  114 
284  2 
284  155 
284  92 
285  133 
285  139 
285  108 
285  92 
286  275 
286  258 
286  201 
286  4 
287  209 
287  278 
287  280 
287  272 
288  131 
288  137 
288  95 
288  158 
289  199 
289  233 
289  95 
289  271 
68  203 
68  204 
68  269 
290  1 
290  116 
290  84 
290  33 
291  7 
291  199 
291  12 
291  182 
292  119 
292  180 
292  6 
292  111 
293  113 
293  65 
293  236 
293  199 
294  55 
294  201 
294  171 
294  176 
295  69 
295  186 
295  65 
295  55 
296  238 
296  237 
296  261 
296  55 
297  31 
297  200 
297  149 
297  199 
298  276 
298  60 
298  13 
298  91 
299  220 
299  56 
299  39 
299  24 
300  270 
300  286 
300  186 
300  295 
301  194 
301  4 
301  47 
301  148 
302  246 
302  291 
302  201 
302  25 
303  13 
303  181 
303  297 
303  293 
304  93 
304  52 
304  303 
304  256 
305  13 
305  30 
305  4 
305  292 
306  108 
306  299 
306  165 
306  304 
307  294 
307  94 
307  244 
307  299 
308  150 
308  201 
308  198 
308  274 
309  135 
309  138 
309  220 
309  305 
69  206 
69  201 
69  205 
69  207 
69  204 
70  206 
70  201 
70  202 
70  205 
70  204 
71  201 
71  203 
71  208 
71  204 
72  201 
72  202 
72  208 
72  204 
72  269 
73  205 
73  208 
73  204 
310  308 
310  19 
310  118 
310  249 
311  180 
311  289 
311  101 
311  98 
312  240 
312  129 
312  294 
312  77 
313  40 
313  217 
313  273 
313  194 
314  25 
314  116 
314  27 
314  147 
315  23 
315  311 
315  100 
315  192 
316  70 
316  217 
316  23 
316  260 
317  216 
317  210 
317  112 
317  315 
318  259 
318  17 
318  135 
318  19 
319  13 
319  48 
319  170 
319  292 
320  87 
320  262 
320  265 
320  142 
321  56 
321  311 
321  216 
321  110 
322  142 
322  234 
322  178 
322  218 
323  202 
323  135 
323  310 
323  112 
324  170 
324  167 
324  210 
324  3 
325  231 
325  17 
325  317 
325  186 
326  127 
326  313 
326  286 
326  134 
327  179 
327  98 
327  310 
327  62 
328  150 
328  299 
328  217 
328  146 
329  93 
329  135 
329  172 
329  133 
74  206 
74  201 
74  202 
74  203 
74  205 
74  207 
74  208 
74  204 
74  269 
75  202 
75  203 
76  203 
76  205 
76  207 
76  208 
330  235 
330  26 
330  254 
330  2 
331  219 
331  22 
331  214 
331  208 
332  219 
332  218 
332  169 
332  262 
333  23 
333  76 
333  209 
333  238 
334  57 
334  280 
334  183 
334  55 
335  77 
335  334 
335  127 
335  330 
336  36 
336  85 
336  329 
336  18 
337  246 
337  213 
337  310 
337  7 
338  23 
338  53 
338  141 
338  46 
339  198 
339  100 
339  138 
339  304 
340  334 
340  185 
340  339 
340  118 
341  303 
341  150 
341  85 
341  46 
342  149 
342  104 
342  158 
342  77 
343  340 
343  289 
343  190 
343  118 
344  65 
344  209 
344  43 
344  198 
345  338 
345  184 
345  25 
345  232 
346  152 
346  209 
346  242 
346  328 
347  343 
347  228 
347  157 
347  22 
348  83 
348  289 
348  257 
348  291 
349  336 
349  286 
349  130 
349  110 
77  202 
77  205 
77  269 
78  201 
78  207 
78  208 
78  204 
78  269 
79  201 
79  205 
79  207 
80  202 
80  207 
80  269 
350  11 
350  22 
350  180 
350  226 
351  283 
351  30 
351  306 
351  212 
352  224 
352  16 
352  120 
352  351 
353  336 
353  266 
353  328 
353  23 
354  33 
354  53 
354  133 
354  304 
355  20 
355  108 
355  63 
355  67 
356  159 
356  243 
356  271 
356  332 
357  325 
357  99 
357  115 
357  42 
358  266 
358  89 
358  299 
358  127 
359  324 
359  22 
359  118 
359  351 
360  99 
360  76 
360  299 
360  355 
361  120 
361  349 
361  182 
361  135 
362  268 
362  204 
362  257 
362  277 
363  257 
363  230 
363  304 
363  359 
364  6 
364  153 
364  51 
364  50 
365  22 
365  192 
365  87 
365  130 
366  197 
366  216 
366  104 
366  364 
367  249 
367  58 
367  362 
367  229 
368  323 
368  173 
368  55 
368  110 
369  102 
369  227 
369  289 
369  6 
81  207 
370  299 
370  46 
370  166 
370  220 
371  302 
371  296 
371  46 
371  85 
372  88 
372  247 
372  350 
372  102 
373  64 
373  34 
373  163 
373  171 
374  307 
374  169 
374  34 
374  171 
375  143 
375  236 
375  363 
375  43 
376  318 
376  161 
376  205 
376  311 
377  131 
377  260 
377  4 
377  143 
378  161 
378  351 
378  140 
378  27 
379  139 
379  195 
379  63 
379  44 
380  194 
380  168 
380  12 
380  188 
381  300 
381  267 
381  379 
381  152 
382  374 
382  86 
382  60 
382  320 
383  310 
383  131 
383  299 
383  217 
384  47 
384  194 
384  105 
384  308 
385  288 
385  74 
385  376 
385  309 
386  48 
386  110 
386  85 
386  222 
387  47 
387  287 
387  101 
387  79 
388  53 
388  268 
388  191 
388  377 
389  374 
389  382 
389  350 
389  104 
82  206 
82  203 
82  204 
82  269 
390  19 
390  130 
390  313 
390  281 
391  255 
391  353 
391  121 
391  248 
392  154 
392  188 
392  314 
392  250 
393  320 
393  14 
393  117 
393  61 
394  185 
394  78 
394  99 
394  214 
395  305 
395  67 
395  190 
395  295 
396  61 
396  388 
396  218 
396  381 
397  227 
397  190 
397  382 
397  136 
398  275 
398  265 
398  69 
398  59 
399  62 
399  145 
399  93 
399  233 
400  294 
400  19 
400  39 
400  190 
401  393 
401  392 
401  371 
401  361 
402  146 
402  65 
402  314 
402  398 
403  191 
403  18 
403  387 
403  392 
404  4 
404  281 
404  231 
404  390 
405  59 
405  294 
405  403 
405  328 
406  361 
406  377 
406  81 
406  158 
407  26 
407  4 
407  231 
407  374 
408  401 
408  369 
408  154 
408  57 
409  394 
409  391 
409  86 
409  405 
83  205 
83  207 
83  208 
83  204 
83  269 
84  202 
84  203 
84  208 
85  206 
85  202 
85  203 
85  205 
85  207 
85  204 
85  269 
86  201 
86  202 
86  203 
86  205 
86  207 
410  106 
410  283 
410  195 
410  331 
411  136 
411  372 
411  285 
411  15 
412  410 
412  386 
412  162 
412  376 
413  219 
413  60 
413  332 
413  377 
414  67 
414  280 
414  172 
414  85 
415  103 
415  275 
415  175 
415  276 
416  240 
416  314 
416  18 
416  190 
417  218 
417  357 
417  135 
417  175 
418  277 
418  96 
418  156 
418  245 
419  172 
419  183 
419  392 
419  154 
420  384 
420  368 
420  296 
420  334 
421  209 
421  416 
421  410 
421  143 
422  415 
422  412 
422  213 
422  74 
423  134 
423  26 
423  299 
423  143 
424  371 
424  125 
424  262 
424  404 
425  146 
425  352 
425  174 
425  302 
426  352 
426  376 
426  67 
426  306 
427  369 
427  193 
427  241 
427  99 
428  308 
428  403 
428  78 
428  424 
429  122 
429  238 
429  190 
429  60 
87  206 
87  203 
87  207 
87  204 
87  269 
88  206 
88  201 
88  202 
88  207 
88  204 
430  331 
430  312 
430  391 
430  321 
431  213 
431  376 
431  414 
431  346 
432  37 
432  96 
432  15 
432  183 
433  7 
433  221 
433  315 
433  293 
434  364 
434  183 
434  217 
434  176 
435  114 
435  157 
435  341 
435  166 
436  2 
436  78 
436  152 
436  227 
437  55 
437  223 
437  171 
437  98 
438  276 
438  3 
438  37 
438  278 
439  78 
439  73 
439  22 
439  395 
440  408 
440  221 
440  364 
440  276 
441  408 
441  433 
441  174 
441  37 
442  369 
442  295 
442  38 
442  299 
443  387 
443  185 
443  327 
443  38 
444  152 
444  443 
444  440 
444  441 
445  271 
445  375 
445  285 
445  19 
446  208 
446  217 
446  303 
446  64 
447  323 
447  116 
447  96 
447  222 
448  122 
448  109 
448  182 
448  435 
449  350 
449  96 
449  365 
449  126 
89  206 
89  201 
89  202 
89  203 
90  202 
90  207 
91  206 
91  201 
91  202 
91  207 
91  208 
91  269 
92  202 
92  208 
450  346 
450  140 
450  338 
450  39 
451  108 
451  439 
451  360 
451  305 
452  159 
452  129 
452  214 
452  276 
453  177 
453  280 
453  350 
453  426 
454  68 
454  213 
454  114 
454  138 
455  104 
455  66 
455  371 
455  381 
456  247 
456  25 
456  380 
456  83 
457  254 
457  447 
457  66 
457  390 
458  409 
458  99 
458  135 
458  304 
459  88 
459  254 
459  328 
459  451 
460  434 
460  252 
460  455 
460  433 
461  400 
461  193 
461  154 
461  146 
462  141 
462  345 
462  414 
462  328 
463  89 
463  460 
463  162 
463  103 
464  251 
464  349 
464  338 
464  200 
465  265 
465  251 
465  304 
465  412 
466  254 
466  362 
466  339 
466  120 
467  338 
467  157 
467  227 
467  351 
468  157 
468  279 
468  130 
468  328 
469  74 
469  318 
469  439 
469  342 
93  206 
93  201 
93  202 
93  205 
93  207 
93  208 
470  104 
470  173 
470  140 
470  268 
471  326 
471  261 
471  161 
471  102 
472  103 
472  9 
472  386 
472  179 
473  177 
473  452 
473  234 
473  122 
474  439 
474  182 
474  471 
474  122 
475  156 
475  406 
475  152 
475  124 
476  6 
476  467 
476  149 
476  189 
477  234 
477  384 
477  174 
477  157 
478  101 
478  459 
478  277 
478  264 
479  387 
479  24 
479  289 
479  475 
480  223 
480  119 
480  314 
480  299 
481  370 
481  299 
481  91 
481  212 
482  130 
482  472 
482  477 
482  172 
483  479 
483  469 
483  387 
483  471 
484  88 
484  394 
484  8 
484  228 
485  480 
485  410 
485  202 
485  478 
486  180 
486  214 
486  118 
486  217 
487  42 
487  344 
487  246 
487  482 
488  336 
488  84 
488  324 
488  81 
489  291 
489  417 
489  192 
489  166 
94  205 
94  208 
94  269 
95  203 
95  205 
95  269 
96  206 
96  201 
96  202 
96  203 
96  205 
96  208 
96  204 
97  206 
97  202 
97  208 
97  204 
97  269 
98  201 
98  203 
98  205 
490  382 
490  120 
490  28 
490  223 
491  328 
491  411 
491  246 
491  338 
492  353 
492  279 
492  20 
492  134 
493  325 
493  133 
493  427 
493  62 
494  336 
494  178 
494  184 
494  159 
495  153 
495  401 
495  251 
495  5 
496  487 
496  204 
496  456 
496  148 
497  274 
497  270 
497  64 
497  335 
498  493 
498  474 
498  410 
498  332 
499  4 
499  37 
499  39 
499  413 
500  150 
500  148 
500  357 
500  34 
501  11 
501  493 
501  315 
501  196 
502  435 
502  139 
502  62 
502  152 
503  452 
503  239 
503  311 
503  11 
504  404 
504  395 
504  490 
504  449 
505  378 
505  5 
505  503 
505  501 
506  472 
506  323 
506  432 
506  45 
507  64 
507  404 
507  502 
507  83 
508  447 
508  119 
508  466 
508  160 
509  18 
509  34 
509  422 
509  54 
99  206 
99  201 
99  205 
99  207 
99  208 
99  204 
100  206 
100  201 
100  202 
100  203 
100  205 
100  204 
510  57 
510  143 
510  299 
510  118 
511  18 
511  78 
511  93 
511  412 
512  379 
512  99 
512  220 
512  98 
513  365 
513  491 
513  247 
513  494 
514  96 
514  202 
514  331 
514  451 
515  165 
515  120 
515  426 
515  43 
516  458 
516  260 
516  426 
516  236 
517  123 
517  91 
517  92 
517  37 
518  358 
518  77 
518  70 
518  482 
519  169 
519  379 
519  83 
519  403 
520  49 
520  425 
520  79 
520  33 
521  57 
521  285 
521  393 
521  216 
522  379 
522  510 
522  202 
522  20 
523  229 
523  169 
523  459 
523  521 
524  430 
524  400 
524  212 
524  514 
525  280 
525  43 
525  206 
525  426 
526  37 
526  440 
526  397 
526  379 
527  91 
527  379 
527  374 
527  352 
528  509 
528  413 
528  431 
528  249 
529  383 
529  482 
529  520 
529  50 
 

