1  2 
1  3 
1  4 
1  5 
1  6 
1  7 
1  8 
1  9 
1  10 
2  3 
2  4 
2  5 
2  6 
2  7 
2  8 
2  9 
2  10 
3  4 
3  5 
3  6 
3  7 
3  8 
3  9 
3  10 
4  5 
4  6 
4  7 
4  8 
4  9 
4  10 
5  6 
5  7 
5  8 
5  9 
5  10 
6  7 
6  8 
6  9 
6  10 
7  8 
7  9 
7  10 
8  9 
8  10 
9  10 
11  10 
11  3 
11  4 
11  8 
12  4 
12  5 
12  9 
12  6 
13  5 
13  7 
13  10 
13  9 
14  3 
14  10 
14  1 
14  8 
15  11 
15  2 
15  13 
15  12 
16  9 
16  5 
16  10 
16  2 
17  6 
17  15 
17  5 
17  7 
18  7 
18  9 
18  11 
18  6 
19  5 
19  12 
19  3 
19  8 
20  2 
20  5 
20  8 
20  4 
21  19 
21  18 
21  2 
21  4 
22  3 
22  7 
22  6 
22  9 
23  2 
23  3 
23  12 
23  9 
24  4 
24  11 
24  5 
24  1 
25  18 
25  2 
25  4 
25  5 
26  2 
26  11 
26  9 
26  7 
27  9 
27  13 
27  6 
27  10 
28  1 
28  9 
28  3 
28  10 
29  10 
29  16 
29  15 
29  18 
30  3 
30  28 
30  15 
30  12 
31  4 
31  7 
31  22 
31  16 
32  16 
32  28 
32  18 
32  19 
33  13 
33  3 
33  16 
33  12 
34  12 
34  28 
34  2 
34  33 
35  9 
35  32 
35  14 
35  2 
36  5 
36  12 
36  30 
36  27 
37  20 
37  18 
37  9 
37  7 
38  33 
38  26 
38  15 
38  7 
39  32 
39  9 
39  33 
39  23 
40  25 
40  27 
40  18 
40  35 
41  9 
41  11 
41  30 
41  10 
42  27 
42  16 
42  18 
42  13 
43  30 
43  12 
43  9 
43  20 
44  41 
44  30 
44  26 
44  7 
45  19 
45  6 
45  3 
45  9 
46  44 
46  4 
46  12 
46  18 
47  9 
47  7 
47  19 
47  2 
48  23 
48  24 
48  7 
48  2 
49  45 
49  2 
49  12 
49  18 
50  14 
50  35 
50  30 
50  26 
51  13 
51  18 
51  10 
51  5 
52  2 
52  30 
52  23 
52  17 
53  15 
53  18 
53  19 
53  9 
54  21 
54  8 
54  6 
54  26 
55  9 
55  4 
55  19 
55  15 
56  26 
56  1 
56  10 
56  16 
57  9 
57  35 
57  11 
57  21 
58  41 
58  7 
58  30 
58  47 
59  5 
59  15 
59  44 
59  10 
60  4 
60  10 
60  5 
60  44 
61  16 
61  8 
61  20 
61  9 
62  6 
62  16 
62  44 
62  5 
63  12 
63  30 
63  26 
63  6 
64  19 
64  13 
64  63 
64  50 
65  13 
65  1 
65  10 
65  5 
66  3 
66  8 
66  6 
66  18 
67  13 
67  9 
67  54 
67  7 
68  15 
68  13 
68  7 
68  35 
69  5 
69  26 
69  4 
69  22 
70  14 
70  12 
70  9 
70  7 
71  10 
71  14 
71  18 
71  48 
72  51 
72  24 
72  42 
72  13 
73  15 
73  55 
73  59 
73  27 
74  6 
74  35 
74  24 
74  2 
75  14 
75  21 
75  19 
75  26 
76  4 
76  38 
76  16 
76  13 
77  19 
77  1 
77  22 
77  10 
78  51 
78  2 
78  74 
78  48 
79  70 
79  63 
79  8 
79  9 
80  4 
80  35 
80  8 
80  5 
81  72 
81  66 
81  73 
81  14 
82  10 
82  3 
82  6 
82  59 
83  3 
83  2 
83  49 
83  8 
84  9 
84  72 
84  65 
84  27 
85  4 
85  36 
85  14 
85  2 
86  1 
86  9 
86  74 
86  10 
87  62 
87  38 
87  1 
87  30 
88  85 
88  14 
88  15 
88  61 
89  3 
89  51 
89  88 
89  74 
90  9 
90  7 
90  23 
90  15 
91  19 
91  3 
91  9 
91  12 
92  7 
92  9 
92  3 
92  61 
93  54 
93  92 
93  69 
93  14 
94  10 
94  14 
94  1 
94  6 
95  14 
95  7 
95  74 
95  1 
96  34 
96  64 
96  82 
96  4 
97  49 
97  15 
97  10 
97  93 
98  2 
98  5 
98  62 
98  31 
99  21 
99  10 
99  20 
99  7 
100  17 
100  74 
100  54 
100  55 
101  10 
101  8 
101  38 
101  69 
102  32 
102  81 
102  20 
102  12 
103  99 
103  7 
103  36 
103  68 
104  99 
104  97 
104  89 
104  63 
105  104 
105  46 
105  2 
105  44 
106  12 
106  72 
106  10 
106  33 
107  73 
107  103 
107  15 
107  7 
108  5 
108  69 
108  85 
108  11 
109  5 
109  30 
109  49 
109  62 
110  46 
110  15 
110  82 
110  28 
111  12 
111  35 
111  81 
111  36 
112  34 
112  3 
112  27 
112  4 
113  38 
113  32 
113  50 
113  78 
114  25 
114  6 
114  52 
114  105 
115  5 
115  112 
115  44 
115  106 
116  12 
116  44 
116  6 
116  25 
117  47 
117  2 
117  7 
117  9 
118  7 
118  45 
118  24 
118  8 
119  85 
119  33 
119  9 
119  18 
120  45 
120  90 
120  58 
120  11 
121  7 
121  106 
121  14 
121  31 
122  26 
122  16 
122  7 
122  10 
123  9 
123  5 
123  55 
123  98 
124  3 
124  57 
124  4 
124  32 
125  25 
125  12 
125  9 
125  32 
126  52 
126  1 
126  76 
126  11 
127  10 
127  101 
127  5 
127  63 
128  43 
128  76 
128  20 
128  100 
129  64 
129  101 
129  45 
129  123 
130  45 
130  121 
130  2 
130  41 
131  9 
131  91 
131  93 
131  49 
132  16 
132  2 
132  80 
132  55 
133  19 
133  9 
133  7 
133  64 
134  45 
134  13 
134  16 
134  73 
135  104 
135  74 
135  6 
135  15 
136  90 
136  6 
136  64 
136  107 
137  38 
137  63 
137  92 
137  28 
138  94 
138  2 
138  104 
138  19 
139  6 
139  42 
139  4 
139  25 
140  42 
140  30 
140  69 
140  6 
141  39 
141  123 
141  109 
141  121 
142  78 
142  25 
142  136 
142  2 
143  14 
143  78 
143  2 
143  7 
144  52 
144  59 
144  131 
144  19 
145  90 
145  63 
145  12 
145  18 
146  110 
146  7 
146  71 
146  38 
147  95 
147  80 
147  25 
147  5 
148  13 
148  16 
148  2 
148  41 
149  42 
149  117 
149  125 
149  35 
150  38 
150  143 
150  92 
150  78 
151  5 
151  64 
151  62 
151  29 
152  77 
152  63 
152  127 
152  141 
153  2 
153  9 
153  27 
153  45 
154  69 
154  86 
154  3 
154  80 
155  44 
155  27 
155  68 
155  55 
156  62 
156  18 
156  82 
156  3 
157  28 
157  108 
157  2 
157  18 
158  64 
158  99 
158  6 
158  122 
159  9 
159  4 
159  51 
159  81 
160  39 
160  3 
160  35 
160  113 
161  63 
161  10 
161  48 
161  137 
162  127 
162  133 
162  89 
162  49 
163  2 
163  57 
163  12 
163  1 
164  12 
164  105 
164  9 
164  94 
165  103 
165  69 
165  8 
165  27 
166  17 
166  149 
166  2 
166  45 
167  44 
167  41 
167  13 
167  30 
168  41 
168  59 
168  93 
168  46 
169  62 
169  45 
169  88 
169  50 
170  79 
170  87 
170  6 
170  4 
171  92 
171  105 
171  48 
171  27 
172  67 
172  15 
172  32 
172  5 
173  162 
173  39 
173  81 
173  137 
174  5 
174  33 
174  4 
174  49 
175  30 
175  101 
175  32 
175  9 
176  32 
176  33 
176  9 
176  39 
177  133 
177  9 
177  95 
177  10 
178  24 
178  102 
178  2 
178  30 
179  3 
179  80 
179  33 
179  49 
180  90 
180  96 
180  82 
180  31 
181  33 
181  105 
181  8 
181  165 
182  1 
182  71 
182  38 
182  95 
183  47 
183  5 
183  2 
183  123 
184  133 
184  32 
184  108 
184  3 
185  44 
185  63 
185  5 
185  120 
186  84 
186  151 
186  7 
186  82 
187  2 
187  110 
187  11 
187  32 
188  4 
188  60 
188  118 
188  72 
189  105 
189  110 
189  2 
189  33 
190  1 
190  4 
190  125 
190  85 
191  26 
191  3 
191  24 
191  76 
192  14 
192  26 
192  2 
192  173 
193  93 
193  120 
193  9 
193  23 
194  9 
194  25 
194  188 
194  49 
195  63 
195  27 
195  6 
195  155 
196  19 
196  99 
196  11 
196  111 
197  72 
197  1 
197  13 
197  121 
198  63 
198  30 
198  1 
198  51 
199  37 
199  89 
199  16 
199  93 
200  189 
200  16 
200  104 
200  114 
1  201 
1  202 
1  203 
2  204 
2  205 
2  203 
3  204 
3  206 
3  207 
3  205 
3  202 
3  203 
4  207 
4  205 
4  203 
5  208 
5  206 
5  205 
5  203 
6  208 
6  201 
6  207 
6  203 
7  208 
7  201 
7  205 
8  208 
8  207 
8  202 
9  206 
9  207 
9  202 
9  203 
10  208 
10  204 
10  206 
10  202 
11  206 
11  201 
11  203 
12  204 
12  206 
12  201 
12  202 
13  206 
13  201 
13  207 
13  202 
13  203 
14  208 
14  204 
14  206 
14  201 
14  207 
14  205 
14  202 
14  203 
15  208 
15  204 
15  206 
15  207 
15  205 
15  203 
16  208 
16  204 
16  205 
16  202 
16  203 
17  208 
17  207 
17  202 
17  203 
18  204 
18  201 
18  207 
19  206 
19  205 
19  202 
20  206 
21  206 
21  203 
22  208 
22  204 
22  201 
23  208 
23  204 
23  206 
23  207 
23  203 
24  204 
24  206 
24  205 
24  202 
25  208 
25  204 
25  201 
25  205 
25  202 
25  203 
26  208 
26  204 
26  207 
26  202 
27  208 
27  204 
27  206 
27  207 
28  208 
28  204 
28  206 
28  207 
28  205 
28  202 
29  208 
29  204 
29  207 
29  203 
30  204 
30  207 
30  203 
31  208 
31  201 
31  207 
31  205 
31  202 
31  203 
32  201 
32  207 
32  203 
33  208 
33  207 
34  204 
34  206 
34  207 
34  205 
34  202 
35  208 
35  204 
35  206 
35  201 
35  207 
35  203 
36  208 
36  204 
36  206 
36  201 
36  205 
36  202 
36  203 
37  208 
37  207 
37  203 
38  206 
38  202 
39  208 
39  206 
39  201 
39  207 
39  205 
39  203 
40  208 
40  204 
40  202 
41  204 
41  206 
41  201 
41  207 
41  202 
42  204 
42  207 
42  202 
43  208 
43  206 
43  201 
43  203 
44  208 
44  204 
44  203 
45  206 
45  201 
45  207 
45  205 
45  202 
45  203 
46  204 
46  206 
46  201 
46  207 
46  202 
46  203 
47  208 
47  201 
47  207 
47  205 
47  203 
48  208 
48  201 
48  207 
49  208 
50  206 
50  207 
50  202 
208  204 
204  206 
206  201 
201  207 
207  205 
205  202 
202  203 
208  206 
208  201 
204  201 
204  207 
204  202 
206  207 
207  208 
205  208 
205  204 
205  201 
202  201 
202  207 
203  208 
203  205 
209  206 
209  140 
209  64 
209  83 
210  93 
210  65 
210  84 
210  116 
211  23 
211  201 
211  204 
211  42 
212  64 
212  47 
212  193 
212  12 
213  185 
213  186 
213  62 
213  150 
214  183 
214  184 
214  44 
214  7 
215  186 
215  84 
215  134 
215  36 
216  102 
216  21 
216  18 
216  84 
217  131 
217  23 
217  34 
217  72 
218  214 
218  197 
218  132 
218  195 
219  217 
219  77 
219  15 
219  36 
220  15 
220  60 
220  106 
220  84 
221  209 
221  185 
221  26 
221  220 
222  146 
222  190 
222  144 
222  62 
223  42 
223  36 
223  211 
223  127 
224  20 
224  79 
224  77 
224  202 
225  101 
225  222 
225  218 
225  63 
226  212 
226  153 
226  60 
226  132 
227  63 
227  150 
227  154 
227  8 
228  177 
228  60 
228  185 
228  219 
229  50 
229  73 
229  72 
229  60 
230  152 
230  228 
230  132 
230  145 
231  132 
231  7 
231  144 
231  93 
232  161 
232  9 
232  195 
232  144 
233  77 
233  221 
233  224 
233  185 
234  220 
234  134 
234  2 
234  183 
235  73 
235  148 
235  37 
235  227 
236  218 
236  129 
236  132 
236  150 
237  7 
237  144 
237  44 
237  232 
238  28 
238  24 
238  185 
238  21 
239  230 
239  53 
239  184 
239  129 
240  161 
240  183 
240  230 
240  42 
241  106 
241  70 
241  42 
241  210 
242  110 
242  71 
242  211 
242  66 
243  177 
243  131 
243  182 
243  202 
244  144 
244  34 
244  66 
244  139 
245  106 
245  78 
245  75 
245  30 
246  67 
246  132 
246  216 
246  153 
247  44 
247  181 
247  210 
247  186 
248  79 
248  15 
248  211 
248  216 
249  87 
249  5 
249  33 
249  224 
250  152 
250  241 
250  246 
250  204 
251  110 
251  210 
251  215 
251  214 
252  201 
252  1 
252  246 
252  222 
253  217 
253  220 
253  79 
253  153 
254  59 
254  244 
254  246 
254  95 
255  181 
255  137 
255  50 
255  37 
256  7 
256  172 
256  145 
256  227 
257  105 
257  8 
257  216 
257  247 
258  85 
258  224 
258  18 
258  129 
 

