1  2 
1  3 
1  4 
1  5 
1  6 
1  7 
1  8 
1  9 
1  10 
2  3 
2  4 
2  5 
2  6 
2  7 
2  8 
2  9 
2  10 
3  4 
3  5 
3  6 
3  7 
3  8 
3  9 
3  10 
4  5 
4  6 
4  7 
4  8 
4  9 
4  10 
5  6 
5  7 
5  8 
5  9 
5  10 
6  7 
6  8 
6  9 
6  10 
7  8 
7  9 
7  10 
8  9 
8  10 
9  10 
11  8 
11  10 
11  7 
11  2 
12  6 
12  7 
12  11 
12  5 
13  10 
13  7 
13  4 
13  5 
14  5 
14  6 
14  2 
14  8 
15  6 
15  3 
15  9 
15  2 
16  15 
16  13 
16  9 
16  4 
17  9 
17  11 
17  10 
17  5 
18  1 
18  15 
18  6 
18  10 
19  10 
19  2 
19  1 
19  17 
20  10 
20  3 
20  9 
20  8 
21  3 
21  13 
21  8 
21  9 
22  9 
22  10 
22  6 
22  5 
23  9 
23  4 
23  11 
23  14 
24  7 
24  14 
24  6 
24  22 
25  15 
25  2 
25  3 
25  13 
26  22 
26  12 
26  6 
26  5 
27  18 
27  25 
27  24 
27  7 
28  21 
28  8 
28  17 
28  9 
29  3 
29  20 
29  18 
29  11 
30  14 
30  3 
30  2 
30  11 
31  8 
31  3 
31  1 
31  7 
32  13 
32  12 
32  2 
32  26 
33  7 
33  10 
33  30 
33  19 
34  21 
34  5 
34  6 
34  12 
35  32 
35  28 
35  34 
35  2 
36  2 
36  4 
36  33 
36  14 
37  11 
37  16 
37  5 
37  33 
38  7 
38  18 
38  23 
38  6 
39  37 
39  2 
39  7 
39  22 
40  5 
40  7 
40  10 
40  26 
41  15 
41  14 
41  40 
41  12 
42  24 
42  31 
42  7 
42  40 
43  28 
43  11 
43  12 
43  4 
44  7 
44  1 
44  28 
44  9 
45  10 
45  17 
45  7 
45  4 
46  10 
46  9 
46  30 
46  29 
47  4 
47  10 
47  7 
47  38 
48  33 
48  23 
48  10 
48  24 
49  11 
49  10 
49  6 
49  5 
50  19 
50  38 
50  11 
50  44 
51  6 
51  7 
51  37 
51  2 
52  12 
52  6 
52  4 
52  11 
53  36 
53  7 
53  1 
53  21 
54  10 
54  50 
54  9 
54  19 
55  36 
55  17 
55  3 
55  7 
56  14 
56  6 
56  52 
56  24 
57  15 
57  38 
57  33 
57  9 
58  10 
58  4 
58  2 
58  46 
59  47 
59  48 
59  52 
59  56 
60  8 
60  52 
60  18 
60  31 
61  7 
61  60 
61  6 
61  19 
62  7 
62  49 
62  16 
62  25 
63  9 
63  17 
63  57 
63  2 
64  2 
64  22 
64  11 
64  27 
65  24 
65  9 
65  18 
65  45 
66  35 
66  43 
66  48 
66  11 
67  8 
67  34 
67  65 
67  7 
68  60 
68  9 
68  10 
68  29 
69  24 
69  38 
69  18 
69  2 
70  15 
70  52 
70  6 
70  29 
71  28 
71  59 
71  43 
71  8 
72  58 
72  33 
72  24 
72  17 
73  3 
73  32 
73  30 
73  54 
74  70 
74  51 
74  1 
74  28 
75  23 
75  16 
75  46 
75  56 
76  14 
76  22 
76  16 
76  58 
77  55 
77  15 
77  10 
77  3 
78  76 
78  35 
78  8 
78  2 
79  14 
79  36 
79  51 
79  15 
80  15 
80  3 
80  1 
80  46 
81  60 
81  54 
81  30 
81  73 
82  63 
82  56 
82  66 
82  11 
83  4 
83  32 
83  10 
83  60 
84  56 
84  25 
84  17 
84  8 
85  36 
85  16 
85  62 
85  8 
86  6 
86  57 
86  55 
86  8 
87  2 
87  56 
87  55 
87  13 
88  1 
88  75 
88  52 
88  57 
89  66 
89  37 
89  12 
89  7 
90  18 
90  2 
90  14 
90  9 
91  63 
91  71 
91  9 
91  35 
92  24 
92  8 
92  28 
92  23 
93  69 
93  89 
93  81 
93  9 
94  85 
94  64 
94  58 
94  30 
95  8 
95  51 
95  6 
95  2 
96  69 
96  82 
96  26 
96  1 
97  7 
97  8 
97  15 
97  10 
98  61 
98  8 
98  7 
98  64 
99  7 
99  11 
99  54 
99  10 
100  5 
100  37 
100  92 
100  19 
101  20 
101  69 
101  59 
101  22 
102  7 
102  2 
102  21 
102  6 
103  10 
103  34 
103  7 
103  20 
104  6 
104  24 
104  51 
104  12 
105  94 
105  2 
105  7 
105  45 
106  7 
106  11 
106  38 
106  94 
107  7 
107  10 
107  94 
107  12 
108  16 
108  7 
108  15 
108  71 
109  14 
109  4 
109  9 
109  44 
110  7 
110  1 
110  34 
110  80 
111  6 
111  30 
111  49 
111  26 
112  28 
112  6 
112  35 
112  22 
113  22 
113  2 
113  79 
113  27 
114  7 
114  83 
114  10 
114  40 
115  3 
115  2 
115  39 
115  13 
116  6 
116  44 
116  26 
116  2 
117  4 
117  38 
117  54 
117  32 
118  45 
118  27 
118  8 
118  38 
119  111 
119  7 
119  56 
119  38 
120  100 
120  77 
120  5 
120  86 
121  45 
121  30 
121  63 
121  76 
122  2 
122  82 
122  7 
122  116 
123  3 
123  13 
123  34 
123  10 
124  9 
124  7 
124  32 
124  24 
125  59 
125  64 
125  16 
125  44 
126  12 
126  56 
126  10 
126  2 
127  109 
127  20 
127  108 
127  101 
128  36 
128  8 
128  19 
128  2 
129  11 
129  100 
129  16 
129  6 
130  24 
130  9 
130  4 
130  88 
131  31 
131  121 
131  11 
131  53 
132  8 
132  67 
132  77 
132  49 
133  9 
133  103 
133  94 
133  73 
134  7 
134  64 
134  51 
134  19 
135  22 
135  121 
135  21 
135  113 
136  5 
136  30 
136  2 
136  43 
137  40 
137  94 
137  57 
137  118 
138  2 
138  54 
138  30 
138  34 
139  119 
139  44 
139  15 
139  82 
140  104 
140  2 
140  9 
140  115 
141  32 
141  36 
141  78 
141  48 
142  68 
142  7 
142  107 
142  62 
143  44 
143  66 
143  56 
143  6 
144  80 
144  8 
144  31 
144  7 
145  10 
145  26 
145  2 
145  51 
146  51 
146  62 
146  7 
146  10 
147  18 
147  38 
147  60 
147  146 
148  52 
148  132 
148  73 
148  19 
149  92 
149  21 
149  55 
149  45 
150  9 
150  42 
150  7 
150  91 
151  3 
151  13 
151  36 
151  144 
152  45 
152  7 
152  148 
152  49 
153  143 
153  94 
153  28 
153  32 
154  51 
154  144 
154  67 
154  33 
155  37 
155  7 
155  94 
155  54 
156  117 
156  44 
156  104 
156  8 
157  9 
157  82 
157  127 
157  16 
158  1 
158  104 
158  124 
158  69 
159  11 
159  19 
159  9 
159  101 
160  49 
160  9 
160  28 
160  115 
161  2 
161  52 
161  15 
161  4 
162  124 
162  68 
162  8 
162  44 
163  1 
163  21 
163  100 
163  115 
164  13 
164  56 
164  117 
164  40 
165  1 
165  56 
165  102 
165  69 
166  5 
166  29 
166  32 
166  14 
167  4 
167  34 
167  39 
167  50 
168  18 
168  166 
168  103 
168  62 
169  22 
169  6 
169  7 
169  15 
170  12 
170  5 
170  31 
170  142 
171  75 
171  44 
171  54 
171  110 
172  80 
172  161 
172  53 
172  33 
173  10 
173  74 
173  170 
173  34 
174  113 
174  85 
174  74 
174  104 
175  18 
175  56 
175  53 
175  169 
176  8 
176  14 
176  170 
176  56 
177  20 
177  138 
177  86 
177  91 
178  45 
178  36 
178  86 
178  3 
179  89 
179  10 
179  7 
179  105 
180  54 
180  33 
180  11 
180  13 
181  19 
181  54 
181  115 
181  29 
182  11 
182  22 
182  89 
182  163 
183  10 
183  108 
183  55 
183  11 
184  13 
184  74 
184  155 
184  118 
185  37 
185  99 
185  166 
185  7 
186  63 
186  10 
186  35 
186  45 
187  21 
187  116 
187  183 
187  10 
188  7 
188  23 
188  56 
188  84 
189  60 
189  154 
189  2 
189  21 
190  8 
190  63 
190  148 
190  57 
191  9 
191  18 
191  7 
191  134 
192  27 
192  141 
192  1 
192  8 
193  80 
193  10 
193  38 
193  148 
194  75 
194  51 
194  120 
194  135 
195  9 
195  58 
195  32 
195  96 
196  10 
196  9 
196  183 
196  20 
197  56 
197  11 
197  55 
197  76 
198  157 
198  129 
198  15 
198  137 
199  8 
199  115 
199  137 
199  10 
200  14 
200  76 
200  36 
200  33 
1  201 
1  202 
1  203 
1  204 
1  205 
1  206 
2  201 
2  207 
2  208 
2  205 
3  201 
3  203 
3  207 
4  201 
4  204 
4  205 
5  201 
5  202 
5  204 
5  207 
6  203 
6  207 
6  208 
6  205 
7  202 
7  203 
7  204 
7  207 
8  201 
8  202 
8  207 
8  205 
8  206 
9  201 
9  202 
9  203 
9  204 
10  201 
10  204 
10  208 
10  206 
11  201 
11  202 
11  203 
11  204 
11  207 
11  208 
12  202 
12  203 
12  204 
12  207 
12  205 
12  206 
13  201 
13  207 
13  205 
14  202 
14  203 
14  204 
14  208 
14  205 
14  206 
15  204 
15  207 
15  206 
16  201 
16  203 
16  207 
16  208 
16  205 
17  203 
17  208 
17  205 
17  206 
18  204 
18  207 
19  201 
19  204 
19  207 
19  206 
20  205 
20  206 
21  202 
21  207 
21  208 
21  205 
22  201 
22  203 
22  205 
23  201 
23  202 
23  204 
23  208 
23  205 
23  206 
24  201 
24  202 
24  204 
24  207 
24  208 
24  205 
24  206 
25  201 
25  207 
26  202 
26  203 
26  208 
26  205 
27  202 
27  203 
27  204 
27  208 
27  205 
28  201 
28  204 
28  208 
28  205 
29  201 
29  203 
29  206 
30  202 
30  207 
30  208 
30  206 
31  203 
31  204 
31  205 
31  206 
32  204 
32  207 
32  208 
32  206 
33  204 
33  206 
34  203 
34  204 
34  208 
34  205 
35  201 
35  202 
35  203 
35  207 
35  205 
36  201 
36  204 
36  207 
36  208 
36  205 
36  206 
37  203 
37  204 
37  207 
37  205 
38  203 
38  204 
39  203 
39  207 
40  201 
40  203 
40  207 
40  208 
40  205 
40  206 
41  202 
41  203 
41  207 
41  208 
42  201 
42  203 
42  207 
42  206 
43  201 
43  202 
43  203 
43  205 
43  206 
44  203 
44  207 
44  206 
45  202 
46  201 
46  202 
46  204 
47  204 
47  208 
47  206 
48  202 
48  203 
48  204 
48  208 
49  201 
49  202 
49  207 
49  206 
50  201 
50  202 
50  204 
50  205 
50  206 
201  202 
202  203 
203  204 
204  207 
207  208 
208  205 
205  206 
201  204 
201  207 
201  205 
202  207 
202  208 
202  205 
203  207 
203  208 
203  205 
204  205 
208  204 
206  201 
206  202 
51  202 
51  203 
51  204 
51  207 
51  205 
52  204 
52  205 
52  206 
209  53 
209  52 
209  46 
209  112 
210  185 
210  108 
210  10 
210  105 
211  105 
211  29 
211  151 
211  56 
212  32 
212  38 
212  176 
212  138 
213  211 
213  72 
213  86 
213  47 
214  6 
214  45 
214  181 
214  19 
215  126 
215  189 
215  20 
215  32 
216  27 
216  49 
216  128 
216  181 
217  81 
217  28 
217  104 
217  87 
218  41 
218  11 
218  52 
218  58 
219  213 
219  193 
219  215 
219  127 
220  19 
220  36 
220  181 
220  107 
221  213 
221  31 
221  16 
221  87 
222  109 
222  193 
222  56 
222  129 
223  183 
223  157 
223  30 
223  126 
224  154 
224  96 
224  30 
224  128 
225  56 
225  117 
225  91 
225  169 
226  65 
226  8 
226  218 
226  20 
227  170 
227  187 
227  225 
227  47 
228  5 
228  179 
228  116 
228  80 
53  202 
53  204 
54  203 
55  208 
229  218 
229  51 
229  213 
229  11 
230  61 
230  216 
230  3 
230  8 
231  56 
231  149 
231  137 
231  176 
232  5 
232  231 
232  147 
232  83 
233  196 
233  230 
233  45 
233  116 
234  57 
234  230 
234  183 
234  111 
235  116 
235  58 
235  118 
235  125 
236  96 
236  121 
236  211 
236  222 
237  190 
237  234 
237  22 
237  214 
238  233 
238  119 
238  107 
238  88 
239  232 
239  16 
239  108 
239  229 
240  11 
240  17 
240  214 
240  48 
241  234 
241  128 
241  47 
241  233 
242  13 
242  55 
242  141 
242  8 
243  150 
243  9 
243  170 
243  189 
244  146 
244  238 
244  231 
244  168 
245  128 
245  114 
245  230 
245  57 
246  5 
246  96 
246  233 
246  137 
247  232 
247  243 
247  49 
247  190 
248  138 
248  229 
248  116 
248  29 
56  202 
56  204 
56  207 
56  205 
56  206 
57  201 
57  202 
57  203 
57  208 
58  204 
58  207 
58  208 
249  212 
249  215 
249  217 
249  219 
250  26 
250  116 
250  48 
250  105 
251  221 
251  239 
251  21 
251  173 
252  133 
252  189 
252  102 
252  28 
253  240 
253  167 
253  214 
253  232 
254  222 
254  193 
254  66 
254  104 
255  6 
255  111 
255  117 
255  155 
256  137 
256  227 
256  67 
256  136 
257  109 
257  208 
257  10 
257  51 
258  240 
258  95 
258  244 
258  253 
259  252 
259  137 
259  213 
259  66 
260  259 
260  221 
260  67 
260  89 
261  120 
261  88 
261  47 
261  158 
262  66 
262  67 
262  241 
262  224 
263  120 
263  190 
263  260 
263  80 
264  117 
264  176 
264  170 
264  159 
265  174 
265  149 
265  21 
265  131 
266  211 
266  139 
266  263 
266  100 
267  12 
267  89 
267  2 
267  261 
268  38 
268  262 
268  126 
268  183 
59  201 
59  202 
59  204 
59  208 
59  205 
60  202 
60  204 
60  207 
61  201 
61  205 
61  206 
2  269 
6  269 
7  269 
9  269 
10  269 
11  269 
12  269 
14  269 
16  269 
19  269 
20  269 
23  269 
25  269 
26  269 
28  269 
29  269 
41  269 
42  269 
44  269 
45  269 
46  269 
48  269 
50  269 
53  269 
56  269 
57  269 
59  269 
60  269 
61  269 
201  203 
201  208 
204  206 
207  206 
208  206 
206  203 
269  202 
269  204 
269  207 
269  205 
270  229 
270  76 
270  195 
270  36 
271  197 
271  61 
271  170 
271  8 
272  207 
272  100 
272  49 
272  13 
273  77 
273  110 
273  63 
273  239 
274  242 
274  29 
274  272 
274  202 
275  84 
275  234 
275  207 
275  138 
276  68 
276  245 
276  36 
276  25 
277  197 
277  268 
277  152 
277  178 
278  6 
278  95 
278  29 
278  149 
279  93 
279  277 
279  49 
279  179 
280  4 
280  70 
280  199 
280  221 
281  276 
281  278 
281  149 
281  65 
282  1 
282  215 
282  64 
282  270 
283  150 
283  113 
283  79 
283  165 
284  279 
284  268 
284  68 
284  261 
285  1 
285  267 
285  114 
285  157 
286  203 
286  196 
286  84 
286  146 
287  102 
287  105 
287  116 
287  133 
288  148 
288  197 
288  45 
288  172 
289  278 
289  198 
289  286 
289  285 
62  201 
62  203 
62  204 
62  207 
62  208 
62  206 
62  269 
63  202 
63  207 
63  208 
63  206 
63  269 
290  143 
290  142 
290  276 
290  155 
291  209 
291  13 
291  215 
291  157 
292  45 
292  207 
292  163 
292  154 
293  1 
293  254 
293  137 
293  269 
294  192 
294  219 
294  110 
294  235 
295  114 
295  255 
295  244 
295  75 
296  73 
296  52 
296  136 
296  154 
297  67 
297  1 
297  133 
297  51 
298  205 
298  297 
298  159 
298  67 
299  37 
299  176 
299  254 
299  131 
300  246 
300  49 
300  67 
300  290 
301  290 
301  5 
301  67 
301  105 
302  113 
302  300 
302  44 
302  1 
303  14 
303  70 
303  60 
303  119 
304  246 
304  291 
304  295 
304  294 
305  67 
305  290 
305  147 
305  160 
306  291 
306  299 
306  16 
306  41 
307  291 
307  134 
307  146 
307  103 
308  297 
308  139 
308  59 
308  83 
309  10 
309  42 
309  300 
309  295 
64  201 
64  202 
64  206 
64  269 
310  221 
310  290 
310  40 
310  191 
311  123 
311  212 
311  55 
311  155 
312  302 
312  154 
312  166 
312  199 
313  153 
313  61 
313  215 
313  135 
314  308 
314  216 
314  177 
314  273 
315  44 
315  297 
315  112 
315  312 
316  311 
316  138 
316  289 
316  297 
317  174 
317  276 
317  297 
317  98 
318  130 
318  189 
318  99 
318  98 
319  131 
319  152 
319  305 
319  288 
320  266 
320  39 
320  153 
320  189 
321  254 
321  257 
321  133 
321  243 
322  85 
322  310 
322  247 
322  67 
323  199 
323  254 
323  139 
323  147 
324  12 
324  228 
324  13 
324  112 
325  66 
325  254 
325  264 
325  73 
326  159 
326  60 
326  82 
326  216 
327  319 
327  236 
327  305 
327  121 
328  49 
328  91 
328  316 
328  310 
329  320 
329  257 
329  297 
329  107 
65  203 
65  204 
65  207 
65  208 
65  269 
66  203 
66  207 
66  205 
66  206 
66  269 
67  207 
67  208 
67  206 
67  269 
68  201 
68  202 
68  203 
68  208 
68  206 
68  269 
330  279 
330  198 
330  247 
330  33 
331  72 
331  66 
331  95 
331  140 
332  238 
332  295 
332  220 
332  104 
333  301 
333  292 
333  310 
333  326 
334  315 
334  298 
334  207 
334  180 
335  155 
335  334 
335  88 
335  4 
336  140 
336  5 
336  223 
336  74 
337  194 
337  42 
337  230 
337  245 
338  270 
338  194 
338  310 
338  328 
339  68 
339  192 
339  329 
339  94 
340  123 
340  205 
340  48 
340  308 
341  83 
341  67 
341  188 
341  194 
342  32 
342  330 
342  220 
342  332 
343  89 
343  110 
343  232 
343  32 
344  338 
344  216 
344  104 
344  241 
345  233 
345  67 
345  159 
345  218 
346  215 
346  262 
346  142 
346  192 
347  213 
347  179 
347  309 
347  88 
348  19 
348  107 
348  328 
348  140 
349  348 
349  116 
349  335 
349  120 
69  203 
69  208 
69  205 
69  269 
70  201 
70  202 
70  204 
70  205 
350  105 
350  36 
350  282 
350  9 
351  308 
351  95 
351  22 
351  255 
352  177 
352  47 
352  327 
352  146 
353  351 
353  155 
353  301 
353  325 
354  297 
354  324 
354  124 
354  148 
355  331 
355  11 
355  170 
355  295 
356  71 
356  108 
356  336 
356  68 
357  299 
357  67 
357  65 
357  163 
358  1 
358  262 
358  44 
358  99 
359  155 
359  356 
359  124 
359  21 
360  91 
360  224 
360  44 
360  60 
361  289 
361  128 
361  200 
361  252 
362  163 
362  359 
362  317 
362  165 
363  132 
363  68 
363  61 
363  32 
364  163 
364  33 
364  130 
364  142 
365  201 
365  65 
365  245 
365  70 
366  362 
366  182 
366  303 
366  62 
367  301 
367  145 
367  269 
367  98 
368  330 
368  204 
368  200 
368  354 
369  304 
369  183 
369  98 
369  159 
71  201 
71  203 
71  204 
71  208 
71  205 
71  206 
72  202 
72  203 
72  204 
72  205 
72  269 
73  202 
73  204 
73  207 
73  205 
73  206 
370  192 
370  139 
370  145 
370  59 
371  359 
371  118 
371  59 
371  115 
372  83 
372  313 
372  289 
372  35 
373  312 
373  189 
373  102 
373  78 
374  220 
374  177 
374  321 
374  98 
375  373 
375  184 
375  306 
375  171 
376  242 
376  218 
376  171 
376  60 
377  13 
377  155 
377  62 
377  139 
378  29 
378  91 
378  131 
378  351 
379  276 
379  242 
379  351 
379  303 
380  331 
380  214 
380  151 
380  185 
381  221 
381  253 
381  229 
381  176 
382  78 
382  126 
382  239 
382  194 
383  333 
383  355 
383  379 
383  335 
384  303 
384  194 
384  171 
384  377 
385  384 
385  261 
385  10 
385  337 
386  228 
386  78 
386  155 
386  146 
387  171 
387  370 
387  138 
387  385 
388  204 
388  351 
388  177 
388  217 
389  331 
389  263 
389  351 
389  329 
74  202 
74  203 
74  208 
75  204 
75  208 
75  269 
76  201 
76  203 
76  204 
76  207 
76  208 
76  206 
77  207 
77  208 
77  205 
78  201 
78  203 
78  204 
78  207 
78  205 
78  206 
390  266 
390  58 
390  170 
390  1 
391  7 
391  160 
391  221 
391  287 
392  371 
392  160 
392  2 
392  117 
393  371 
393  315 
393  220 
393  247 
394  355 
394  393 
394  20 
394  347 
395  281 
395  369 
395  149 
395  2 
396  171 
396  53 
396  99 
396  12 
397  134 
397  349 
397  61 
397  395 
398  208 
398  183 
398  251 
398  36 
399  254 
399  210 
399  395 
399  81 
400  387 
400  36 
400  183 
400  130 
401  397 
401  391 
401  348 
401  158 
402  5 
402  31 
402  378 
402  8 
403  15 
403  345 
403  399 
403  147 
404  302 
404  206 
404  179 
404  176 
405  244 
405  302 
405  89 
405  395 
406  279 
406  251 
406  65 
406  49 
407  312 
407  246 
407  233 
407  81 
408  399 
408  43 
408  57 
408  106 
409  404 
409  281 
409  300 
409  207 
79  201 
79  207 
79  208 
80  203 
80  204 
80  207 
80  208 
80  206 
80  269 
81  201 
81  202 
81  204 
82  201 
82  207 
82  208 
82  269 
83  203 
83  207 
83  208 
83  269 
410  86 
410  382 
410  156 
410  240 
411  383 
411  402 
411  168 
411  313 
412  368 
412  346 
412  93 
412  315 
413  287 
413  347 
413  54 
413  230 
414  64 
414  404 
414  302 
414  314 
415  270 
415  109 
415  97 
415  222 
416  400 
416  247 
416  3 
416  99 
417  371 
417  284 
417  27 
417  226 
418  179 
418  19 
418  11 
418  13 
419  120 
419  402 
419  401 
419  47 
420  259 
420  72 
420  26 
420  124 
421  390 
421  353 
421  19 
421  270 
422  254 
422  389 
422  380 
422  20 
423  45 
423  280 
423  32 
423  400 
424  109 
424  227 
424  363 
424  360 
425  162 
425  410 
425  3 
425  335 
426  33 
426  292 
426  18 
426  326 
427  124 
427  143 
427  81 
427  60 
428  410 
428  151 
428  179 
428  21 
429  414 
429  425 
429  375 
429  390 
84  201 
84  204 
84  208 
84  205 
84  206 
84  269 
85  203 
85  204 
85  207 
85  208 
85  205 
85  269 
86  202 
86  203 
86  204 
86  208 
86  205 
86  269 
87  201 
87  203 
87  208 
87  269 
430  255 
430  57 
430  212 
430  268 
431  407 
431  218 
431  53 
431  139 
432  50 
432  35 
432  58 
432  330 
433  113 
433  50 
433  267 
433  432 
434  31 
434  261 
434  185 
434  28 
435  104 
435  204 
435  423 
435  304 
436  244 
436  319 
436  415 
436  363 
437  169 
437  432 
437  202 
437  27 
438  293 
438  22 
438  262 
438  223 
439  227 
439  351 
439  171 
439  369 
440  249 
440  163 
440  55 
440  65 
441  371 
441  86 
441  261 
441  251 
442  171 
442  227 
442  305 
442  3 
443  389 
443  433 
443  252 
443  264 
444  440 
444  82 
444  270 
444  371 
445  138 
445  125 
445  49 
445  367 
446  310 
446  437 
446  324 
446  63 
447  362 
447  267 
447  391 
447  360 
448  348 
448  65 
448  430 
448  262 
449  415 
449  437 
449  290 
449  432 
88  203 
88  204 
88  207 
88  205 
88  206 
89  201 
89  202 
89  205 
89  206 
90  204 
90  207 
90  208 
90  205 
91  202 
91  203 
91  207 
91  205 
91  269 
450  20 
450  423 
450  1 
450  262 
451  416 
451  168 
451  320 
451  249 
452  373 
452  366 
452  287 
452  329 
453  50 
453  240 
453  450 
453  20 
454  378 
454  66 
454  165 
454  11 
455  450 
455  298 
455  145 
455  20 
456  414 
456  451 
456  146 
456  30 
457  220 
457  284 
457  418 
457  450 
458  413 
458  237 
458  397 
458  30 
459  230 
459  453 
459  458 
459  340 
460  144 
460  53 
460  332 
460  33 
461  457 
461  24 
461  129 
461  346 
462  212 
462  6 
462  235 
462  355 
463  167 
463  382 
463  373 
463  306 
464  94 
464  182 
464  457 
464  376 
465  347 
465  460 
465  229 
465  307 
466  287 
466  327 
466  424 
466  269 
467  453 
467  61 
467  134 
467  455 
468  212 
468  64 
468  338 
468  447 
469  454 
469  457 
469  232 
469  276 
 

