1  2 
1  3 
1  4 
1  5 
1  6 
1  7 
1  8 
1  9 
1  10 
2  3 
2  4 
2  5 
2  6 
2  7 
2  8 
2  9 
2  10 
3  4 
3  5 
3  6 
3  7 
3  8 
3  9 
3  10 
4  5 
4  6 
4  7 
4  8 
4  9 
4  10 
5  6 
5  7 
5  8 
5  9 
5  10 
6  7 
6  8 
6  9 
6  10 
7  8 
7  9 
7  10 
8  9 
8  10 
9  10 
11  2 
11  3 
11  9 
11  7 
12  7 
12  1 
12  8 
12  3 
13  4 
13  2 
13  12 
13  11 
14  10 
14  5 
14  12 
14  9 
15  9 
15  6 
15  1 
15  14 
16  15 
16  1 
16  2 
16  5 
17  13 
17  3 
17  4 
17  1 
18  7 
18  6 
18  17 
18  8 
19  5 
19  4 
19  17 
19  13 
20  16 
20  8 
20  12 
20  17 
21  6 
21  9 
21  10 
21  4 
22  8 
22  9 
22  5 
22  2 
23  1 
23  9 
23  10 
23  2 
24  1 
24  9 
24  7 
24  6 
25  10 
25  3 
25  7 
25  15 
26  15 
26  23 
26  6 
26  12 
27  8 
27  12 
27  7 
27  10 
28  10 
28  1 
28  22 
28  16 
29  17 
29  8 
29  6 
29  12 
30  1 
30  26 
30  4 
30  11 
31  8 
31  12 
31  15 
31  4 
32  27 
32  11 
32  4 
32  6 
33  26 
33  4 
33  27 
33  12 
34  19 
34  22 
34  15 
34  18 
35  2 
35  26 
35  3 
35  9 
36  8 
36  27 
36  6 
36  7 
37  22 
37  29 
37  5 
37  6 
38  5 
38  3 
38  13 
38  12 
39  7 
39  22 
39  33 
39  2 
40  38 
40  34 
40  9 
40  12 
41  1 
41  4 
41  33 
41  34 
42  1 
42  31 
42  21 
42  2 
43  27 
43  2 
43  9 
43  10 
44  6 
44  9 
44  33 
44  4 
45  5 
45  7 
45  15 
45  23 
46  8 
46  4 
46  18 
46  17 
47  12 
47  6 
47  33 
47  1 
48  2 
48  8 
48  22 
48  6 
49  7 
49  4 
49  3 
49  16 
50  40 
50  22 
50  30 
50  13 
51  36 
51  2 
51  17 
51  23 
52  5 
52  23 
52  12 
52  13 
53  17 
53  12 
53  9 
53  33 
54  22 
54  26 
54  51 
54  1 
55  13 
55  1 
55  18 
55  7 
56  3 
56  7 
56  2 
56  26 
57  6 
57  9 
57  36 
57  13 
58  38 
58  20 
58  9 
58  1 
59  51 
59  22 
59  27 
59  23 
60  2 
60  55 
60  10 
60  1 
61  21 
61  36 
61  2 
61  10 
62  51 
62  9 
62  12 
62  38 
63  13 
63  9 
63  37 
63  6 
64  10 
64  9 
64  41 
64  46 
65  5 
65  63 
65  38 
65  1 
66  37 
66  1 
66  13 
66  52 
67  22 
67  16 
67  42 
67  44 
68  28 
68  12 
68  39 
68  33 
69  6 
69  35 
69  49 
69  59 
70  9 
70  37 
70  51 
70  41 
71  62 
71  7 
71  21 
71  13 
72  30 
72  2 
72  1 
72  9 
73  71 
73  19 
73  39 
73  31 
74  34 
74  30 
74  17 
74  1 
75  44 
75  3 
75  7 
75  60 
76  8 
76  5 
76  1 
76  61 
77  20 
77  61 
77  16 
77  45 
78  8 
78  7 
78  52 
78  15 
79  5 
79  34 
79  60 
79  48 
80  48 
80  42 
80  52 
80  5 
81  20 
81  8 
81  6 
81  12 
82  34 
82  26 
82  6 
82  12 
83  9 
83  63 
83  65 
83  5 
84  47 
84  34 
84  4 
84  71 
85  51 
85  5 
85  79 
85  50 
86  58 
86  3 
86  6 
86  5 
87  6 
87  58 
87  8 
87  47 
88  23 
88  78 
88  15 
88  7 
89  8 
89  1 
89  2 
89  81 
90  6 
90  84 
90  1 
90  3 
91  63 
91  26 
91  51 
91  1 
92  6 
92  58 
92  60 
92  7 
93  81 
93  34 
93  12 
93  15 
94  6 
94  50 
94  38 
94  41 
95  76 
95  83 
95  92 
95  27 
96  58 
96  53 
96  28 
96  82 
97  22 
97  70 
97  30 
97  10 
98  13 
98  57 
98  66 
98  61 
99  37 
99  1 
99  71 
99  13 
100  7 
100  1 
100  6 
100  10 
101  7 
101  1 
101  86 
101  100 
102  94 
102  93 
102  89 
102  13 
103  78 
103  37 
103  51 
103  52 
104  10 
104  53 
104  5 
104  14 
105  33 
105  51 
105  58 
105  8 
106  17 
106  9 
106  62 
106  100 
107  13 
107  10 
107  6 
107  5 
108  71 
108  20 
108  83 
108  18 
109  60 
109  56 
109  4 
109  27 
110  83 
110  15 
110  17 
110  101 
111  18 
111  37 
111  13 
111  51 
112  12 
112  6 
112  2 
112  23 
113  40 
113  48 
113  26 
113  74 
114  76 
114  50 
114  56 
114  71 
115  48 
115  38 
115  9 
115  25 
116  72 
116  35 
116  89 
116  2 
117  12 
117  74 
117  6 
117  104 
118  3 
118  7 
118  12 
118  64 
119  33 
119  7 
119  117 
119  94 
120  100 
120  13 
120  72 
120  10 
121  17 
121  58 
121  39 
121  6 
122  62 
122  90 
122  84 
122  25 
123  2 
123  26 
123  74 
123  34 
124  4 
124  49 
124  5 
124  121 
125  102 
125  17 
125  2 
125  65 
126  4 
126  16 
126  5 
126  22 
127  9 
127  1 
127  22 
127  53 
128  39 
128  52 
128  17 
128  38 
129  41 
129  20 
129  1 
129  107 
130  123 
130  3 
130  23 
130  70 
131  5 
131  25 
131  4 
131  59 
132  25 
132  55 
132  3 
132  89 
133  1 
133  13 
133  124 
133  111 
134  104 
134  6 
134  43 
134  45 
135  9 
135  1 
135  93 
135  38 
136  17 
136  47 
136  5 
136  133 
137  85 
137  12 
137  114 
137  64 
138  58 
138  18 
138  79 
138  70 
139  19 
139  60 
139  94 
139  6 
140  139 
140  86 
140  128 
140  130 
141  15 
141  109 
141  23 
141  2 
142  27 
142  21 
142  6 
142  80 
143  63 
143  54 
143  71 
143  13 
144  117 
144  111 
144  16 
144  57 
145  98 
145  48 
145  9 
145  2 
146  58 
146  5 
146  4 
146  23 
147  55 
147  34 
147  4 
147  122 
148  121 
148  8 
148  12 
148  10 
149  5 
149  26 
149  123 
149  144 
150  8 
150  111 
150  48 
150  22 
151  30 
151  109 
151  9 
151  92 
152  26 
152  8 
152  58 
152  83 
153  91 
153  5 
153  78 
153  30 
154  41 
154  9 
154  6 
154  1 
155  53 
155  9 
155  2 
155  14 
156  40 
156  12 
156  1 
156  38 
157  36 
157  23 
157  7 
157  16 
158  125 
158  45 
158  117 
158  62 
159  87 
159  6 
159  121 
159  78 
160  43 
160  17 
160  78 
160  26 
161  36 
161  37 
161  6 
161  22 
162  7 
162  17 
162  67 
162  43 
163  76 
163  134 
163  91 
163  18 
164  145 
164  7 
164  102 
164  13 
165  92 
165  95 
165  139 
165  91 
166  22 
166  17 
166  8 
166  92 
167  38 
167  14 
167  2 
167  139 
168  12 
168  82 
168  10 
168  14 
169  9 
169  8 
169  57 
169  44 
170  6 
170  2 
170  23 
170  78 
171  8 
171  3 
171  48 
171  10 
172  13 
172  25 
172  154 
172  96 
173  41 
173  102 
173  79 
173  72 
174  139 
174  147 
174  12 
174  162 
175  63 
175  137 
175  33 
175  149 
176  7 
176  38 
176  161 
176  20 
177  51 
177  132 
177  74 
177  29 
178  104 
178  12 
178  118 
178  81 
179  38 
179  121 
179  1 
179  45 
180  47 
180  1 
180  140 
180  157 
181  2 
181  13 
181  77 
181  6 
182  1 
182  47 
182  57 
182  43 
183  19 
183  68 
183  43 
183  1 
184  74 
184  47 
184  59 
184  10 
185  22 
185  60 
185  146 
185  74 
186  56 
186  155 
186  2 
186  89 
187  88 
187  25 
187  78 
187  77 
188  91 
188  142 
188  13 
188  134 
189  95 
189  22 
189  79 
189  125 
190  16 
190  157 
190  55 
190  2 
191  92 
191  4 
191  127 
191  58 
192  18 
192  131 
192  17 
192  53 
193  118 
193  4 
193  10 
193  174 
194  35 
194  13 
194  100 
194  23 
195  27 
195  146 
195  140 
195  9 
196  185 
196  159 
196  78 
196  116 
197  72 
197  5 
197  139 
197  87 
198  9 
198  34 
198  1 
198  20 
199  65 
199  3 
199  119 
199  21 
200  96 
200  99 
200  58 
200  4 
1  201 
1  202 
1  203 
2  202 
2  203 
2  204 
3  201 
3  205 
3  203 
3  204 
3  206 
4  202 
4  204 
4  206 
5  201 
5  207 
5  205 
5  208 
6  207 
6  205 
6  203 
7  205 
7  202 
7  203 
7  208 
8  201 
8  203 
8  204 
9  207 
9  205 
9  203 
9  206 
10  201 
10  207 
10  204 
10  208 
11  205 
11  206 
12  201 
12  205 
12  202 
12  203 
12  204 
13  201 
13  207 
13  205 
13  202 
13  203 
13  206 
14  201 
14  203 
14  204 
14  206 
15  201 
15  202 
15  206 
16  205 
16  204 
16  206 
17  203 
17  208 
17  206 
18  201 
18  205 
18  208 
19  201 
19  202 
19  204 
19  208 
20  201 
20  208 
201  207 
207  205 
205  202 
202  203 
203  204 
204  208 
208  206 
201  205 
201  204 
207  202 
205  203 
205  204 
205  208 
202  204 
202  208 
203  201 
208  201 
208  207 
206  201 
206  202 
209  134 
209  191 
209  66 
209  51 
210  152 
210  196 
210  203 
210  198 
211  50 
211  141 
211  161 
211  107 
212  106 
212  135 
212  152 
212  84 
213  83 
213  18 
213  120 
213  174 
214  50 
214  111 
214  32 
214  213 
215  53 
215  45 
215  4 
215  169 
216  118 
216  79 
216  92 
216  169 
217  86 
217  118 
217  211 
217  170 
218  45 
218  135 
218  67 
218  18 
219  149 
219  213 
219  179 
219  50 
220  215 
220  59 
220  161 
220  32 
221  213 
221  215 
221  50 
221  111 
222  22 
222  50 
222  212 
222  59 
223  62 
223  210 
223  50 
223  220 
224  45 
224  101 
224  123 
224  205 
225  58 
225  150 
225  31 
225  63 
226  192 
226  187 
226  25 
226  206 
227  22 
227  68 
227  104 
227  152 
228  68 
228  69 
228  123 
228  107 
229  224 
229  22 
229  18 
229  225 
230  179 
230  104 
230  225 
230  64 
231  220 
231  219 
231  20 
231  152 
232  103 
232  141 
232  210 
232  20 
233  167 
233  45 
233  3 
233  50 
234  22 
234  210 
234  202 
234  94 
235  111 
235  182 
235  149 
235  145 
236  229 
236  221 
236  215 
236  227 
237  133 
237  134 
237  161 
237  186 
238  15 
238  235 
238  23 
238  80 
239  199 
239  25 
239  220 
239  221 
240  169 
240  204 
240  210 
240  177 
241  136 
241  211 
241  212 
241  62 
242  103 
242  212 
242  11 
242  231 
243  236 
243  86 
243  112 
243  30 
244  10 
244  135 
244  208 
244  59 
245  211 
245  155 
245  68 
245  29 
246  189 
246  29 
246  145 
246  213 
247  67 
247  219 
247  37 
247  123 
248  105 
248  83 
248  85 
248  217 
249  79 
249  25 
249  199 
249  235 
250  211 
250  26 
250  249 
250  107 
251  214 
251  92 
251  217 
251  227 
252  110 
252  220 
252  225 
252  234 
253  32 
253  161 
253  22 
253  156 
254  226 
254  248 
254  198 
254  118 
255  232 
255  143 
255  17 
255  48 
256  181 
256  206 
256  215 
256  175 
257  152 
257  107 
257  179 
257  58 
258  172 
258  157 
258  61 
258  2 
259  93 
259  107 
259  57 
259  18 
260  37 
260  91 
260  240 
260  249 
261  239 
261  255 
261  81 
261  222 
262  24 
262  202 
262  243 
262  81 
263  4 
263  10 
263  192 
263  154 
264  91 
264  254 
264  197 
264  236 
265  245 
265  49 
265  177 
265  170 
266  24 
266  45 
266  11 
266  230 
267  174 
267  152 
267  200 
267  10 
268  239 
268  134 
268  179 
268  129 
269  218 
269  239 
269  80 
269  107 
270  138 
270  222 
270  127 
270  194 
271  267 
271  263 
271  157 
271  202 
272  91 
272  198 
272  144 
272  20 
273  268 
273  99 
273  272 
273  10 
274  158 
274  227 
274  265 
274  100 
275  239 
275  173 
275  43 
275  138 
276  104 
276  124 
276  18 
276  265 
277  276 
277  263 
277  186 
277  237 
278  276 
278  270 
278  24 
278  54 
279  261 
279  28 
279  264 
279  252 
280  133 
280  50 
280  264 
280  270 
281  174 
281  88 
281  263 
281  134 
282  276 
282  260 
282  103 
282  127 
283  4 
283  131 
283  57 
283  242 
284  267 
284  263 
284  198 
284  66 
285  242 
285  211 
285  140 
285  24 
286  280 
286  4 
286  268 
286  45 
287  71 
287  239 
287  107 
287  275 
288  16 
288  265 
288  251 
288  270 
289  93 
289  199 
289  10 
289  245 
290  170 
290  286 
290  24 
290  252 
291  76 
291  173 
291  67 
291  24 
292  173 
292  134 
292  81 
292  114 
293  189 
293  98 
293  50 
293  57 
294  239 
294  164 
294  95 
294  54 
295  10 
295  22 
295  3 
295  264 
296  260 
296  81 
296  86 
296  50 
297  141 
297  174 
297  40 
297  92 
298  50 
298  158 
298  215 
298  218 
299  282 
299  62 
299  289 
299  162 
300  110 
300  27 
300  176 
300  260 
301  123 
301  261 
301  181 
301  95 
302  289 
302  57 
302  252 
302  242 
303  267 
303  198 
303  72 
303  239 
304  302 
304  122 
304  110 
304  268 
305  259 
305  4 
305  227 
305  183 
306  279 
306  92 
306  45 
306  43 
307  122 
307  267 
307  103 
307  222 
308  124 
308  176 
308  279 
308  142 
309  189 
309  218 
309  148 
309  234 
310  14 
310  120 
310  22 
310  190 
311  91 
311  270 
311  219 
311  202 
312  286 
312  145 
312  270 
312  52 
313  310 
313  17 
313  159 
313  209 
314  126 
314  146 
314  145 
314  98 
315  32 
315  84 
315  271 
315  102 
316  69 
316  110 
316  207 
316  48 
317  168 
317  303 
317  61 
317  310 
318  84 
318  53 
318  302 
318  59 
319  267 
319  247 
319  126 
319  86 
320  203 
320  310 
320  277 
320  69 
321  85 
321  189 
321  260 
321  32 
322  310 
322  317 
322  220 
322  74 
323  87 
323  208 
323  62 
323  29 
324  203 
324  302 
324  150 
324  321 
325  233 
325  51 
325  121 
325  85 
326  220 
326  248 
326  83 
326  71 
327  138 
327  296 
327  47 
327  219 
328  121 
328  91 
328  290 
328  315 
329  110 
329  198 
329  22 
329  85 
330  79 
330  85 
330  39 
330  258 
331  32 
331  139 
331  310 
331  230 
332  310 
332  255 
332  241 
332  15 
333  311 
333  250 
333  230 
333  330 
334  32 
334  132 
334  330 
334  39 
335  158 
335  189 
335  261 
335  316 
336  298 
336  268 
336  95 
336  255 
337  225 
337  319 
337  93 
337  335 
338  261 
338  247 
338  138 
338  328 
339  78 
339  259 
339  207 
339  85 
340  97 
340  16 
340  330 
340  302 
341  29 
341  74 
341  75 
341  317 
342  298 
342  316 
342  338 
342  341 
343  316 
343  71 
343  255 
343  321 
344  131 
344  230 
344  219 
344  50 
345  56 
345  313 
345  111 
345  69 
346  269 
346  12 
346  310 
346  32 
347  283 
347  318 
347  316 
347  310 
348  325 
348  6 
348  267 
348  210 
349  54 
349  245 
349  59 
349  139 
350  310 
350  316 
350  86 
350  264 
351  296 
351  51 
351  114 
351  339 
352  215 
352  339 
352  48 
352  320 
353  101 
353  38 
353  78 
353  138 
354  5 
354  110 
354  322 
354  54 
355  338 
355  324 
355  249 
355  303 
356  298 
356  3 
356  237 
356  286 
357  259 
357  98 
357  261 
357  11 
358  291 
358  313 
358  347 
358  353 
359  268 
359  260 
359  18 
359  115 
360  298 
360  12 
360  38 
360  42 
361  27 
361  89 
361  127 
361  360 
362  267 
362  95 
362  277 
362  138 
363  353 
363  50 
363  250 
363  240 
364  160 
364  90 
364  323 
364  40 
365  301 
365  161 
365  89 
365  210 
366  312 
366  292 
366  190 
366  145 
367  312 
367  357 
367  148 
367  86 
368  37 
368  12 
368  362 
368  124 
369  271 
369  302 
369  172 
369  154 
370  367 
370  26 
370  186 
370  75 
371  363 
371  317 
371  110 
371  180 
372  368 
372  45 
372  26 
372  60 
373  166 
373  221 
373  131 
373  272 
374  357 
374  347 
374  312 
374  168 
375  314 
375  368 
375  1 
375  37 
376  263 
376  12 
376  364 
376  34 
377  210 
377  244 
377  147 
377  361 
378  77 
378  286 
378  271 
378  6 
379  6 
379  374 
379  131 
379  275 
380  363 
380  376 
380  58 
380  136 
381  171 
381  91 
381  286 
381  103 
382  311 
382  188 
382  252 
382  94 
383  145 
383  2 
383  319 
383  373 
384  74 
384  82 
384  195 
384  374 
385  366 
385  161 
385  375 
385  373 
386  369 
386  267 
386  306 
386  312 
387  190 
387  251 
387  92 
387  303 
388  275 
388  379 
388  134 
388  342 
389  210 
389  240 
389  338 
389  19 
390  64 
390  91 
390  112 
390  323 
391  291 
391  3 
391  301 
391  50 
392  241 
392  38 
392  1 
392  340 
393  9 
393  71 
393  116 
393  330 
394  312 
394  18 
394  155 
394  50 
395  73 
395  391 
395  67 
395  365 
396  190 
396  19 
396  172 
396  138 
397  277 
397  154 
397  19 
397  28 
398  132 
398  312 
398  197 
398  107 
399  255 
399  300 
399  266 
399  304 
400  68 
400  167 
400  375 
400  73 
401  82 
401  48 
401  97 
401  338 
402  155 
402  349 
402  220 
402  50 
403  333 
403  126 
403  371 
403  391 
404  189 
404  218 
404  12 
404  103 
405  360 
405  38 
405  396 
405  130 
406  296 
406  230 
406  297 
406  6 
407  64 
407  10 
407  401 
407  395 
408  338 
408  82 
408  387 
408  110 
 

