1  2 
1  3 
1  4 
1  5 
1  6 
1  7 
1  8 
1  9 
1  10 
2  3 
2  4 
2  5 
2  6 
2  7 
2  8 
2  9 
2  10 
3  4 
3  5 
3  6 
3  7 
3  8 
3  9 
3  10 
4  5 
4  6 
4  7 
4  8 
4  9 
4  10 
5  6 
5  7 
5  8 
5  9 
5  10 
6  7 
6  8 
6  9 
6  10 
7  8 
7  9 
7  10 
8  9 
8  10 
9  10 
11  10 
11  9 
11  7 
11  8 
12  6 
12  7 
12  8 
12  11 
13  6 
13  7 
13  8 
13  3 
14  3 
14  2 
14  5 
14  1 
15  6 
15  4 
15  7 
15  10 
16  4 
16  3 
16  14 
16  6 
17  1 
17  7 
17  6 
17  2 
18  7 
18  6 
18  2 
18  10 
19  3 
19  9 
19  1 
19  5 
20  2 
20  8 
20  5 
20  4 
21  14 
21  4 
21  3 
21  8 
22  15 
22  5 
22  18 
22  3 
23  17 
23  1 
23  14 
23  8 
24  6 
24  8 
24  2 
24  17 
25  11 
25  22 
25  1 
25  9 
26  4 
26  7 
26  2 
26  8 
27  4 
27  6 
27  23 
27  12 
28  5 
28  25 
28  19 
28  6 
29  11 
29  5 
29  3 
29  9 
30  9 
30  24 
30  4 
30  10 
31  28 
31  7 
31  25 
31  15 
32  7 
32  5 
32  23 
32  8 
33  10 
33  20 
33  29 
33  19 
34  13 
34  26 
34  3 
34  4 
35  29 
35  10 
35  7 
35  8 
36  28 
36  31 
36  4 
36  19 
37  7 
37  18 
37  13 
37  12 
38  32 
38  31 
38  24 
38  13 
39  22 
39  17 
39  32 
39  5 
40  14 
40  27 
40  25 
40  6 
41  19 
41  27 
41  3 
41  9 
42  3 
42  12 
42  26 
42  2 
43  6 
43  25 
43  33 
43  10 
44  25 
44  6 
44  22 
44  13 
45  2 
45  13 
45  18 
45  7 
46  8 
46  39 
46  11 
46  12 
47  37 
47  2 
47  41 
47  4 
48  32 
48  31 
48  22 
48  21 
49  4 
49  5 
49  18 
49  22 
50  15 
50  11 
50  2 
50  4 
51  24 
51  23 
51  50 
51  45 
52  23 
52  42 
52  32 
52  10 
53  16 
53  52 
53  4 
53  1 
54  31 
54  22 
54  33 
54  20 
55  50 
55  43 
55  19 
55  7 
56  3 
56  4 
56  55 
56  5 
57  27 
57  13 
57  5 
57  8 
58  22 
58  6 
58  2 
58  32 
59  4 
59  3 
59  28 
59  10 
60  29 
60  40 
60  47 
60  3 
61  19 
61  1 
61  27 
61  56 
62  57 
62  9 
62  11 
62  2 
63  10 
63  8 
63  53 
63  22 
64  32 
64  4 
64  11 
64  30 
65  10 
65  6 
65  5 
65  46 
66  23 
66  4 
66  51 
66  8 
67  52 
67  50 
67  9 
67  1 
68  6 
68  4 
68  63 
68  55 
69  21 
69  54 
69  10 
69  5 
70  3 
70  63 
70  22 
70  61 
71  63 
71  4 
71  1 
71  29 
72  17 
72  40 
72  3 
72  21 
73  22 
73  30 
73  38 
73  18 
74  54 
74  62 
74  10 
74  11 
75  13 
75  27 
75  68 
75  8 
76  22 
76  5 
76  6 
76  7 
77  32 
77  71 
77  40 
77  50 
78  6 
78  23 
78  3 
78  2 
79  10 
79  20 
79  11 
79  17 
80  4 
80  7 
80  42 
80  38 
81  22 
81  20 
81  58 
81  68 
82  9 
82  43 
82  2 
82  21 
83  20 
83  14 
83  3 
83  18 
84  5 
84  40 
84  22 
84  19 
85  73 
85  71 
85  43 
85  56 
86  4 
86  7 
86  19 
86  46 
87  8 
87  55 
87  48 
87  56 
88  6 
88  2 
88  50 
88  62 
89  69 
89  54 
89  7 
89  16 
90  54 
90  22 
90  46 
90  3 
91  49 
91  9 
91  50 
91  58 
92  4 
92  3 
92  82 
92  83 
93  24 
93  38 
93  3 
93  77 
94  14 
94  7 
94  55 
94  44 
95  9 
95  8 
95  10 
95  50 
96  86 
96  11 
96  65 
96  54 
97  13 
97  1 
97  14 
97  9 
98  50 
98  24 
98  42 
98  27 
99  22 
99  5 
99  27 
99  7 
100  10 
100  12 
100  46 
100  89 
101  2 
101  94 
101  8 
101  28 
102  20 
102  14 
102  54 
102  38 
103  54 
103  80 
103  7 
103  22 
104  46 
104  68 
104  20 
104  24 
105  42 
105  8 
105  2 
105  50 
106  13 
106  48 
106  47 
106  24 
107  22 
107  7 
107  49 
107  21 
108  38 
108  87 
108  10 
108  51 
109  1 
109  4 
109  105 
109  15 
110  36 
110  19 
110  25 
110  23 
111  32 
111  1 
111  50 
111  13 
112  13 
112  6 
112  68 
112  8 
113  23 
113  8 
113  68 
113  51 
114  9 
114  22 
114  63 
114  19 
115  28 
115  96 
115  15 
115  3 
116  65 
116  29 
116  21 
116  5 
117  50 
117  8 
117  10 
117  1 
118  43 
118  38 
118  44 
118  3 
119  3 
119  16 
119  14 
119  19 
120  94 
120  58 
120  13 
120  8 
121  81 
121  1 
121  15 
121  13 
122  43 
122  87 
122  63 
122  6 
123  121 
123  108 
123  113 
123  10 
124  33 
124  6 
124  49 
124  13 
125  9 
125  64 
125  36 
125  13 
126  103 
126  88 
126  43 
126  69 
127  9 
127  68 
127  25 
127  29 
128  25 
128  105 
128  114 
128  38 
129  32 
129  6 
129  35 
129  54 
130  27 
130  108 
130  50 
130  96 
131  2 
131  24 
131  43 
131  52 
132  9 
132  90 
132  13 
132  95 
133  50 
133  8 
133  126 
133  14 
134  116 
134  120 
134  79 
134  67 
135  126 
135  55 
135  86 
135  10 
136  59 
136  25 
136  8 
136  2 
137  22 
137  29 
137  135 
137  5 
138  1 
138  10 
138  29 
138  13 
139  70 
139  84 
139  136 
139  44 
140  55 
140  124 
140  32 
140  107 
141  10 
141  138 
141  120 
141  84 
142  18 
142  4 
142  6 
142  2 
143  62 
143  72 
143  112 
143  9 
144  89 
144  11 
144  6 
144  22 
145  63 
145  83 
145  48 
145  12 
146  104 
146  12 
146  68 
146  5 
147  9 
147  30 
147  27 
147  28 
148  90 
148  46 
148  127 
148  25 
149  77 
149  25 
149  97 
149  7 
150  147 
150  2 
150  88 
150  7 
151  88 
151  10 
151  22 
151  84 
152  18 
152  50 
152  75 
152  59 
153  7 
153  28 
153  8 
153  32 
154  18 
154  7 
154  36 
154  140 
155  51 
155  5 
155  78 
155  111 
156  4 
156  2 
156  148 
156  7 
157  1 
157  48 
157  2 
157  136 
158  50 
158  108 
158  32 
158  54 
159  143 
159  5 
159  13 
159  4 
160  12 
160  40 
160  14 
160  10 
161  34 
161  36 
161  24 
161  14 
162  132 
162  97 
162  46 
162  25 
163  5 
163  52 
163  25 
163  107 
164  119 
164  95 
164  110 
164  10 
165  69 
165  27 
165  70 
165  9 
166  2 
166  4 
166  7 
166  26 
167  116 
167  4 
167  143 
167  125 
168  27 
168  3 
168  6 
168  49 
169  7 
169  76 
169  136 
169  26 
170  54 
170  5 
170  6 
170  69 
171  164 
171  86 
171  145 
171  6 
172  50 
172  27 
172  64 
172  168 
173  151 
173  39 
173  6 
173  27 
174  90 
174  5 
174  49 
174  50 
175  3 
175  126 
175  50 
175  11 
176  26 
176  97 
176  5 
176  94 
177  102 
177  13 
177  23 
177  7 
178  22 
178  103 
178  3 
178  151 
179  15 
179  8 
179  143 
179  9 
180  125 
180  172 
180  10 
180  42 
181  16 
181  135 
181  54 
181  8 
182  63 
182  69 
182  32 
182  8 
183  8 
183  36 
183  49 
183  59 
184  170 
184  69 
184  10 
184  25 
185  61 
185  22 
185  4 
185  83 
186  103 
186  42 
186  25 
186  30 
187  88 
187  25 
187  98 
187  22 
188  63 
188  43 
188  32 
188  149 
189  168 
189  10 
189  158 
189  4 
190  140 
190  44 
190  66 
190  59 
191  50 
191  84 
191  5 
191  63 
192  3 
192  12 
192  132 
192  143 
193  67 
193  27 
193  138 
193  132 
194  7 
194  151 
194  126 
194  10 
195  42 
195  73 
195  78 
195  48 
196  15 
196  38 
196  17 
196  32 
197  86 
197  29 
197  155 
197  108 
198  8 
198  93 
198  22 
198  189 
199  71 
199  138 
199  4 
199  10 
200  38 
200  92 
200  138 
200  68 
1  201 
1  202 
1  203 
1  204 
2  205 
2  206 
2  201 
2  207 
2  203 
3  205 
3  201 
3  208 
3  202 
4  208 
4  202 
4  203 
4  204 
5  202 
5  207 
5  204 
6  205 
6  204 
7  205 
7  206 
7  207 
7  203 
8  201 
8  208 
8  203 
8  204 
9  206 
9  208 
9  207 
9  203 
9  204 
10  205 
10  208 
10  202 
10  203 
10  204 
11  205 
11  206 
11  208 
11  202 
11  203 
11  204 
12  201 
12  208 
12  204 
13  208 
14  206 
14  201 
14  208 
14  207 
14  203 
14  204 
15  205 
15  201 
15  208 
15  203 
15  204 
16  206 
16  201 
17  201 
17  208 
17  202 
18  201 
18  207 
18  204 
19  206 
19  201 
19  207 
19  204 
20  206 
20  202 
21  206 
21  201 
21  208 
21  202 
21  207 
21  203 
21  204 
22  205 
22  208 
22  207 
23  205 
23  206 
23  201 
23  202 
24  205 
24  201 
24  202 
25  205 
25  208 
25  202 
25  203 
26  205 
26  201 
26  208 
26  202 
26  203 
27  201 
27  203 
27  204 
28  205 
28  206 
28  201 
28  204 
29  206 
29  208 
29  202 
29  207 
29  204 
30  205 
30  201 
30  203 
30  204 
31  205 
31  206 
31  208 
31  202 
31  207 
31  203 
31  204 
32  206 
32  202 
32  207 
32  203 
32  204 
33  206 
33  201 
33  208 
33  202 
33  203 
34  206 
34  201 
34  208 
34  203 
35  205 
35  201 
35  208 
36  206 
36  201 
36  202 
36  207 
36  204 
37  206 
37  201 
37  208 
37  207 
37  204 
38  206 
38  208 
38  202 
38  203 
38  204 
39  206 
39  208 
39  202 
39  207 
39  203 
39  204 
40  205 
40  201 
40  208 
40  202 
40  207 
40  204 
41  205 
41  201 
41  208 
41  203 
42  205 
42  206 
42  201 
42  202 
42  203 
43  205 
43  206 
43  201 
43  203 
44  205 
44  201 
44  208 
44  204 
45  202 
45  207 
45  203 
45  204 
46  201 
46  208 
46  207 
47  205 
47  206 
47  201 
47  208 
47  207 
47  204 
48  206 
48  201 
48  203 
49  206 
49  202 
49  204 
50  205 
50  206 
50  202 
50  203 
50  204 
205  206 
206  201 
201  208 
208  202 
202  207 
207  203 
203  204 
205  207 
206  208 
206  202 
206  207 
201  205 
201  202 
208  203 
202  203 
207  201 
203  205 
203  206 
203  201 
204  205 
204  202 
204  207 
51  205 
51  206 
51  201 
51  208 
51  204 
52  205 
52  206 
52  208 
52  207 
52  203 
52  204 
209  142 
209  42 
209  43 
209  47 
210  61 
210  9 
210  165 
210  39 
211  17 
211  107 
211  210 
211  180 
212  45 
212  148 
212  130 
212  134 
213  78 
213  18 
213  204 
213  163 
214  112 
214  176 
214  38 
214  127 
215  212 
215  31 
215  53 
215  159 
216  36 
216  152 
216  106 
216  45 
217  196 
217  18 
217  188 
217  134 
218  145 
218  164 
218  101 
218  171 
219  147 
219  53 
219  130 
219  183 
220  21 
220  33 
220  129 
220  26 
221  159 
221  209 
221  75 
221  218 
222  97 
222  36 
222  67 
222  165 
223  210 
223  134 
223  114 
223  222 
224  216 
224  223 
224  205 
224  105 
225  48 
225  129 
225  138 
225  211 
226  48 
226  193 
226  4 
226  114 
227  141 
227  124 
227  193 
227  183 
228  158 
228  217 
228  104 
228  180 
53  201 
53  208 
53  202 
53  207 
53  204 
54  206 
54  201 
54  202 
54  204 
55  201 
55  208 
55  202 
55  203 
229  39 
229  40 
229  228 
229  127 
230  66 
230  209 
230  78 
230  16 
231  1 
231  135 
231  120 
231  119 
232  219 
232  218 
232  20 
232  42 
233  201 
233  151 
233  1 
233  182 
234  163 
234  45 
234  146 
234  209 
235  232 
235  20 
235  102 
235  116 
236  186 
236  192 
236  165 
236  8 
237  232 
237  223 
237  226 
237  236 
238  220 
238  73 
238  130 
238  193 
239  191 
239  182 
239  116 
239  238 
240  78 
240  162 
240  86 
240  90 
241  41 
241  181 
241  86 
241  232 
242  56 
242  235 
242  73 
242  182 
243  107 
243  229 
243  28 
243  228 
244  126 
244  223 
244  101 
244  138 
245  214 
245  62 
245  229 
245  230 
246  38 
246  42 
246  15 
246  41 
247  95 
247  50 
247  37 
247  188 
248  46 
248  7 
248  19 
248  155 
56  205 
56  208 
56  202 
56  207 
56  203 
57  208 
57  202 
57  203 
249  9 
249  28 
249  180 
249  231 
250  182 
250  92 
250  114 
250  51 
251  226 
251  152 
251  207 
251  250 
252  66 
252  250 
252  133 
252  229 
253  208 
253  1 
253  204 
253  89 
254  78 
254  217 
254  155 
254  141 
255  92 
255  152 
255  91 
255  54 
256  27 
256  250 
256  124 
256  254 
257  153 
257  18 
257  256 
257  99 
258  162 
258  196 
258  230 
258  173 
259  101 
259  78 
259  29 
259  212 
260  136 
260  93 
260  124 
260  202 
261  215 
261  98 
261  113 
261  254 
262  224 
262  251 
262  249 
262  256 
263  126 
263  201 
263  122 
263  91 
264  47 
264  155 
264  258 
264  260 
265  152 
265  154 
265  255 
265  36 
266  141 
266  253 
266  77 
266  119 
267  79 
267  196 
267  34 
267  150 
268  60 
268  156 
268  43 
268  252 
58  206 
58  201 
58  208 
58  202 
58  207 
58  203 
2  269 
7  269 
11  269 
14  269 
17  269 
19  269 
21  269 
22  269 
24  269 
25  269 
26  269 
27  269 
28  269 
29  269 
33  269 
34  269 
37  269 
39  269 
40  269 
41  269 
42  269 
43  269 
47  269 
48  269 
49  269 
50  269 
51  269 
52  269 
53  269 
54  269 
55  269 
58  269 
205  208 
201  204 
202  205 
204  208 
269  206 
269  208 
269  202 
269  207 
269  204 
270  142 
270  68 
270  78 
270  91 
271  224 
271  247 
271  172 
271  116 
272  16 
272  267 
272  45 
272  230 
273  10 
273  259 
273  174 
273  52 
274  84 
274  228 
274  230 
274  273 
275  228 
275  26 
275  212 
275  139 
276  141 
276  273 
276  81 
276  130 
277  142 
277  17 
277  89 
277  112 
278  257 
278  134 
278  201 
278  24 
279  125 
279  278 
279  131 
279  175 
280  196 
280  47 
280  100 
280  129 
281  124 
281  229 
281  278 
281  175 
282  84 
282  71 
282  32 
282  26 
283  82 
283  198 
283  259 
283  210 
284  142 
284  84 
284  265 
284  271 
285  57 
285  247 
285  180 
285  198 
286  220 
286  167 
286  166 
286  262 
287  78 
287  32 
287  279 
287  66 
288  286 
288  17 
288  262 
288  200 
289  28 
289  10 
289  62 
289  180 
59  205 
59  202 
59  269 
60  205 
60  201 
60  202 
60  207 
60  204 
60  269 
61  205 
61  206 
61  201 
61  202 
61  207 
61  203 
61  204 
290  255 
290  30 
290  167 
290  145 
291  160 
291  202 
291  102 
291  282 
292  261 
292  176 
292  266 
292  262 
293  154 
293  92 
293  279 
293  201 
294  225 
294  171 
294  228 
294  82 
295  231 
295  228 
295  232 
295  149 
296  84 
296  147 
296  180 
296  8 
297  190 
297  26 
297  141 
297  287 
298  159 
298  278 
298  149 
298  169 
299  96 
299  260 
299  25 
299  97 
300  169 
300  190 
300  130 
300  58 
301  25 
301  34 
301  279 
301  177 
302  216 
302  154 
302  102 
302  3 
303  299 
303  126 
303  101 
303  180 
304  213 
304  196 
304  260 
304  27 
305  242 
305  282 
305  252 
305  256 
306  183 
306  296 
306  165 
306  178 
307  303 
307  258 
307  125 
307  149 
308  154 
308  299 
308  302 
308  196 
309  276 
309  161 
309  265 
309  301 
62  205 
62  201 
62  202 
62  207 
310  31 
310  149 
310  143 
310  140 
311  310 
311  278 
311  243 
311  135 
312  164 
312  272 
312  308 
312  30 
313  41 
313  7 
313  200 
313  81 
314  197 
314  307 
314  241 
314  8 
315  22 
315  309 
315  122 
315  129 
316  15 
316  251 
316  294 
316  250 
317  93 
317  53 
317  264 
317  170 
318  166 
318  204 
318  316 
318  133 
319  182 
319  217 
319  308 
319  114 
320  246 
320  226 
320  198 
320  141 
321  110 
321  319 
321  4 
321  98 
322  133 
322  8 
322  176 
322  78 
323  178 
323  141 
323  52 
323  208 
324  62 
324  310 
324  312 
324  225 
325  21 
325  49 
325  287 
325  272 
326  76 
326  133 
326  43 
326  206 
327  176 
327  107 
327  197 
327  132 
328  134 
328  313 
328  183 
328  178 
329  315 
329  319 
329  49 
329  162 
63  201 
63  208 
63  202 
63  207 
64  205 
64  206 
64  201 
64  208 
64  207 
64  269 
330  170 
330  122 
330  61 
330  97 
331  93 
331  66 
331  190 
331  152 
332  20 
332  29 
332  295 
332  113 
333  205 
333  23 
333  67 
333  295 
334  331 
334  20 
334  204 
334  144 
335  193 
335  266 
335  62 
335  237 
336  27 
336  36 
336  10 
336  170 
337  150 
337  332 
337  119 
337  242 
338  16 
338  28 
338  125 
338  174 
339  12 
339  122 
339  247 
339  98 
340  85 
340  299 
340  192 
340  127 
341  135 
341  100 
341  206 
341  333 
342  70 
342  10 
342  170 
342  310 
343  30 
343  101 
343  11 
343  333 
344  243 
344  64 
344  220 
344  313 
345  224 
345  237 
345  187 
345  173 
346  89 
346  248 
346  57 
346  309 
347  344 
347  333 
347  205 
347  193 
348  180 
348  17 
348  218 
348  336 
349  232 
349  339 
349  127 
349  36 
65  205 
65  206 
65  202 
65  207 
66  206 
66  201 
66  208 
66  202 
66  207 
66  204 
350  65 
350  118 
350  191 
350  208 
351  168 
351  274 
351  349 
351  88 
352  85 
352  174 
352  173 
352  272 
353  276 
353  77 
353  114 
353  51 
354  175 
354  246 
354  56 
354  186 
355  162 
355  217 
355  325 
355  22 
356  1 
356  182 
356  264 
356  90 
357  114 
357  21 
357  352 
357  184 
358  344 
358  184 
358  355 
358  356 
359  126 
359  136 
359  79 
359  142 
360  211 
360  357 
360  67 
360  73 
361  49 
361  85 
361  35 
361  95 
362  233 
362  357 
362  49 
362  356 
363  227 
363  352 
363  25 
363  228 
364  141 
364  218 
364  97 
364  219 
365  60 
365  249 
365  309 
365  95 
366  354 
366  129 
366  88 
366  101 
367  49 
367  225 
367  83 
367  26 
368  325 
368  367 
368  91 
368  358 
369  311 
369  26 
369  344 
369  324 
67  202 
67  207 
67  203 
68  205 
68  201 
68  202 
68  204 
68  269 
370  76 
370  108 
370  292 
370  32 
371  370 
371  78 
371  352 
371  273 
372  281 
372  80 
372  173 
372  40 
373  138 
373  248 
373  240 
373  359 
374  295 
374  42 
374  285 
374  154 
375  370 
375  146 
375  14 
375  83 
376  274 
376  208 
376  123 
376  238 
377  21 
377  75 
377  271 
377  161 
378  227 
378  268 
378  99 
378  313 
379  375 
379  309 
379  347 
379  278 
380  282 
380  47 
380  375 
380  345 
381  277 
381  129 
381  222 
381  70 
382  75 
382  108 
382  104 
382  241 
383  271 
383  208 
383  86 
383  40 
384  351 
384  359 
384  280 
384  210 
385  266 
385  379 
385  381 
385  95 
386  174 
386  370 
386  294 
386  242 
387  15 
387  372 
387  335 
387  284 
388  182 
388  11 
388  208 
388  355 
389  371 
389  171 
389  351 
389  187 
69  206 
69  204 
390  2 
390  146 
390  286 
390  170 
391  21 
391  209 
391  78 
391  334 
392  283 
392  91 
392  42 
392  132 
393  281 
393  50 
393  267 
393  371 
394  42 
394  18 
394  150 
394  91 
395  220 
395  39 
395  108 
395  78 
396  172 
396  244 
396  231 
396  2 
397  293 
397  107 
397  115 
397  281 
398  63 
398  91 
398  75 
398  93 
399  303 
399  82 
399  25 
399  361 
400  42 
400  6 
400  53 
400  169 
401  267 
401  130 
401  254 
401  231 
402  10 
402  140 
402  170 
402  54 
403  143 
403  337 
403  372 
403  213 
404  76 
404  361 
404  205 
404  305 
405  244 
405  401 
405  397 
405  220 
406  63 
406  377 
406  56 
406  211 
407  362 
407  357 
407  52 
407  36 
408  374 
408  119 
408  398 
408  312 
409  392 
409  408 
409  283 
409  396 
70  206 
410  263 
410  24 
410  234 
410  91 
411  308 
411  129 
411  242 
411  182 
412  146 
412  158 
412  174 
412  313 
413  155 
413  412 
413  173 
413  25 
414  281 
414  261 
414  255 
414  90 
415  36 
415  229 
415  206 
415  204 
416  372 
416  74 
416  411 
416  88 
417  201 
417  135 
417  260 
417  357 
418  175 
418  359 
418  415 
418  76 
419  103 
419  39 
419  67 
419  178 
420  237 
420  203 
420  74 
420  375 
421  318 
421  129 
421  314 
421  170 
422  392 
422  184 
422  260 
422  122 
423  210 
423  260 
423  238 
423  128 
424  123 
424  378 
424  260 
424  419 
425  203 
425  126 
425  410 
425  423 
426  402 
426  425 
426  416 
426  338 
427  388 
427  417 
427  89 
427  376 
428  180 
428  318 
428  174 
428  133 
429  326 
429  417 
429  369 
429  128 
71  201 
71  269 
72  202 
72  203 
72  204 
73  205 
73  201 
73  207 
73  203 
73  204 
73  269 
430  244 
430  249 
430  132 
430  312 
431  402 
431  382 
431  57 
431  216 
432  244 
432  109 
432  232 
432  190 
433  297 
433  311 
433  124 
433  273 
434  64 
434  12 
434  43 
434  48 
435  92 
435  12 
435  134 
435  417 
436  369 
436  367 
436  30 
436  103 
437  43 
437  327 
437  398 
437  158 
438  180 
438  244 
438  175 
438  331 
439  407 
439  294 
439  302 
439  417 
440  192 
440  273 
440  54 
440  213 
441  98 
441  1 
441  107 
441  381 
442  434 
442  261 
442  426 
442  323 
443  64 
443  48 
443  32 
443  324 
444  28 
444  147 
444  443 
444  253 
445  30 
445  299 
445  293 
445  443 
446  344 
446  444 
446  394 
446  417 
447  142 
447  176 
447  236 
447  318 
448  437 
448  120 
448  8 
448  438 
449  192 
449  363 
449  333 
449  321 
74  206 
74  201 
74  202 
74  269 
75  205 
75  206 
75  201 
75  208 
75  202 
75  207 
75  204 
75  269 
76  205 
76  201 
76  208 
76  202 
76  207 
76  269 
450  54 
450  284 
450  12 
450  287 
451  281 
451  8 
451  146 
451  24 
452  41 
452  246 
452  3 
452  269 
453  372 
453  133 
453  80 
453  450 
454  313 
454  450 
454  198 
454  307 
455  338 
455  231 
455  350 
455  41 
456  450 
456  239 
456  100 
456  27 
457  259 
457  122 
457  338 
457  187 
458  401 
458  412 
458  188 
458  102 
459  400 
459  7 
459  42 
459  96 
460  350 
460  274 
460  382 
460  288 
461  452 
461  163 
461  412 
461  126 
462  18 
462  322 
462  202 
462  198 
463  38 
463  52 
463  307 
463  409 
464  457 
464  134 
464  70 
464  10 
465  57 
465  460 
465  204 
465  338 
466  451 
466  332 
466  231 
466  57 
467  175 
467  101 
467  326 
467  463 
468  344 
468  280 
468  200 
468  164 
469  63 
469  131 
469  395 
469  463 
77  205 
77  201 
77  202 
77  203 
78  206 
78  207 
79  208 
79  202 
79  204 
79  269 
80  206 
80  201 
80  202 
80  207 
80  203 
81  205 
81  206 
81  201 
81  208 
81  207 
470  182 
470  187 
470  42 
470  376 
471  263 
471  437 
471  300 
471  337 
472  460 
472  139 
472  263 
472  49 
473  179 
473  201 
473  258 
473  217 
474  61 
474  340 
474  101 
474  73 
475  35 
475  247 
475  121 
475  436 
476  353 
476  62 
476  194 
476  250 
477  373 
477  70 
477  23 
477  164 
478  263 
478  464 
478  80 
478  57 
479  395 
479  452 
479  400 
479  250 
480  336 
480  453 
480  116 
480  61 
481  327 
481  219 
481  263 
481  315 
482  81 
482  91 
482  472 
482  11 
483  441 
483  274 
483  218 
483  135 
484  353 
484  216 
484  211 
484  359 
485  22 
485  186 
485  234 
485  87 
486  80 
486  452 
486  159 
486  281 
487  415 
487  90 
487  202 
487  269 
488  172 
488  219 
488  479 
488  192 
489  411 
489  259 
489  475 
489  473 
 

