1  2 
1  3 
1  4 
1  5 
1  6 
1  7 
1  8 
1  9 
1  10 
2  3 
2  4 
2  5 
2  6 
2  7 
2  8 
2  9 
2  10 
3  4 
3  5 
3  6 
3  7 
3  8 
3  9 
3  10 
4  5 
4  6 
4  7 
4  8 
4  9 
4  10 
5  6 
5  7 
5  8 
5  9 
5  10 
6  7 
6  8 
6  9 
6  10 
7  8 
7  9 
7  10 
8  9 
8  10 
9  10 
11  6 
11  1 
11  10 
11  5 
12  5 
12  8 
12  7 
12  6 
13  7 
13  8 
13  11 
13  6 
14  12 
14  1 
14  2 
14  7 
15  2 
15  5 
15  3 
15  11 
16  10 
16  1 
16  6 
16  7 
17  10 
17  2 
17  4 
17  12 
18  17 
18  8 
18  6 
18  10 
19  6 
19  2 
19  14 
19  3 
20  7 
20  5 
20  9 
20  2 
21  5 
21  4 
21  18 
21  9 
22  18 
22  8 
22  2 
22  4 
23  10 
23  17 
23  13 
23  6 
24  5 
24  3 
24  7 
24  14 
25  7 
25  14 
25  18 
25  2 
26  2 
26  25 
26  3 
26  6 
27  10 
27  11 
27  7 
27  1 
28  2 
28  7 
28  14 
28  9 
29  3 
29  12 
29  7 
29  4 
30  4 
30  8 
30  25 
30  7 
31  19 
31  9 
31  10 
31  23 
32  31 
32  7 
32  5 
32  14 
33  2 
33  17 
33  11 
33  9 
34  6 
34  1 
34  32 
34  4 
35  7 
35  27 
35  10 
35  13 
36  28 
36  10 
36  2 
36  27 
37  2 
37  22 
37  4 
37  9 
38  1 
38  35 
38  30 
38  6 
39  16 
39  22 
39  23 
39  10 
40  2 
40  27 
40  35 
40  28 
41  39 
41  27 
41  32 
41  28 
42  29 
42  28 
42  7 
42  3 
43  10 
43  25 
43  24 
43  39 
44  35 
44  34 
44  5 
44  8 
45  38 
45  39 
45  4 
45  12 
46  4 
46  28 
46  10 
46  42 
47  3 
47  6 
47  2 
47  29 
48  7 
48  23 
48  32 
48  8 
49  10 
49  32 
49  4 
49  12 
50  17 
50  47 
50  10 
50  15 
51  9 
51  28 
51  12 
51  48 
52  50 
52  27 
52  37 
52  21 
53  29 
53  10 
53  50 
53  12 
54  2 
54  11 
54  52 
54  40 
55  4 
55  18 
55  33 
55  49 
56  3 
56  5 
56  23 
56  7 
57  4 
57  29 
57  36 
57  40 
58  8 
58  7 
58  38 
58  33 
59  3 
59  44 
59  21 
59  28 
60  3 
60  1 
60  21 
60  28 
61  47 
61  29 
61  10 
61  23 
62  39 
62  9 
62  12 
62  1 
63  15 
63  19 
63  6 
63  56 
64  9 
64  14 
64  62 
64  30 
65  42 
65  19 
65  4 
65  44 
66  28 
66  33 
66  6 
66  50 
67  62 
67  61 
67  6 
67  53 
68  65 
68  28 
68  10 
68  9 
69  4 
69  34 
69  37 
69  23 
70  19 
70  8 
70  40 
70  67 
71  3 
71  57 
71  56 
71  4 
72  7 
72  35 
72  22 
72  1 
73  66 
73  35 
73  50 
73  39 
74  3 
74  54 
74  7 
74  57 
75  10 
75  11 
75  30 
75  4 
76  11 
76  15 
76  36 
76  13 
77  71 
77  75 
77  6 
77  14 
78  64 
78  71 
78  16 
78  2 
79  10 
79  20 
79  8 
79  25 
80  19 
80  54 
80  28 
80  31 
81  56 
81  4 
81  15 
81  57 
82  62 
82  11 
82  12 
82  35 
83  6 
83  3 
83  11 
83  43 
84  1 
84  71 
84  43 
84  2 
85  34 
85  31 
85  66 
85  29 
86  10 
86  33 
86  48 
86  56 
87  40 
87  19 
87  3 
87  43 
88  73 
88  34 
88  38 
88  36 
89  1 
89  4 
89  19 
89  9 
90  2 
90  8 
90  6 
90  15 
91  63 
91  7 
91  48 
91  2 
92  15 
92  32 
92  50 
92  40 
93  25 
93  6 
93  11 
93  88 
94  68 
94  56 
94  8 
94  31 
95  29 
95  19 
95  9 
95  36 
96  51 
96  28 
96  1 
96  5 
97  12 
97  17 
97  32 
97  62 
98  48 
98  3 
98  34 
98  96 
99  4 
99  53 
99  39 
99  13 
100  89 
100  8 
100  6 
100  79 
101  10 
101  4 
101  92 
101  22 
102  18 
102  82 
102  38 
102  36 
103  10 
103  35 
103  54 
103  96 
104  16 
104  6 
104  3 
104  41 
105  70 
105  17 
105  2 
105  12 
106  53 
106  61 
106  86 
106  59 
107  38 
107  4 
107  8 
107  17 
108  4 
108  72 
108  30 
108  1 
109  2 
109  25 
109  11 
109  15 
110  1 
110  83 
110  36 
110  49 
111  66 
111  14 
111  53 
111  92 
112  8 
112  81 
112  11 
112  1 
113  1 
113  60 
113  79 
113  63 
114  96 
114  3 
114  57 
114  17 
115  45 
115  36 
115  82 
115  57 
116  28 
116  79 
116  53 
116  75 
117  2 
117  11 
117  85 
117  80 
118  1 
118  7 
118  40 
118  78 
119  29 
119  6 
119  62 
119  1 
120  74 
120  70 
120  80 
120  5 
121  9 
121  1 
121  28 
121  43 
122  91 
122  6 
122  29 
122  20 
123  77 
123  15 
123  50 
123  9 
124  2 
124  86 
124  11 
124  24 
125  68 
125  18 
125  8 
125  22 
126  71 
126  30 
126  5 
126  79 
127  57 
127  4 
127  24 
127  93 
128  63 
128  1 
128  56 
128  82 
129  50 
129  1 
129  7 
129  18 
130  56 
130  9 
130  113 
130  32 
131  71 
131  120 
131  32 
131  36 
132  8 
132  104 
132  42 
132  31 
133  31 
133  23 
133  61 
133  87 
134  121 
134  4 
134  10 
134  3 
135  134 
135  22 
135  30 
135  35 
136  6 
136  71 
136  85 
136  28 
137  7 
137  28 
137  135 
137  18 
138  91 
138  98 
138  4 
138  1 
139  7 
139  10 
139  8 
139  102 
140  12 
140  136 
140  11 
140  14 
141  135 
141  10 
141  25 
141  102 
142  35 
142  1 
142  10 
142  139 
143  29 
143  35 
143  16 
143  27 
144  10 
144  38 
144  71 
144  2 
145  12 
145  59 
145  7 
145  75 
146  3 
146  77 
146  73 
146  62 
147  22 
147  68 
147  6 
147  53 
148  3 
148  18 
148  12 
148  135 
149  67 
149  22 
149  9 
149  89 
150  62 
150  60 
150  118 
150  55 
151  5 
151  4 
151  91 
151  59 
152  66 
152  57 
152  7 
152  150 
153  98 
153  36 
153  17 
153  3 
154  107 
154  98 
154  8 
154  36 
155  19 
155  63 
155  8 
155  28 
156  49 
156  15 
156  53 
156  37 
157  28 
157  50 
157  9 
157  16 
158  12 
158  10 
158  31 
158  11 
159  7 
159  34 
159  150 
159  4 
160  12 
160  11 
160  25 
160  107 
161  8 
161  111 
161  15 
161  90 
162  48 
162  64 
162  32 
162  71 
163  6 
163  97 
163  160 
163  46 
164  20 
164  18 
164  4 
164  133 
165  17 
165  56 
165  1 
165  19 
166  154 
166  37 
166  157 
166  106 
167  55 
167  28 
167  4 
167  36 
168  10 
168  77 
168  70 
168  7 
169  78 
169  21 
169  10 
169  9 
170  29 
170  141 
170  7 
170  49 
171  10 
171  39 
171  48 
171  38 
172  86 
172  152 
172  18 
172  19 
173  139 
173  30 
173  120 
173  8 
174  18 
174  29 
174  82 
174  52 
175  151 
175  57 
175  80 
175  118 
176  29 
176  52 
176  55 
176  7 
177  31 
177  8 
177  91 
177  98 
178  97 
178  73 
178  66 
178  50 
179  78 
179  130 
179  4 
179  2 
180  63 
180  140 
180  5 
180  25 
181  178 
181  9 
181  19 
181  4 
182  48 
182  6 
182  1 
182  14 
183  5 
183  19 
183  6 
183  46 
184  68 
184  1 
184  111 
184  16 
185  2 
185  121 
185  84 
185  92 
186  128 
186  2 
186  28 
186  114 
187  16 
187  137 
187  4 
187  7 
188  23 
188  151 
188  19 
188  77 
189  46 
189  40 
189  39 
189  183 
190  139 
190  36 
190  18 
190  163 
191  15 
191  4 
191  7 
191  26 
192  22 
192  35 
192  2 
192  10 
193  4 
193  50 
193  82 
193  33 
194  82 
194  28 
194  10 
194  45 
195  121 
195  36 
195  9 
195  28 
196  36 
196  14 
196  177 
196  7 
197  20 
197  28 
197  110 
197  27 
198  179 
198  80 
198  6 
198  82 
199  36 
199  53 
199  81 
199  29 
200  3 
200  56 
200  78 
200  6 
1  201 
1  202 
2  203 
2  204 
3  205 
3  206 
3  207 
3  201 
3  202 
3  204 
3  208 
4  206 
5  203 
5  205 
5  207 
5  204 
6  207 
7  203 
7  205 
7  206 
7  201 
7  204 
7  208 
8  203 
8  206 
8  207 
8  202 
8  208 
9  203 
9  201 
9  204 
10  205 
10  207 
10  201 
10  202 
10  204 
10  208 
11  206 
11  207 
11  201 
11  202 
12  205 
12  207 
12  201 
12  202 
12  208 
13  206 
13  201 
13  208 
14  206 
14  202 
14  208 
15  203 
15  205 
15  206 
15  207 
15  202 
15  208 
16  206 
16  207 
16  201 
16  204 
16  208 
17  206 
17  207 
17  204 
18  203 
18  205 
18  206 
18  207 
18  201 
18  202 
18  204 
18  208 
19  203 
19  205 
19  206 
19  207 
19  208 
20  203 
20  201 
20  202 
20  204 
20  208 
21  205 
21  207 
21  201 
21  202 
21  204 
22  205 
22  208 
23  203 
23  205 
23  201 
24  205 
24  201 
24  202 
24  208 
25  205 
25  206 
25  207 
25  202 
25  204 
26  201 
27  203 
27  205 
27  206 
27  207 
27  201 
27  202 
27  208 
28  203 
28  206 
28  207 
28  201 
29  206 
29  207 
29  202 
29  204 
30  203 
30  202 
30  204 
30  208 
31  207 
31  202 
31  204 
31  208 
32  205 
32  206 
32  207 
33  203 
33  206 
33  207 
33  208 
34  203 
34  205 
34  206 
34  202 
34  208 
35  206 
35  207 
35  201 
35  202 
35  204 
36  203 
36  207 
36  204 
37  203 
37  206 
37  201 
37  202 
37  204 
37  208 
38  205 
38  207 
38  201 
38  204 
38  208 
39  203 
39  205 
39  201 
39  202 
40  202 
40  204 
41  205 
41  206 
41  207 
41  204 
41  208 
42  205 
42  207 
42  202 
42  204 
42  208 
43  207 
43  201 
43  202 
43  208 
44  203 
44  206 
45  205 
45  201 
45  202 
46  203 
46  205 
46  206 
46  207 
46  201 
47  203 
47  205 
47  207 
47  201 
47  204 
48  203 
48  207 
48  201 
48  208 
49  207 
49  208 
50  203 
50  205 
50  206 
50  207 
203  205 
205  206 
206  207 
207  201 
201  202 
202  204 
204  208 
203  201 
203  204 
205  207 
206  203 
206  201 
206  202 
206  204 
207  203 
202  203 
202  207 
204  205 
204  207 
208  207 
208  201 
51  203 
51  205 
51  207 
52  203 
52  205 
52  206 
52  202 
52  204 
53  203 
53  201 
53  202 
53  204 
54  203 
209  182 
209  165 
209  83 
209  49 
210  173 
210  69 
210  49 
210  35 
211  164 
211  33 
211  111 
211  161 
212  39 
212  45 
212  161 
212  111 
213  180 
213  145 
213  22 
213  78 
214  145 
214  206 
214  76 
214  75 
215  212 
215  156 
215  163 
215  52 
216  53 
216  45 
216  145 
216  72 
217  36 
217  76 
217  172 
217  114 
218  211 
218  182 
218  73 
218  192 
219  131 
219  113 
219  214 
219  46 
220  206 
220  212 
220  74 
220  213 
221  220 
221  107 
221  211 
221  5 
222  145 
222  214 
222  211 
222  150 
223  135 
223  156 
223  86 
223  154 
224  214 
224  4 
224  3 
224  59 
225  215 
225  86 
225  79 
225  220 
226  138 
226  22 
226  152 
226  125 
227  3 
227  215 
227  61 
227  41 
228  159 
228  78 
228  38 
228  58 
 

