1  2 
1  3 
1  4 
1  5 
1  6 
1  7 
1  8 
1  9 
1  10 
2  3 
2  4 
2  5 
2  6 
2  7 
2  8 
2  9 
2  10 
3  4 
3  5 
3  6 
3  7 
3  8 
3  9 
3  10 
4  5 
4  6 
4  7 
4  8 
4  9 
4  10 
5  6 
5  7 
5  8 
5  9 
5  10 
6  7 
6  8 
6  9 
6  10 
7  8 
7  9 
7  10 
8  9 
8  10 
9  10 
11  3 
11  1 
11  8 
11  5 
12  1 
12  5 
12  4 
12  8 
13  7 
13  10 
13  8 
13  5 
14  1 
14  4 
14  2 
14  5 
15  4 
15  7 
15  3 
15  1 
16  7 
16  2 
16  4 
16  9 
17  9 
17  14 
17  2 
17  11 
18  8 
18  1 
18  9 
18  4 
19  13 
19  2 
19  3 
19  16 
20  4 
20  9 
20  1 
20  7 
21  1 
21  3 
21  11 
21  8 
22  1 
22  8 
22  12 
22  4 
23  7 
23  5 
23  8 
23  15 
24  2 
24  3 
24  12 
24  13 
25  1 
25  4 
25  3 
25  12 
26  21 
26  4 
26  13 
26  3 
27  2 
27  6 
27  26 
27  3 
28  2 
28  9 
28  4 
28  7 
29  4 
29  23 
29  2 
29  7 
30  10 
30  16 
30  25 
30  4 
31  11 
31  3 
31  7 
31  26 
32  16 
32  27 
32  4 
32  13 
33  1 
33  8 
33  28 
33  3 
34  1 
34  4 
34  3 
34  13 
35  28 
35  9 
35  26 
35  8 
36  7 
36  17 
36  20 
36  2 
37  8 
37  13 
37  4 
37  2 
38  28 
38  1 
38  27 
38  11 
39  2 
39  6 
39  1 
39  21 
40  4 
40  34 
40  27 
40  9 
41  19 
41  15 
41  13 
41  38 
42  22 
42  8 
42  7 
42  2 
43  4 
43  18 
43  2 
43  39 
44  32 
44  36 
44  22 
44  4 
45  8 
45  27 
45  5 
45  18 
46  3 
46  9 
46  16 
46  11 
47  27 
47  20 
47  19 
47  9 
48  9 
48  40 
48  2 
48  4 
49  13 
49  23 
49  32 
49  19 
50  20 
50  5 
50  10 
50  3 
51  6 
51  27 
51  4 
51  17 
52  27 
52  31 
52  17 
52  7 
53  38 
53  2 
53  1 
53  23 
54  18 
54  23 
54  32 
54  20 
55  3 
55  4 
55  21 
55  13 
56  8 
56  3 
56  7 
56  10 
57  39 
57  51 
57  14 
57  38 
58  28 
58  3 
58  21 
58  18 
59  5 
59  2 
59  48 
59  10 
60  28 
60  26 
60  46 
60  54 
61  2 
61  45 
61  47 
61  22 
62  10 
62  2 
62  3 
62  34 
63  4 
63  26 
63  46 
63  2 
64  10 
64  60 
64  40 
64  2 
65  18 
65  26 
65  8 
65  27 
66  16 
66  1 
66  28 
66  2 
67  52 
67  19 
67  13 
67  41 
68  57 
68  54 
68  5 
68  19 
69  60 
69  8 
69  34 
69  28 
70  1 
70  64 
70  25 
70  2 
71  35 
71  2 
71  10 
71  7 
72  63 
72  64 
72  3 
72  38 
73  66 
73  13 
73  51 
73  39 
74  6 
74  8 
74  26 
74  36 
75  16 
75  8 
75  38 
75  2 
76  35 
76  33 
76  4 
76  28 
77  40 
77  72 
77  8 
77  3 
78  15 
78  29 
78  31 
78  25 
79  13 
79  27 
79  6 
79  65 
80  38 
80  1 
80  23 
80  34 
81  32 
81  39 
81  9 
81  10 
82  21 
82  3 
82  32 
82  8 
83  27 
83  79 
83  25 
83  28 
84  40 
84  72 
84  12 
84  73 
85  28 
85  23 
85  2 
85  15 
86  2 
86  21 
86  60 
86  8 
87  42 
87  5 
87  73 
87  3 
88  1 
88  23 
88  2 
88  15 
89  27 
89  22 
89  78 
89  64 
90  76 
90  12 
90  4 
90  3 
91  13 
91  25 
91  52 
91  26 
92  2 
92  4 
92  77 
92  9 
93  9 
93  13 
93  3 
93  49 
94  27 
94  23 
94  3 
94  9 
95  11 
95  19 
95  40 
95  7 
96  4 
96  2 
96  6 
96  51 
97  25 
97  71 
97  3 
97  52 
98  44 
98  7 
98  9 
98  3 
99  73 
99  27 
99  63 
99  75 
100  27 
100  20 
100  94 
100  13 
101  80 
101  2 
101  46 
101  28 
102  81 
102  2 
102  43 
102  5 
103  21 
103  92 
103  65 
103  94 
104  28 
104  59 
104  2 
104  4 
105  28 
105  80 
105  1 
105  47 
106  1 
106  11 
106  98 
106  2 
107  4 
107  2 
107  6 
107  24 
108  7 
108  73 
108  13 
108  74 
109  48 
109  67 
109  106 
109  7 
110  39 
110  2 
110  8 
110  26 
111  3 
111  5 
111  4 
111  19 
112  5 
112  62 
112  34 
112  12 
113  64 
113  7 
113  45 
113  8 
114  5 
114  63 
114  45 
114  35 
115  7 
115  89 
115  13 
115  39 
116  79 
116  74 
116  16 
116  13 
117  29 
117  113 
117  13 
117  15 
118  29 
118  27 
118  40 
118  4 
119  5 
119  4 
119  79 
119  49 
120  75 
120  12 
120  19 
120  116 
121  54 
121  114 
121  9 
121  88 
122  2 
122  23 
122  79 
122  1 
123  5 
123  3 
123  7 
123  12 
124  41 
124  8 
124  106 
124  28 
125  18 
125  27 
125  7 
125  3 
126  1 
126  11 
126  6 
126  46 
127  14 
127  68 
127  95 
127  2 
128  27 
128  82 
128  50 
128  90 
129  5 
129  9 
129  2 
129  46 
130  44 
130  77 
130  4 
130  112 
131  4 
131  3 
131  80 
131  72 
132  2 
132  77 
132  3 
132  73 
133  116 
133  101 
133  69 
133  106 
134  90 
134  15 
134  7 
134  77 
135  100 
135  127 
135  3 
135  111 
136  129 
136  77 
136  95 
136  22 
137  11 
137  130 
137  9 
137  79 
138  136 
138  2 
138  6 
138  10 
139  58 
139  21 
139  67 
139  2 
140  18 
140  34 
140  105 
140  5 
141  42 
141  2 
141  39 
141  72 
142  107 
142  7 
142  19 
142  117 
143  30 
143  9 
143  23 
143  65 
144  23 
144  90 
144  28 
144  139 
145  130 
145  17 
145  72 
145  46 
146  28 
146  1 
146  81 
146  2 
147  7 
147  17 
147  21 
147  18 
148  30 
148  47 
148  37 
148  54 
149  41 
149  24 
149  54 
149  1 
150  109 
150  18 
150  51 
150  16 
151  9 
151  48 
151  140 
151  49 
152  1 
152  10 
152  131 
152  5 
153  142 
153  127 
153  73 
153  8 
154  29 
154  40 
154  26 
154  1 
155  24 
155  10 
155  35 
155  4 
156  8 
156  85 
156  33 
156  53 
157  8 
157  143 
157  34 
157  78 
158  16 
158  25 
158  145 
158  122 
159  10 
159  7 
159  72 
159  56 
160  2 
160  129 
160  8 
160  122 
161  2 
161  47 
161  13 
161  117 
162  31 
162  8 
162  34 
162  38 
163  28 
163  9 
163  5 
163  7 
164  58 
164  67 
164  142 
164  2 
165  138 
165  41 
165  22 
165  76 
166  2 
166  27 
166  66 
166  53 
167  1 
167  33 
167  8 
167  16 
168  121 
168  2 
168  9 
168  98 
169  55 
169  2 
169  3 
169  125 
170  160 
170  1 
170  27 
170  20 
171  46 
171  95 
171  17 
171  96 
172  70 
172  106 
172  38 
172  23 
173  17 
173  26 
173  56 
173  21 
174  8 
174  78 
174  131 
174  138 
175  58 
175  44 
175  2 
175  131 
176  160 
176  88 
176  30 
176  164 
177  131 
177  120 
177  174 
177  94 
178  98 
178  162 
178  39 
178  2 
179  84 
179  163 
179  146 
179  131 
180  21 
180  59 
180  138 
180  55 
181  22 
181  149 
181  1 
181  19 
182  3 
182  46 
182  45 
182  177 
183  34 
183  3 
183  158 
183  4 
184  49 
184  79 
184  20 
184  4 
185  82 
185  64 
185  45 
185  14 
186  32 
186  142 
186  38 
186  33 
187  174 
187  131 
187  5 
187  12 
188  140 
188  23 
188  13 
188  176 
189  126 
189  129 
189  13 
189  66 
190  28 
190  2 
190  108 
190  12 
191  28 
191  33 
191  81 
191  118 
192  12 
192  28 
192  2 
192  159 
193  4 
193  8 
193  35 
193  100 
194  74 
194  33 
194  85 
194  79 
195  177 
195  4 
195  120 
195  19 
196  4 
196  44 
196  195 
196  94 
197  36 
197  27 
197  54 
197  191 
198  117 
198  153 
198  3 
198  100 
199  126 
199  198 
199  90 
199  51 
200  3 
200  166 
200  1 
200  58 
1  201 
1  202 
1  203 
1  204 
1  205 
2  203 
2  204 
2  206 
2  207 
3  202 
3  203 
3  204 
3  207 
4  201 
4  202 
4  203 
4  205 
5  205 
5  206 
5  207 
6  204 
6  208 
7  201 
7  203 
7  204 
7  206 
7  207 
8  203 
8  206 
8  208 
8  207 
9  202 
9  203 
9  205 
9  208 
9  207 
10  203 
10  204 
10  205 
11  201 
11  203 
11  205 
11  208 
12  201 
12  202 
12  203 
12  206 
13  201 
13  203 
13  204 
13  206 
14  201 
14  203 
14  205 
14  206 
15  202 
15  205 
15  206 
15  207 
16  203 
16  204 
16  206 
16  208 
16  207 
17  201 
17  206 
17  208 
17  207 
18  201 
18  203 
18  204 
18  208 
18  207 
19  206 
20  201 
20  202 
20  203 
20  204 
20  206 
20  207 
201  202 
202  203 
203  204 
204  205 
205  206 
206  208 
208  207 
201  203 
201  206 
202  204 
202  205 
202  206 
202  208 
204  206 
205  201 
205  203 
205  208 
208  201 
207  205 
207  206 
209  107 
209  160 
209  62 
209  95 
210  130 
210  70 
210  84 
210  50 
211  86 
211  99 
211  15 
211  12 
212  194 
212  200 
212  170 
212  80 
213  107 
213  115 
213  183 
213  199 
214  78 
214  81 
214  183 
214  50 
215  139 
215  129 
215  100 
215  166 
216  20 
216  78 
216  123 
216  160 
217  122 
217  26 
217  183 
217  15 
218  55 
218  30 
218  124 
218  50 
219  193 
219  46 
219  209 
219  27 
220  78 
220  146 
220  103 
220  172 
221  177 
221  64 
221  126 
221  62 
222  35 
222  42 
222  14 
222  146 
223  158 
223  215 
223  20 
223  3 
224  66 
224  214 
224  211 
224  49 
225  181 
225  129 
225  124 
225  217 
226  15 
226  221 
226  176 
226  47 
227  85 
227  151 
227  192 
227  18 
228  227 
228  176 
228  206 
228  224 
229  15 
229  72 
229  155 
229  161 
230  176 
230  64 
230  113 
230  155 
231  230 
231  166 
231  44 
231  218 
232  222 
232  96 
232  102 
232  24 
233  140 
233  216 
233  66 
233  194 
234  228 
234  167 
234  193 
234  23 
235  15 
235  25 
235  217 
235  93 
236  200 
236  193 
236  220 
236  72 
237  193 
237  77 
237  107 
237  209 
238  149 
238  213 
238  230 
238  194 
239  12 
239  150 
239  107 
239  225 
240  18 
240  20 
240  176 
240  72 
241  214 
241  18 
241  52 
241  198 
242  72 
242  46 
242  131 
242  230 
243  129 
243  25 
243  198 
243  242 
244  140 
244  87 
244  122 
244  79 
245  132 
245  93 
245  104 
245  234 
246  169 
246  231 
246  230 
246  70 
247  15 
247  12 
247  234 
247  217 
248  230 
248  228 
248  243 
248  176 
249  226 
249  107 
249  131 
249  3 
250  209 
250  216 
250  57 
250  249 
251  55 
251  193 
251  219 
251  228 
252  142 
252  213 
252  170 
252  204 
253  183 
253  180 
253  50 
253  102 
254  230 
254  80 
254  225 
254  72 
255  130 
255  85 
255  242 
255  182 
256  242 
256  132 
256  107 
256  79 
257  89 
257  132 
257  213 
257  237 
258  201 
258  15 
258  215 
258  79 
259  62 
259  168 
259  63 
259  161 
260  253 
260  50 
260  112 
260  71 
261  246 
261  208 
261  112 
261  3 
262  236 
262  207 
262  149 
262  92 
263  251 
263  32 
263  20 
263  193 
264  161 
264  157 
264  34 
264  233 
265  209 
265  134 
265  30 
265  220 
266  59 
266  54 
266  85 
266  158 
267  138 
267  144 
267  219 
267  190 
268  125 
268  196 
268  30 
268  260 
269  206 
269  214 
269  99 
269  158 
270  37 
270  158 
270  105 
270  239 
271  99 
271  124 
271  83 
271  112 
272  239 
272  218 
272  25 
272  197 
273  196 
273  166 
273  201 
273  58 
274  91 
274  66 
274  198 
274  239 
275  273 
275  261 
275  105 
275  267 
276  139 
276  271 
276  128 
276  214 
277  251 
277  58 
277  17 
277  115 
278  71 
278  150 
278  94 
278  259 
279  275 
279  5 
279  56 
279  118 
280  254 
280  117 
280  41 
280  15 
281  258 
281  132 
281  32 
281  57 
282  46 
282  234 
282  273 
282  259 
283  32 
283  132 
283  224 
283  190 
284  282 
284  71 
284  276 
284  99 
285  57 
285  132 
285  124 
285  14 
286  133 
286  46 
286  155 
286  55 
287  193 
287  112 
287  182 
287  254 
288  135 
288  149 
288  175 
288  280 
289  269 
289  155 
289  10 
289  287 
290  42 
290  273 
290  32 
290  207 
291  149 
291  30 
291  159 
291  142 
292  251 
292  115 
292  249 
292  216 
293  216 
293  278 
293  41 
293  15 
294  239 
294  195 
294  116 
294  99 
295  190 
295  109 
295  57 
295  217 
296  282 
296  260 
296  236 
296  57 
297  280 
297  34 
297  82 
297  288 
298  37 
298  290 
298  293 
298  96 
299  281 
299  190 
299  34 
299  218 
300  238 
300  287 
300  210 
300  206 
301  168 
301  222 
301  269 
301  102 
302  251 
302  257 
302  269 
302  39 
303  259 
303  261 
303  185 
303  231 
304  279 
304  221 
304  18 
304  32 
305  21 
305  234 
305  233 
305  96 
306  240 
306  134 
306  115 
306  57 
307  133 
307  255 
307  246 
307  209 
308  126 
308  42 
308  261 
308  273 
309  199 
309  61 
309  87 
309  153 
310  258 
310  279 
310  52 
310  112 
311  225 
311  149 
311  296 
311  242 
312  3 
312  57 
312  173 
312  29 
313  28 
313  27 
313  201 
313  226 
314  215 
314  78 
314  283 
314  65 
315  173 
315  263 
315  225 
315  72 
316  309 
316  237 
316  210 
316  144 
317  275 
317  316 
317  150 
317  217 
318  206 
318  32 
318  56 
318  207 
319  234 
319  212 
319  108 
319  39 
320  267 
320  65 
320  309 
320  272 
321  192 
321  92 
321  319 
321  318 
322  25 
322  128 
322  64 
322  154 
323  211 
323  61 
323  220 
323  48 
324  251 
324  266 
324  95 
324  319 
325  143 
325  226 
325  225 
325  112 
326  287 
326  235 
326  107 
326  147 
327  278 
327  3 
327  70 
327  324 
328  98 
328  327 
328  295 
328  136 
329  321 
329  312 
329  80 
329  294 
330  49 
330  64 
330  108 
330  316 
331  46 
331  201 
331  270 
331  185 
332  128 
332  156 
332  108 
332  64 
333  211 
333  101 
333  64 
333  316 
334  169 
334  213 
334  262 
334  43 
335  13 
335  245 
335  206 
335  112 
336  95 
336  128 
336  294 
336  189 
337  287 
337  10 
337  192 
337  64 
338  315 
338  330 
338  185 
338  258 
339  169 
339  262 
339  218 
339  324 
340  110 
340  133 
340  131 
340  274 
341  152 
341  54 
341  61 
341  211 
342  195 
342  146 
342  263 
342  201 
343  216 
343  309 
343  32 
343  224 
344  319 
344  330 
344  212 
344  176 
345  309 
345  96 
345  101 
345  329 
346  18 
346  336 
346  43 
346  343 
347  254 
347  164 
347  77 
347  25 
348  330 
348  195 
348  18 
348  73 
349  33 
349  156 
349  331 
349  64 
350  64 
350  246 
350  230 
350  108 
351  163 
351  296 
351  84 
351  18 
352  51 
352  309 
352  250 
352  78 
353  230 
353  7 
353  301 
353  216 
354  196 
354  82 
354  18 
354  60 
355  61 
355  56 
355  225 
355  273 
356  131 
356  27 
356  32 
356  18 
357  328 
357  330 
357  7 
357  149 
358  248 
358  165 
358  149 
358  230 
359  184 
359  152 
359  64 
359  28 
360  321 
360  179 
360  199 
360  74 
361  359 
361  158 
361  40 
361  148 
362  99 
362  137 
362  52 
362  307 
363  337 
363  17 
363  250 
363  341 
364  62 
364  252 
364  188 
364  274 
365  1 
365  76 
365  221 
365  337 
366  165 
366  135 
366  232 
366  101 
367  337 
367  29 
367  23 
367  136 
368  111 
368  350 
368  337 
368  198 
369  68 
369  182 
369  127 
369  238 
370  359 
370  140 
370  320 
370  361 
371  29 
371  152 
371  132 
371  250 
372  77 
372  67 
372  319 
372  70 
373  354 
373  51 
373  23 
373  31 
374  209 
374  70 
374  187 
374  230 
375  105 
375  100 
375  129 
375  297 
376  279 
376  284 
376  235 
376  45 
377  100 
377  140 
377  41 
377  372 
378  284 
378  361 
378  297 
378  141 
379  183 
379  301 
379  144 
379  61 
380  231 
380  295 
380  70 
380  339 
381  100 
381  376 
381  321 
381  344 
382  16 
382  51 
382  317 
382  239 
383  136 
383  250 
383  293 
383  251 
384  364 
384  363 
384  3 
384  284 
385  338 
385  372 
385  362 
385  91 
386  98 
386  78 
386  363 
386  373 
387  368 
387  235 
387  32 
387  181 
388  383 
388  141 
388  11 
388  51 
389  295 
389  361 
389  231 
389  386 
390  39 
390  337 
390  29 
390  94 
391  51 
391  274 
391  122 
391  250 
392  302 
392  379 
392  3 
392  46 
393  50 
393  185 
393  183 
393  130 
394  387 
394  384 
394  51 
394  194 
395  363 
395  240 
395  251 
395  349 
396  370 
396  283 
396  168 
396  389 
397  166 
397  284 
397  51 
397  330 
398  387 
398  3 
398  284 
398  360 
399  287 
399  108 
399  369 
399  362 
400  261 
400  230 
400  147 
400  329 
401  333 
401  254 
401  107 
401  372 
402  29 
402  372 
402  323 
402  16 
403  129 
403  318 
403  42 
403  362 
404  116 
404  383 
404  370 
404  188 
405  211 
405  301 
405  225 
405  15 
406  404 
406  356 
406  258 
406  341 
407  141 
407  371 
407  353 
407  71 
408  257 
408  377 
408  71 
408  284 
409  113 
409  274 
409  369 
409  204 
410  313 
410  54 
410  405 
410  21 
411  129 
411  6 
411  108 
411  208 
412  157 
412  96 
412  357 
412  76 
413  219 
413  277 
413  33 
413  409 
414  33 
414  186 
414  372 
414  228 
415  362 
415  336 
415  64 
415  266 
416  41 
416  266 
416  27 
416  76 
417  316 
417  187 
417  48 
417  311 
418  35 
418  185 
418  347 
418  20 
419  3 
419  114 
419  206 
419  41 
420  190 
420  377 
420  49 
420  135 
421  369 
421  420 
421  48 
421  128 
422  310 
422  206 
422  210 
422  33 
423  178 
423  222 
423  409 
423  36 
424  418 
424  136 
424  128 
424  276 
425  213 
425  334 
425  68 
425  11 
426  410 
426  165 
426  298 
426  174 
427  123 
427  357 
427  94 
427  82 
428  54 
428  272 
428  199 
428  422 
429  409 
429  145 
429  378 
429  135 
430  347 
430  127 
430  222 
430  210 
431  339 
431  206 
431  64 
431  82 
432  74 
432  86 
432  82 
432  176 
433  207 
433  281 
433  57 
433  325 
434  251 
434  410 
434  71 
434  88 
435  366 
435  245 
435  422 
435  206 
436  339 
436  129 
436  334 
436  363 
437  430 
437  295 
437  112 
437  95 
438  213 
438  310 
438  404 
438  84 
439  344 
439  427 
439  252 
439  231 
440  425 
440  325 
440  432 
440  178 
441  174 
441  318 
441  210 
441  423 
442  64 
442  437 
442  197 
442  30 
443  442 
443  84 
443  406 
443  434 
444  252 
444  433 
444  34 
444  415 
445  95 
445  18 
445  398 
445  174 
446  38 
446  121 
446  88 
446  103 
447  302 
447  103 
447  416 
447  378 
448  248 
448  331 
448  410 
448  142 
449  25 
449  275 
449  357 
449  151 
450  222 
450  209 
450  200 
450  245 
451  213 
451  417 
451  135 
451  104 
452  402 
452  443 
452  343 
452  416 
453  235 
453  449 
453  357 
453  60 
454  390 
454  222 
454  424 
454  445 
455  95 
455  428 
455  190 
455  418 
456  93 
456  414 
456  300 
456  370 
457  209 
457  282 
457  259 
457  427 
458  414 
458  363 
458  277 
458  419 
459  434 
459  71 
459  164 
459  148 
460  108 
460  128 
460  144 
460  107 
461  105 
461  171 
461  400 
461  166 
462  275 
462  434 
462  218 
462  304 
463  115 
463  281 
463  136 
463  230 
464  222 
464  187 
464  422 
464  350 
465  355 
465  314 
465  1 
465  333 
466  337 
466  348 
466  305 
466  295 
467  409 
467  232 
467  78 
467  425 
468  40 
468  305 
468  112 
468  425 
469  320 
469  58 
469  112 
469  395 
470  419 
470  315 
470  460 
470  51 
471  132 
471  144 
471  150 
471  287 
472  465 
472  118 
472  78 
472  20 
473  360 
473  433 
473  304 
473  18 
474  270 
474  162 
474  18 
474  320 
475  371 
475  473 
475  409 
475  104 
476  232 
476  80 
476  309 
476  120 
477  468 
477  362 
477  220 
477  471 
478  389 
478  360 
478  425 
478  155 
479  51 
479  327 
479  213 
479  261 
480  93 
480  25 
480  464 
480  402 
481  132 
481  474 
481  200 
481  305 
482  292 
482  328 
482  78 
482  337 
483  460 
483  44 
483  136 
483  176 
484  350 
484  231 
484  256 
484  150 
485  27 
485  162 
485  339 
485  474 
486  471 
486  185 
486  251 
486  474 
487  400 
487  425 
487  381 
487  282 
488  487 
488  289 
488  476 
488  159 
489  322 
489  168 
489  159 
489  488 
490  252 
490  119 
490  476 
490  409 
491  466 
491  164 
491  467 
491  281 
492  388 
492  202 
492  389 
492  473 
493  379 
493  305 
493  459 
493  467 
494  174 
494  282 
494  44 
494  461 
495  20 
495  202 
495  179 
495  112 
496  298 
496  174 
496  231 
496  263 
497  229 
497  8 
497  473 
497  132 
498  325 
498  203 
498  497 
498  261 
499  466 
499  304 
499  422 
499  40 
500  483 
500  431 
500  381 
500  282 
501  128 
501  315 
501  483 
501  98 
502  89 
502  493 
502  16 
502  413 
503  452 
503  488 
503  337 
503  70 
504  434 
504  393 
504  162 
504  478 
505  489 
505  174 
505  263 
505  16 
506  126 
506  286 
506  133 
506  336 
507  419 
507  174 
507  502 
507  373 
508  261 
508  472 
508  325 
508  231 
 

