1  2 
1  3 
1  4 
1  5 
1  6 
1  7 
1  8 
1  9 
1  10 
2  3 
2  4 
2  5 
2  6 
2  7 
2  8 
2  9 
2  10 
3  4 
3  5 
3  6 
3  7 
3  8 
3  9 
3  10 
4  5 
4  6 
4  7 
4  8 
4  9 
4  10 
5  6 
5  7 
5  8 
5  9 
5  10 
6  7 
6  8 
6  9 
6  10 
7  8 
7  9 
7  10 
8  9 
8  10 
9  10 
11  9 
11  6 
11  5 
11  7 
12  9 
12  5 
12  3 
12  7 
13  3 
13  6 
13  8 
13  2 
14  1 
14  3 
14  4 
14  2 
15  3 
15  2 
15  1 
15  4 
16  3 
16  10 
16  4 
16  7 
17  4 
17  9 
17  15 
17  6 
18  11 
18  17 
18  7 
18  13 
19  4 
19  8 
19  9 
19  17 
20  8 
20  5 
20  18 
20  2 
21  1 
21  12 
21  4 
21  14 
22  17 
22  20 
22  9 
22  3 
23  1 
23  4 
23  3 
23  5 
24  5 
24  4 
24  21 
24  6 
25  5 
25  8 
25  12 
25  22 
26  8 
26  2 
26  5 
26  9 
27  10 
27  6 
27  5 
27  8 
28  11 
28  7 
28  24 
28  8 
29  5 
29  4 
29  1 
29  20 
30  10 
30  4 
30  8 
30  14 
31  18 
31  14 
31  8 
31  7 
32  8 
32  7 
32  4 
32  11 
33  4 
33  9 
33  31 
33  8 
34  6 
34  7 
34  11 
34  29 
35  6 
35  5 
35  19 
35  17 
36  17 
36  9 
36  2 
36  1 
37  3 
37  9 
37  8 
37  14 
38  18 
38  34 
38  27 
38  9 
39  2 
39  36 
39  19 
39  35 
40  4 
40  14 
40  35 
40  22 
41  17 
41  5 
41  24 
41  28 
42  14 
42  26 
42  11 
42  2 
43  38 
43  22 
43  3 
43  16 
44  1 
44  6 
44  13 
44  43 
45  24 
45  8 
45  11 
45  2 
46  11 
46  9 
46  8 
46  3 
47  5 
47  11 
47  20 
47  41 
48  15 
48  8 
48  3 
48  4 
49  15 
49  32 
49  24 
49  1 
50  16 
50  29 
50  36 
50  24 
51  8 
51  13 
51  14 
51  34 
52  13 
52  9 
52  32 
52  46 
53  28 
53  25 
53  4 
53  11 
54  32 
54  16 
54  14 
54  22 
55  11 
55  1 
55  5 
55  52 
56  4 
56  16 
56  15 
56  43 
57  16 
57  1 
57  5 
57  38 
58  6 
58  57 
58  40 
58  2 
59  4 
59  27 
59  25 
59  24 
60  6 
60  16 
60  4 
60  11 
61  4 
61  22 
61  2 
61  15 
62  22 
62  58 
62  28 
62  44 
63  26 
63  5 
63  21 
63  40 
64  26 
64  63 
64  32 
64  5 
65  5 
65  13 
65  4 
65  28 
66  20 
66  29 
66  38 
66  5 
67  4 
67  11 
67  1 
67  18 
68  63 
68  28 
68  12 
68  25 
69  57 
69  12 
69  40 
69  58 
70  3 
70  53 
70  7 
70  9 
71  8 
71  6 
71  19 
71  44 
72  19 
72  43 
72  16 
72  5 
73  5 
73  27 
73  17 
73  11 
74  9 
74  34 
74  27 
74  57 
75  8 
75  26 
75  29 
75  5 
76  7 
76  34 
76  20 
76  43 
77  1 
77  5 
77  18 
77  35 
78  5 
78  29 
78  73 
78  17 
79  7 
79  68 
79  1 
79  66 
80  7 
80  22 
80  6 
80  9 
81  5 
81  8 
81  6 
81  1 
82  21 
82  63 
82  8 
82  4 
83  5 
83  4 
83  80 
83  20 
84  32 
84  53 
84  41 
84  3 
85  4 
85  22 
85  55 
85  60 
86  7 
86  16 
86  1 
86  17 
87  46 
87  21 
87  16 
87  37 
88  16 
88  38 
88  40 
88  43 
89  34 
89  1 
89  55 
89  6 
90  32 
90  49 
90  3 
90  4 
91  6 
91  79 
91  43 
91  56 
92  4 
92  26 
92  2 
92  1 
93  36 
93  27 
93  2 
93  1 
94  3 
94  12 
94  17 
94  84 
95  17 
95  26 
95  7 
95  3 
96  3 
96  27 
96  5 
96  31 
97  23 
97  69 
97  79 
97  53 
98  17 
98  6 
98  82 
98  9 
99  6 
99  16 
99  19 
99  29 
100  26 
100  7 
100  22 
100  8 
101  43 
101  14 
101  95 
101  64 
102  67 
102  24 
102  20 
102  73 
103  16 
103  76 
103  88 
103  41 
104  46 
104  15 
104  32 
104  16 
105  68 
105  88 
105  4 
105  56 
106  38 
106  105 
106  11 
106  41 
107  1 
107  29 
107  100 
107  20 
108  11 
108  20 
108  9 
108  28 
109  18 
109  3 
109  90 
109  106 
110  6 
110  108 
110  9 
110  44 
111  70 
111  35 
111  9 
111  1 
112  36 
112  38 
112  33 
112  5 
113  6 
113  60 
113  5 
113  102 
114  21 
114  48 
114  29 
114  51 
115  29 
115  60 
115  19 
115  66 
116  6 
116  74 
116  66 
116  100 
117  18 
117  31 
117  108 
117  7 
118  2 
118  4 
118  16 
118  12 
119  11 
119  48 
119  3 
119  106 
120  5 
120  65 
120  16 
120  1 
121  9 
121  19 
121  48 
121  17 
122  104 
122  8 
122  7 
122  4 
123  1 
123  103 
123  20 
123  17 
124  4 
124  71 
124  114 
124  57 
125  17 
125  43 
125  2 
125  3 
126  19 
126  113 
126  20 
126  28 
127  20 
127  18 
127  3 
127  5 
128  7 
128  20 
128  2 
128  83 
129  6 
129  103 
129  29 
129  79 
130  1 
130  37 
130  35 
130  17 
131  78 
131  113 
131  100 
131  72 
132  29 
132  26 
132  5 
132  22 
133  127 
133  1 
133  36 
133  93 
134  5 
134  63 
134  110 
134  69 
135  6 
135  4 
135  109 
135  2 
136  79 
136  67 
136  108 
136  33 
137  134 
137  60 
137  133 
137  37 
138  9 
138  130 
138  14 
138  100 
139  100 
139  33 
139  117 
139  22 
140  5 
140  2 
140  12 
140  60 
141  81 
141  2 
141  135 
141  15 
142  85 
142  22 
142  83 
142  26 
143  63 
143  5 
143  87 
143  106 
144  8 
144  87 
144  1 
144  6 
145  1 
145  24 
145  6 
145  11 
146  31 
146  5 
146  41 
146  78 
147  119 
147  57 
147  43 
147  1 
148  104 
148  48 
148  4 
148  9 
149  134 
149  95 
149  101 
149  100 
150  60 
150  70 
150  128 
150  40 
151  4 
151  110 
151  103 
151  14 
152  100 
152  60 
152  78 
152  1 
153  86 
153  26 
153  1 
153  37 
154  59 
154  147 
154  13 
154  128 
155  43 
155  38 
155  67 
155  11 
156  49 
156  115 
156  136 
156  93 
157  79 
157  41 
157  27 
157  123 
158  23 
158  14 
158  3 
158  108 
159  1 
159  106 
159  93 
159  47 
160  130 
160  11 
160  4 
160  2 
161  82 
161  27 
161  9 
161  20 
162  9 
162  149 
162  131 
162  60 
163  70 
163  44 
163  17 
163  11 
164  11 
164  15 
164  7 
164  106 
165  78 
165  50 
165  19 
165  1 
166  100 
166  85 
166  69 
166  25 
167  55 
167  95 
167  97 
167  142 
168  5 
168  26 
168  32 
168  125 
169  6 
169  43 
169  7 
169  8 
170  22 
170  130 
170  63 
170  103 
171  70 
171  157 
171  154 
171  79 
172  42 
172  133 
172  58 
172  5 
173  4 
173  20 
173  11 
173  61 
174  9 
174  17 
174  6 
174  14 
175  25 
175  153 
175  34 
175  127 
176  17 
176  56 
176  2 
176  147 
177  24 
177  5 
177  100 
177  103 
178  46 
178  5 
178  21 
178  2 
179  2 
179  42 
179  5 
179  19 
180  24 
180  83 
180  4 
180  95 
181  20 
181  99 
181  13 
181  17 
182  21 
182  95 
182  129 
182  9 
183  8 
183  26 
183  61 
183  16 
184  66 
184  6 
184  25 
184  9 
185  22 
185  7 
185  43 
185  28 
186  4 
186  140 
186  37 
186  127 
187  11 
187  17 
187  180 
187  143 
188  149 
188  20 
188  144 
188  2 
189  177 
189  62 
189  11 
189  143 
190  4 
190  133 
190  127 
190  41 
191  32 
191  2 
191  4 
191  96 
192  46 
192  25 
192  159 
192  2 
193  175 
193  17 
193  42 
193  178 
194  2 
194  8 
194  162 
194  7 
195  9 
195  10 
195  169 
195  21 
196  82 
196  51 
196  4 
196  136 
197  1 
197  2 
197  5 
197  69 
198  11 
198  124 
198  63 
198  58 
199  6 
199  14 
199  8 
199  33 
200  8 
200  1 
200  3 
200  126 
1  201 
1  202 
1  203 
1  204 
2  202 
2  203 
2  205 
2  206 
2  207 
2  204 
3  202 
3  203 
3  208 
4  203 
4  205 
4  206 
5  202 
5  205 
5  208 
5  206 
5  204 
6  201 
6  207 
6  204 
7  201 
7  202 
7  203 
7  205 
7  204 
8  202 
8  203 
8  204 
9  201 
9  208 
9  206 
9  207 
9  204 
10  202 
10  205 
10  207 
10  204 
11  201 
11  208 
11  206 
11  204 
12  201 
12  203 
12  207 
13  203 
13  205 
13  208 
14  208 
14  206 
14  207 
14  204 
15  201 
15  203 
15  204 
16  201 
16  205 
16  208 
16  204 
17  201 
17  203 
17  208 
17  206 
17  204 
18  202 
18  205 
19  206 
19  207 
19  204 
20  201 
20  202 
20  205 
20  204 
201  202 
202  203 
203  205 
205  208 
208  206 
206  207 
207  204 
201  203 
201  205 
201  207 
202  206 
202  207 
203  206 
203  207 
205  202 
208  201 
208  207 
206  201 
207  205 
204  201 
204  202 
204  205 
204  208 
204  206 
209  108 
209  23 
209  10 
209  20 
210  81 
210  142 
210  197 
210  66 
211  156 
211  90 
211  182 
211  30 
212  99 
212  129 
212  64 
212  164 
213  212 
213  148 
213  25 
213  174 
214  158 
214  145 
214  87 
214  16 
215  7 
215  179 
215  170 
215  36 
216  210 
216  8 
216  165 
216  113 
217  105 
217  165 
217  17 
217  40 
218  211 
218  98 
218  217 
218  172 
219  70 
219  176 
219  106 
219  98 
220  141 
220  219 
220  204 
220  210 
221  127 
221  107 
221  215 
221  17 
222  213 
222  216 
222  106 
222  146 
223  72 
223  122 
223  170 
223  106 
224  159 
224  98 
224  32 
224  186 
225  102 
225  219 
225  58 
225  70 
226  143 
226  128 
226  221 
226  191 
227  157 
227  165 
227  139 
227  222 
228  211 
228  199 
228  30 
228  218 
229  30 
229  109 
229  216 
229  184 
230  217 
230  218 
230  151 
230  156 
231  221 
231  79 
231  104 
231  192 
232  64 
232  110 
232  210 
232  45 
233  226 
233  219 
233  173 
233  112 
234  112 
234  58 
234  134 
234  186 
235  156 
235  22 
235  103 
235  58 
236  85 
236  16 
236  55 
236  180 
237  210 
237  233 
237  52 
237  159 
238  222 
238  149 
238  109 
238  66 
239  233 
239  16 
239  90 
239  129 
240  228 
240  168 
240  14 
240  229 
241  165 
241  124 
241  106 
241  85 
242  51 
242  31 
242  113 
242  233 
243  59 
243  234 
243  162 
243  17 
244  24 
244  212 
244  88 
244  182 
245  57 
245  223 
245  180 
245  112 
246  124 
246  80 
246  205 
246  219 
247  196 
247  170 
247  61 
247  172 
248  220 
248  64 
248  191 
248  218 
249  129 
249  210 
249  143 
249  234 
250  148 
250  231 
250  172 
250  239 
251  115 
251  235 
251  174 
251  80 
252  221 
252  88 
252  200 
252  244 
253  122 
253  31 
253  16 
253  111 
254  174 
254  45 
254  219 
254  224 
255  221 
255  234 
255  172 
255  254 
256  165 
256  122 
256  111 
256  36 
257  252 
257  218 
257  182 
257  107 
258  107 
258  142 
258  212 
258  33 
259  116 
259  98 
259  209 
259  27 
260  121 
260  217 
260  67 
260  125 
261  191 
261  260 
261  129 
261  55 
262  17 
262  79 
262  203 
262  138 
263  12 
263  130 
263  224 
263  251 
264  143 
264  36 
264  102 
264  77 
265  29 
265  136 
265  202 
265  201 
266  198 
266  249 
266  191 
266  203 
267  240 
267  124 
267  6 
267  129 
268  63 
268  194 
268  124 
268  141 
269  134 
269  155 
269  55 
269  210 
270  4 
270  67 
270  6 
270  25 
271  261 
271  67 
271  227 
271  138 
272  248 
272  265 
272  238 
272  156 
273  136 
273  68 
273  260 
273  55 
274  181 
274  253 
274  140 
274  260 
275  273 
275  263 
275  265 
275  200 
276  81 
276  89 
276  272 
276  82 
277  16 
277  216 
277  127 
277  201 
278  207 
278  203 
278  79 
278  277 
279  265 
279  231 
279  101 
279  182 
280  29 
280  230 
280  193 
280  185 
281  107 
281  26 
281  87 
281  272 
282  107 
282  14 
282  244 
282  196 
283  152 
283  35 
283  196 
283  257 
284  233 
284  26 
284  274 
284  197 
285  14 
285  283 
285  184 
285  146 
286  283 
286  203 
286  33 
286  224 
287  102 
287  14 
287  146 
287  58 
288  179 
288  200 
288  55 
288  238 
289  234 
289  20 
289  266 
289  153 
290  272 
290  262 
290  259 
290  183 
291  278 
291  21 
291  251 
291  203 
292  259 
292  277 
292  251 
292  22 
293  77 
293  123 
293  286 
293  147 
294  286 
294  135 
294  94 
294  212 
295  244 
295  259 
295  281 
295  200 
296  6 
296  289 
296  58 
296  35 
297  72 
297  259 
297  210 
297  152 
298  181 
298  268 
298  282 
298  286 
299  285 
299  274 
299  144 
299  270 
300  238 
300  37 
300  266 
300  198 
301  283 
301  285 
301  273 
301  220 
302  259 
302  177 
302  297 
302  261 
303  283 
303  281 
303  201 
303  227 
304  111 
304  290 
304  77 
304  64 
305  136 
305  9 
305  281 
305  240 
306  234 
306  278 
306  141 
306  119 
307  260 
307  268 
307  23 
307  203 
308  265 
308  195 
308  99 
308  3 
309  144 
309  265 
309  300 
309  225 
310  34 
310  303 
310  50 
310  190 
311  180 
311  148 
311  267 
311  27 
312  184 
312  42 
312  197 
312  267 
313  312 
313  39 
313  125 
313  260 
314  226 
314  178 
314  280 
314  40 
315  38 
315  139 
315  313 
315  124 
316  269 
316  226 
316  22 
316  35 
317  51 
317  63 
317  165 
317  244 
318  51 
318  196 
318  79 
318  311 
319  188 
319  180 
319  171 
319  2 
320  313 
320  11 
320  26 
320  71 
321  236 
321  251 
321  166 
321  244 
322  179 
322  81 
322  177 
322  217 
323  195 
323  210 
323  128 
323  319 
324  215 
324  266 
324  69 
324  124 
325  208 
325  70 
325  314 
325  38 
326  226 
326  146 
326  157 
326  17 
327  182 
327  298 
327  270 
327  202 
328  304 
328  166 
328  52 
328  229 
329  246 
329  41 
329  309 
329  128 
330  275 
330  251 
330  38 
330  15 
331  178 
331  313 
331  327 
331  300 
332  310 
332  283 
332  17 
332  184 
333  142 
333  324 
333  180 
333  314 
334  97 
334  324 
334  317 
334  166 
335  49 
335  329 
335  263 
335  328 
336  316 
336  227 
336  73 
336  191 
337  319 
337  310 
337  209 
337  279 
338  89 
338  178 
338  38 
338  129 
339  314 
339  41 
339  16 
339  139 
340  301 
340  85 
340  334 
340  338 
341  206 
341  132 
341  166 
341  324 
342  217 
342  322 
342  323 
342  178 
343  180 
343  178 
343  328 
343  308 
344  142 
344  205 
344  157 
344  112 
345  332 
345  318 
345  203 
345  97 
346  133 
346  170 
346  230 
346  334 
347  131 
347  217 
347  21 
347  222 
348  284 
348  10 
348  244 
348  124 
349  302 
349  266 
349  319 
349  262 
350  323 
350  300 
350  160 
350  284 
351  178 
351  303 
351  339 
351  97 
352  315 
352  301 
352  63 
352  221 
353  333 
353  322 
353  97 
353  35 
354  216 
354  77 
354  196 
354  194 
355  326 
355  96 
355  246 
355  52 
356  148 
356  179 
356  54 
356  112 
357  331 
357  182 
357  33 
357  166 
358  315 
358  205 
358  331 
358  338 
359  46 
359  295 
359  350 
359  73 
360  138 
360  251 
360  215 
360  24 
361  318 
361  149 
361  53 
361  109 
362  90 
362  359 
362  52 
362  180 
363  243 
363  317 
363  41 
363  272 
364  183 
364  124 
364  216 
364  59 
365  311 
365  287 
365  315 
365  96 
366  206 
366  93 
366  34 
366  186 
367  325 
367  305 
367  256 
367  90 
368  40 
368  250 
368  142 
368  200 
369  53 
369  360 
369  157 
369  366 
370  151 
370  178 
370  155 
370  34 
371  79 
371  31 
371  174 
371  90 
372  103 
372  83 
372  147 
372  157 
373  171 
373  362 
373  112 
373  132 
374  96 
374  291 
374  117 
374  194 
375  102 
375  153 
375  103 
375  201 
376  53 
376  375 
376  142 
376  291 
377  339 
377  7 
377  194 
377  299 
378  170 
378  151 
378  244 
378  367 
379  171 
379  188 
379  263 
379  328 
380  373 
380  60 
380  187 
380  250 
381  220 
381  147 
381  379 
381  368 
382  300 
382  93 
382  366 
382  333 
383  345 
383  14 
383  182 
383  218 
384  60 
384  14 
384  379 
384  67 
385  50 
385  25 
385  256 
385  311 
386  315 
386  130 
386  159 
386  160 
387  375 
387  184 
387  360 
387  367 
388  291 
388  240 
388  134 
388  353 
389  364 
389  83 
389  305 
389  370 
390  308 
390  343 
390  60 
390  300 
391  7 
391  188 
391  162 
391  50 
392  375 
392  25 
392  291 
392  186 
393  25 
393  259 
393  300 
393  271 
394  383 
394  360 
394  297 
394  136 
395  362 
395  117 
395  325 
395  160 
396  312 
396  391 
396  315 
396  263 
397  199 
397  117 
397  194 
397  188 
398  309 
398  174 
398  61 
398  246 
399  202 
399  178 
399  386 
399  73 
400  276 
400  362 
400  144 
400  394 
401  171 
401  136 
401  367 
401  291 
402  371 
402  15 
402  131 
402  379 
403  395 
403  13 
403  365 
403  382 
404  386 
404  218 
404  402 
404  27 
405  241 
405  218 
405  386 
405  209 
406  46 
406  262 
406  386 
406  399 
407  370 
407  218 
407  175 
407  361 
408  318 
408  308 
408  59 
408  289 
409  84 
409  258 
409  294 
409  398 
410  259 
410  279 
410  387 
410  373 
411  142 
411  193 
411  153 
411  256 
412  34 
412  348 
412  202 
412  31 
413  266 
413  399 
413  246 
413  402 
414  341 
414  302 
414  398 
414  193 
415  246 
415  367 
415  53 
415  330 
416  325 
416  298 
416  179 
416  287 
417  339 
417  190 
417  291 
417  189 
418  106 
418  25 
418  135 
418  245 
419  355 
419  179 
419  418 
419  363 
420  42 
420  72 
420  417 
420  73 
421  59 
421  288 
421  366 
421  206 
422  32 
422  349 
422  243 
422  66 
423  250 
423  389 
423  256 
423  142 
424  364 
424  224 
424  85 
424  416 
425  192 
425  420 
425  166 
425  58 
426  337 
426  261 
426  82 
426  50 
427  383 
427  297 
427  415 
427  265 
428  427 
428  417 
428  95 
428  256 
429  333 
429  409 
429  422 
429  89 
430  91 
430  12 
430  4 
430  427 
431  200 
431  257 
431  265 
431  409 
432  238 
432  416 
432  36 
432  331 
433  192 
433  72 
433  179 
433  411 
434  362 
434  220 
434  235 
434  91 
435  103 
435  185 
435  153 
435  207 
436  61 
436  418 
436  235 
436  80 
437  228 
437  164 
437  280 
437  9 
438  228 
438  295 
438  153 
438  218 
439  283 
439  244 
439  228 
439  431 
440  13 
440  234 
440  124 
440  272 
441  294 
441  143 
441  179 
441  390 
442  379 
442  65 
442  382 
442  197 
443  442 
443  117 
443  430 
443  400 
444  65 
444  430 
444  204 
444  359 
445  283 
445  235 
445  292 
445  410 
446  269 
446  307 
446  389 
446  100 
447  400 
447  235 
447  272 
447  355 
448  166 
448  93 
448  346 
448  260 
449  418 
449  83 
449  138 
449  285 
450  444 
450  232 
450  359 
450  180 
451  394 
451  338 
451  445 
451  96 
452  193 
452  400 
452  106 
452  175 
453  106 
453  436 
453  290 
453  180 
454  83 
454  429 
454  362 
454  117 
455  238 
455  441 
455  400 
455  206 
456  290 
456  364 
456  433 
456  29 
457  118 
457  22 
457  269 
457  187 
458  453 
458  179 
458  432 
458  59 
459  410 
459  224 
459  287 
459  39 
460  309 
460  359 
460  403 
460  284 
461  367 
461  407 
461  124 
461  9 
462  428 
462  238 
462  221 
462  330 
463  128 
463  91 
463  66 
463  309 
464  212 
464  181 
464  462 
464  123 
465  370 
465  3 
465  267 
465  281 
466  94 
466  79 
466  462 
466  186 
467  379 
467  224 
467  61 
467  375 
468  462 
468  140 
468  49 
468  84 
469  123 
469  102 
469  126 
469  119 
470  1 
470  347 
470  95 
470  339 
471  230 
471  467 
471  179 
471  92 
472  402 
472  122 
472  49 
472  54 
473  204 
473  331 
473  39 
473  450 
474  226 
474  6 
474  65 
474  210 
475  321 
475  31 
475  158 
475  169 
476  219 
476  281 
476  94 
476  282 
477  325 
477  222 
477  459 
477  204 
478  152 
478  110 
478  200 
478  460 
479  298 
479  410 
479  208 
479  267 
480  214 
480  219 
480  212 
480  30 
481  384 
481  305 
481  306 
481  200 
482  99 
482  245 
482  240 
482  283 
483  74 
483  461 
483  143 
483  432 
484  462 
484  119 
484  372 
484  54 
485  483 
485  298 
485  276 
485  335 
486  479 
486  270 
486  219 
486  382 
487  156 
487  379 
487  212 
487  115 
488  7 
488  196 
488  181 
488  294 
489  102 
489  122 
489  440 
489  21 
490  369 
490  42 
490  234 
490  484 
491  477 
491  469 
491  409 
491  74 
492  180 
492  466 
492  392 
492  118 
493  402 
493  74 
493  254 
493  391 
494  91 
494  21 
494  488 
494  48 
495  319 
495  186 
495  41 
495  200 
496  305 
496  250 
496  217 
496  491 
497  429 
497  338 
497  214 
497  212 
498  274 
498  198 
498  133 
498  285 
499  88 
499  415 
499  309 
499  127 
500  2 
500  460 
500  1 
500  433 
501  469 
501  183 
501  487 
501  317 
502  472 
502  479 
502  497 
502  75 
503  459 
503  95 
503  392 
503  463 
504  460 
504  2 
504  104 
504  30 
505  319 
505  156 
505  20 
505  304 
506  459 
506  225 
506  86 
506  325 
507  433 
507  164 
507  140 
507  138 
508  181 
508  502 
508  230 
508  487 
509  76 
509  423 
509  384 
509  145 
510  265 
510  439 
510  326 
510  148 
511  124 
511  509 
511  160 
511  129 
512  490 
512  335 
512  448 
512  124 
513  218 
513  324 
513  195 
513  2 
514  82 
514  489 
514  469 
514  378 
515  82 
515  198 
515  453 
515  350 
516  171 
516  161 
516  188 
516  314 
517  121 
517  163 
517  433 
517  493 
518  516 
518  313 
518  509 
518  100 
519  327 
519  360 
519  330 
519  11 
520  295 
520  338 
520  115 
520  340 
521  507 
521  28 
521  16 
521  306 
522  155 
522  10 
522  204 
522  266 
523  222 
523  129 
523  273 
523  66 
524  229 
524  390 
524  387 
524  210 
525  510 
525  251 
525  162 
525  77 
526  343 
526  41 
526  375 
526  338 
527  228 
527  141 
527  324 
527  353 
528  73 
528  212 
528  526 
528  497 
529  117 
529  280 
529  296 
529  187 
530  450 
530  314 
530  418 
530  213 
531  138 
531  372 
531  3 
531  134 
532  126 
532  528 
532  27 
532  212 
533  14 
533  344 
533  522 
533  296 
534  444 
534  411 
534  156 
534  129 
535  10 
535  419 
535  432 
535  30 
536  237 
536  347 
536  526 
536  314 
537  138 
537  91 
537  245 
537  315 
538  439 
538  450 
538  308 
538  371 
539  18 
539  516 
539  523 
539  363 
540  530 
540  304 
540  301 
540  500 
541  314 
541  315 
541  442 
541  7 
542  100 
542  77 
542  380 
542  30 
543  263 
543  77 
543  382 
543  440 
544  173 
544  359 
544  458 
544  198 
545  478 
545  263 
545  380 
545  65 
546  83 
546  381 
546  434 
546  509 
547  105 
547  414 
547  237 
547  537 
548  105 
548  12 
548  546 
548  87 
549  530 
549  532 
549  194 
549  496 
550  12 
550  522 
550  526 
550  204 
551  265 
551  383 
551  326 
551  380 
552  46 
552  147 
552  532 
552  469 
553  541 
553  435 
553  537 
553  430 
554  537 
554  50 
554  552 
554  514 
555  532 
555  27 
555  442 
555  212 
556  198 
556  128 
556  313 
556  59 
557  550 
557  536 
557  198 
557  516 
558  528 
558  535 
558  512 
558  440 
559  367 
559  114 
559  58 
559  510 
560  196 
560  408 
560  272 
560  333 
561  450 
561  354 
561  293 
561  356 
562  338 
562  525 
562  239 
562  14 
563  233 
563  252 
563  375 
563  80 
564  61 
564  84 
564  419 
564  328 
565  287 
565  249 
565  125 
565  12 
566  81 
566  53 
566  230 
566  302 
567  17 
567  560 
567  176 
567  79 
568  384 
568  538 
568  412 
568  372 
569  128 
569  104 
569  212 
569  242 
570  371 
570  17 
570  241 
570  228 
571  483 
571  570 
571  246 
571  342 
572  446 
572  98 
572  246 
572  10 
573  229 
573  6 
573  508 
573  179 
574  548 
574  59 
574  421 
574  471 
575  351 
575  565 
575  568 
575  504 
576  51 
576  563 
576  536 
576  408 
577  268 
577  296 
577  570 
577  509 
578  115 
578  94 
578  559 
578  516 
579  83 
579  519 
579  203 
579  450 
580  153 
580  461 
580  81 
580  315 
581  92 
581  462 
581  571 
581  287 
582  45 
582  516 
582  128 
582  351 
583  364 
583  147 
583  338 
583  128 
584  574 
584  311 
584  548 
584  285 
585  516 
585  64 
585  560 
585  508 
586  511 
586  85 
586  73 
586  345 
587  462 
587  507 
587  517 
587  354 
588  92 
588  81 
588  532 
588  573 
589  155 
589  311 
589  588 
589  246 
590  12 
590  586 
590  517 
590  199 
591  342 
591  419 
591  338 
591  300 
592  328 
592  172 
592  84 
592  299 
593  285 
593  367 
593  58 
593  589 
594  361 
594  177 
594  84 
594  299 
595  562 
595  144 
595  465 
595  561 
596  187 
596  441 
596  179 
596  192 
597  311 
597  12 
597  533 
597  146 
598  197 
598  200 
598  572 
598  574 
599  570 
599  579 
599  139 
599  369 
600  514 
600  520 
600  282 
600  228 
601  570 
601  333 
601  367 
601  208 
602  465 
602  77 
602  472 
602  462 
603  121 
603  394 
603  574 
603  599 
604  559 
604  270 
604  164 
604  379 
605  448 
605  406 
605  522 
605  563 
606  168 
606  595 
606  16 
606  310 
607  317 
607  22 
607  392 
607  544 
608  577 
608  128 
608  586 
608  290 
609  224 
609  208 
609  309 
609  411 
610  593 
610  484 
610  103 
610  283 
611  52 
611  109 
611  580 
611  259 
612  50 
612  470 
612  379 
612  264 
613  189 
613  608 
613  510 
613  168 
614  125 
614  565 
614  510 
614  270 
615  362 
615  7 
615  244 
615  314 
616  62 
616  104 
616  69 
616  250 
617  62 
617  610 
617  614 
617  332 
618  101 
618  116 
618  441 
618  367 
619  125 
619  610 
619  426 
619  434 
620  615 
620  417 
620  26 
620  244 
621  349 
621  314 
621  78 
621  615 
622  618 
622  6 
622  597 
622  434 
623  312 
623  205 
623  117 
623  279 
624  43 
624  448 
624  576 
624  220 
625  502 
625  542 
625  322 
625  512 
626  410 
626  91 
626  314 
626  340 
627  453 
627  62 
627  235 
627  333 
628  612 
628  119 
628  270 
628  373 
629  346 
629  288 
629  533 
629  434 
630  460 
630  565 
630  366 
630  384 
631  351 
631  622 
631  101 
631  441 
632  512 
632  390 
632  9 
632  85 
633  109 
633  424 
633  92 
633  525 
634  380 
634  632 
634  87 
634  216 
635  224 
635  631 
635  561 
635  401 
636  266 
636  623 
636  473 
636  544 
637  120 
637  533 
637  135 
637  604 
638  140 
638  498 
638  572 
638  410 
639  412 
639  32 
639  350 
639  15 
640  1 
640  615 
640  180 
640  473 
641  590 
641  8 
641  363 
641  500 
642  629 
642  185 
642  547 
642  618 
643  641 
643  630 
643  626 
643  321 
644  360 
644  390 
644  273 
644  7 
645  50 
645  322 
645  632 
645  171 
646  503 
646  278 
646  434 
646  314 
647  498 
647  616 
647  625 
647  363 
648  594 
648  570 
648  53 
648  109 
649  6 
649  618 
649  460 
649  542 
650  247 
650  440 
650  274 
650  18 
651  434 
651  643 
651  360 
651  224 
652  109 
652  105 
652  463 
652  630 
653  115 
653  125 
653  649 
653  537 
654  109 
654  326 
654  492 
654  446 
655  192 
655  434 
655  626 
655  572 
656  129 
656  273 
656  624 
656  168 
657  636 
657  6 
657  62 
657  270 
658  338 
658  56 
658  631 
658  224 
659  568 
659  369 
659  117 
659  564 
660  545 
660  159 
660  73 
660  379 
661  500 
661  424 
661  191 
661  348 
662  228 
662  326 
662  341 
662  523 
663  596 
663  292 
663  70 
663  159 
664  363 
664  210 
664  140 
664  102 
665  612 
665  140 
665  53 
665  13 
666  477 
666  191 
666  315 
666  185 
667  412 
667  34 
667  383 
667  206 
668  424 
668  429 
668  319 
668  542 
669  252 
669  80 
669  467 
669  495 
670  66 
670  206 
670  133 
670  269 
671  498 
671  585 
671  32 
671  223 
672  296 
672  324 
672  668 
672  661 
673  354 
673  477 
673  407 
673  622 
674  8 
674  663 
674  566 
674  323 
675  62 
675  504 
675  549 
675  588 
676  185 
676  668 
676  49 
676  8 
677  118 
677  674 
677  56 
677  442 
678  436 
678  537 
678  329 
678  133 
679  668 
679  660 
679  324 
679  38 
680  588 
680  306 
680  136 
680  8 
681  389 
681  668 
681  264 
681  408 
682  632 
682  55 
682  57 
682  93 
683  531 
683  439 
683  212 
683  462 
684  581 
684  677 
684  671 
684  429 
685  416 
685  159 
685  657 
685  674 
686  87 
686  54 
686  564 
686  28 
687  23 
687  272 
687  599 
687  128 
688  159 
688  87 
688  683 
688  654 
689  527 
689  282 
689  53 
689  468 
690  103 
690  347 
690  582 
690  349 
691  645 
691  264 
691  57 
691  348 
692  588 
692  323 
692  688 
692  136 
693  515 
693  189 
693  691 
693  476 
694  371 
694  552 
694  386 
694  543 
695  638 
695  13 
695  394 
695  347 
696  13 
696  616 
696  370 
696  376 
697  116 
697  61 
697  551 
697  433 
698  141 
698  299 
698  680 
698  276 
699  136 
699  118 
699  665 
699  628 
700  133 
700  471 
700  159 
700  664 
701  484 
701  661 
701  393 
701  672 
702  412 
702  513 
702  682 
702  97 
703  118 
703  226 
703  269 
703  566 
704  667 
704  522 
704  690 
704  627 
705  246 
705  323 
705  47 
705  639 
706  568 
706  502 
706  246 
706  292 
707  77 
707  611 
707  126 
707  531 
708  4 
708  244 
708  81 
708  223 
709  139 
709  565 
709  462 
709  499 
710  195 
710  459 
710  5 
710  222 
711  568 
711  607 
711  634 
711  252 
712  494 
712  141 
712  613 
712  474 
713  637 
713  567 
713  485 
713  119 
714  81 
714  486 
714  697 
714  520 
715  107 
715  437 
715  247 
715  603 
716  711 
716  699 
716  697 
716  654 
717  478 
717  563 
717  608 
717  34 
718  264 
718  528 
718  525 
718  645 
719  380 
719  665 
719  692 
719  51 
720  613 
720  279 
720  195 
720  480 
721  652 
721  428 
721  39 
721  533 
722  38 
722  10 
722  209 
722  68 
723  478 
723  348 
723  284 
723  435 
724  402 
724  697 
724  700 
724  366 
725  436 
725  565 
725  76 
725  711 
726  70 
726  284 
726  489 
726  84 
727  261 
727  436 
727  72 
727  566 
728  420 
728  513 
728  259 
728  229 
729  574 
729  72 
729  83 
729  513 
730  344 
730  726 
730  101 
730  469 
731  360 
731  654 
731  716 
731  486 
732  159 
732  84 
732  622 
732  642 
733  602 
733  257 
733  3 
733  336 
734  110 
734  575 
734  499 
734  95 
735  333 
735  170 
735  216 
735  331 
736  97 
736  46 
736  661 
736  549 
737  352 
737  648 
737  9 
737  314 
738  652 
738  699 
738  722 
738  673 
739  725 
739  313 
739  541 
739  685 
740  561 
740  275 
740  417 
740  541 
741  210 
741  76 
741  49 
741  727 
742  658 
742  207 
742  50 
742  567 
743  117 
743  36 
743  96 
743  193 
744  352 
744  237 
744  549 
744  191 
745  738 
745  438 
745  164 
745  670 
746  737 
746  97 
746  252 
746  424 
747  738 
747  284 
747  552 
747  332 
748  87 
748  549 
748  552 
748  115 
749  273 
749  25 
749  613 
749  294 
750  313 
750  562 
750  450 
750  563 
751  730 
751  21 
751  99 
751  733 
752  374 
752  616 
752  644 
752  736 
753  750 
753  487 
753  100 
753  50 
754  466 
754  738 
754  746 
754  6 
755  540 
755  344 
755  545 
755  14 
756  84 
756  354 
756  642 
756  248 
757  723 
757  145 
757  729 
757  313 
758  745 
758  586 
758  480 
758  450 
759  24 
759  629 
759  713 
759  267 
760  191 
760  422 
760  554 
760  526 
761  465 
761  370 
761  178 
761  8 
762  460 
762  387 
762  13 
762  44 
763  13 
763  188 
763  520 
763  423 
764  562 
764  69 
764  128 
764  269 
765  555 
765  135 
765  172 
765  384 
766  760 
766  617 
766  265 
766  739 
767  3 
767  517 
767  220 
767  571 
768  649 
768  9 
768  671 
768  686 
769  314 
769  140 
769  460 
769  279 
770  732 
770  670 
770  104 
770  687 
771  759 
771  47 
771  246 
771  361 
772  197 
772  408 
772  759 
772  32 
773  326 
773  391 
773  127 
773  489 
774  768 
774  302 
774  622 
774  762 
775  76 
775  163 
775  773 
775  407 
776  172 
776  742 
776  452 
776  735 
777  478 
777  468 
777  492 
777  448 
778  764 
778  64 
778  61 
778  693 
779  567 
779  759 
779  766 
779  231 
780  367 
780  363 
780  365 
780  138 
781  719 
781  517 
781  753 
781  640 
782  760 
782  565 
782  664 
782  25 
783  622 
783  64 
783  47 
783  576 
784  205 
784  223 
784  304 
784  89 
785  44 
785  81 
785  764 
785  655 
786  414 
786  119 
786  111 
786  608 
787  314 
787  304 
787  47 
787  125 
788  764 
788  357 
788  191 
788  216 
789  745 
789  220 
789  465 
789  373 
790  773 
790  717 
790  69 
790  771 
791  664 
791  746 
791  423 
791  691 
792  516 
792  788 
792  501 
792  540 
793  775 
793  234 
793  742 
793  586 
794  711 
794  428 
794  99 
794  769 
795  207 
795  744 
795  478 
795  788 
796  739 
796  130 
796  458 
796  238 
797  9 
797  699 
797  776 
797  405 
798  458 
798  745 
798  349 
798  325 
799  782 
799  759 
799  118 
799  336 
800  45 
800  438 
800  720 
800  104 
801  759 
801  366 
801  671 
801  370 
802  122 
802  465 
802  438 
802  798 
803  14 
803  208 
803  397 
803  787 
804  703 
804  12 
804  126 
804  55 
805  605 
805  349 
805  556 
805  460 
806  400 
806  763 
806  667 
806  274 
807  713 
807  769 
807  778 
807  715 
808  559 
808  501 
808  104 
808  349 
809  179 
809  306 
809  51 
809  582 
810  786 
810  379 
810  589 
810  319 
811  607 
811  232 
811  373 
811  70 
812  326 
812  775 
812  705 
812  726 
813  116 
813  735 
813  16 
813  774 
814  737 
814  276 
814  812 
814  759 
815  250 
815  752 
815  168 
815  383 
816  217 
816  359 
816  42 
816  59 
817  132 
817  476 
817  70 
817  59 
818  431 
818  476 
818  743 
818  327 
819  463 
819  8 
819  185 
819  551 
820  811 
820  217 
820  624 
820  208 
821  34 
821  540 
821  559 
821  486 
822  685 
822  820 
822  254 
822  805 
823  574 
823  415 
823  427 
823  735 
824  126 
824  249 
824  187 
824  3 
825  743 
825  29 
825  818 
825  712 
826  248 
826  618 
826  556 
826  367 
827  293 
827  33 
827  639 
827  360 
828  612 
828  217 
828  810 
828  328 
829  36 
829  378 
829  708 
829  407 
830  810 
830  424 
830  484 
830  800 
831  690 
831  697 
831  820 
831  465 
832  125 
832  494 
832  206 
832  730 
833  100 
833  177 
833  662 
833  675 
834  818 
834  531 
834  823 
834  556 
835  389 
835  406 
835  809 
835  716 
836  223 
836  752 
836  825 
836  378 
837  759 
837  25 
837  100 
837  566 
838  835 
838  401 
838  268 
838  249 
839  90 
839  498 
839  383 
839  761 
840  574 
840  26 
840  39 
840  356 
841  443 
841  125 
841  116 
841  811 
842  248 
842  357 
842  841 
842  489 
843  146 
843  838 
843  831 
843  675 
844  3 
844  53 
844  79 
844  676 
845  111 
845  555 
845  825 
845  752 
846  65 
846  359 
846  498 
846  427 
847  106 
847  836 
847  538 
847  842 
848  689 
848  537 
848  315 
848  171 
849  358 
849  773 
849  602 
849  66 
850  772 
850  570 
850  552 
850  107 
851  801 
851  709 
851  592 
851  847 
852  731 
852  479 
852  804 
852  632 
853  708 
853  535 
853  55 
853  162 
854  37 
854  64 
854  777 
854  277 
855  842 
855  677 
855  634 
855  662 
856  72 
856  29 
856  829 
856  322 
857  268 
857  254 
857  830 
857  633 
858  72 
858  691 
858  752 
858  261 
859  166 
859  535 
859  814 
859  853 
860  359 
860  666 
860  600 
860  404 
861  684 
861  62 
861  314 
861  656 
862  328 
862  840 
862  697 
862  360 
863  382 
863  593 
863  787 
863  556 
864  757 
864  654 
864  767 
864  447 
865  148 
865  122 
865  203 
865  173 
866  287 
866  722 
866  203 
866  51 
867  757 
867  605 
867  758 
867  539 
868  701 
868  630 
868  805 
868  89 
869  26 
869  475 
869  363 
869  669 
870  721 
870  456 
870  126 
870  728 
871  726 
871  299 
871  680 
871  803 
872  863 
872  264 
872  45 
872  218 
873  363 
873  174 
873  572 
873  603 
874  836 
874  122 
874  69 
874  381 
875  76 
875  49 
875  323 
875  332 
876  223 
876  846 
876  152 
876  306 
877  4 
877  759 
877  511 
877  842 
878  601 
878  866 
878  218 
878  381 
879  835 
879  419 
879  535 
879  484 
880  393 
880  132 
880  837 
880  704 
881  181 
881  60 
881  459 
881  592 
882  75 
882  69 
882  681 
882  721 
883  854 
883  170 
883  53 
883  834 
884  773 
884  864 
884  272 
884  522 
885  854 
885  287 
885  749 
885  755 
886  143 
886  485 
886  692 
886  110 
887  435 
887  531 
887  497 
887  126 
888  826 
888  245 
888  804 
888  885 
889  386 
889  455 
889  562 
889  118 
890  77 
890  113 
890  138 
890  745 
891  884 
891  139 
891  164 
891  560 
892  323 
892  863 
892  882 
892  683 
893  221 
893  349 
893  663 
893  630 
894  209 
894  485 
894  330 
894  68 
895  861 
895  75 
895  533 
895  209 
896  357 
896  233 
896  39 
896  757 
897  846 
897  144 
897  453 
897  218 
898  37 
898  752 
898  681 
898  251 
899  809 
899  513 
899  202 
899  656 
900  15 
900  876 
900  578 
900  789 
901  199 
901  123 
901  841 
901  877 
902  126 
902  83 
902  705 
902  613 
903  735 
903  667 
903  513 
903  642 
904  497 
904  798 
904  616 
904  15 
905  427 
905  184 
905  83 
905  30 
906  131 
906  229 
906  878 
906  114 
907  789 
907  390 
907  866 
907  719 
908  749 
908  870 
908  574 
908  470 
909  90 
909  154 
909  364 
909  21 
910  279 
910  241 
910  426 
910  355 
911  862 
911  15 
911  660 
911  680 
912  748 
912  174 
912  654 
912  684 
913  335 
913  279 
913  224 
913  443 
914  479 
914  195 
914  191 
914  837 
915  681 
915  712 
915  130 
915  114 
916  546 
916  544 
916  107 
916  27 
917  315 
917  596 
917  306 
917  38 
918  801 
918  614 
918  70 
918  393 
919  864 
919  521 
919  658 
919  662 
920  166 
920  330 
920  872 
920  819 
921  882 
921  753 
921  198 
921  193 
922  270 
922  746 
922  765 
922  276 
923  14 
923  362 
923  131 
923  853 
924  130 
924  42 
924  15 
924  908 
925  732 
925  430 
925  402 
925  553 
926  279 
926  732 
926  602 
926  333 
927  589 
927  672 
927  375 
927  767 
928  154 
928  881 
928  474 
928  2 
929  757 
929  910 
929  659 
929  759 
930  475 
930  793 
930  816 
930  719 
931  133 
931  272 
931  192 
931  897 
932  595 
932  789 
932  443 
932  162 
933  764 
933  131 
933  722 
933  895 
934  857 
934  16 
934  302 
934  125 
935  623 
935  927 
935  122 
935  44 
936  696 
936  441 
936  149 
936  925 
937  610 
937  312 
937  880 
937  5 
938  662 
938  635 
938  161 
938  703 
939  906 
939  927 
939  290 
939  239 
940  125 
940  369 
940  87 
940  754 
941  794 
941  610 
941  48 
941  6 
942  803 
942  565 
942  401 
942  526 
943  440 
943  897 
943  940 
943  123 
944  914 
944  188 
944  428 
944  475 
945  934 
945  694 
945  104 
945  683 
946  613 
946  764 
946  662 
946  909 
947  369 
947  295 
947  667 
947  417 
948  917 
948  92 
948  76 
948  111 
949  936 
949  943 
949  122 
949  591 
950  331 
950  327 
950  232 
950  434 
951  911 
951  209 
951  814 
951  546 
952  712 
952  737 
952  816 
952  508 
953  657 
953  67 
953  286 
953  385 
954  656 
954  908 
954  125 
954  232 
955  947 
955  220 
955  954 
955  21 
956  913 
956  720 
956  837 
956  106 
957  152 
957  184 
957  182 
957  647 
958  656 
958  916 
958  375 
958  601 
959  662 
959  700 
959  411 
959  593 
960  165 
960  347 
960  261 
960  425 
961  251 
961  315 
961  476 
961  754 
962  882 
962  216 
962  187 
962  652 
963  84 
963  71 
963  939 
963  838 
964  173 
964  274 
964  594 
964  24 
965  651 
965  1 
965  851 
965  562 
966  922 
966  382 
966  75 
966  326 
967  177 
967  210 
967  421 
967  408 
968  305 
968  805 
968  782 
968  817 
969  855 
969  219 
969  828 
969  8 
970  882 
970  409 
970  922 
970  44 
971  178 
971  425 
971  53 
971  373 
972  24 
972  83 
972  324 
972  88 
973  1 
973  402 
973  805 
973  498 
974  817 
974  736 
974  971 
974  684 
975  270 
975  786 
975  367 
975  817 
976  380 
976  863 
976  960 
976  877 
977  168 
977  866 
977  822 
977  336 
978  228 
978  721 
978  170 
978  672 
979  768 
979  651 
979  107 
979  698 
980  964 
980  974 
980  960 
980  593 
981  200 
981  252 
981  971 
981  923 
982  227 
982  971 
982  235 
982  880 
983  331 
983  272 
983  754 
983  120 
984  805 
984  227 
984  433 
984  955 
985  176 
985  648 
985  966 
985  869 
986  760 
986  391 
986  729 
986  447 
987  415 
987  214 
987  326 
987  982 
988  732 
988  160 
988  971 
988  214 
989  394 
989  223 
989  924 
989  915 
990  178 
990  698 
990  629 
990  711 
991  924 
991  109 
991  940 
991  782 
992  986 
992  270 
992  461 
992  56 
993  760 
993  973 
993  580 
993  895 
994  962 
994  714 
994  976 
994  423 
995  881 
995  140 
995  554 
995  654 
996  132 
996  882 
996  667 
996  300 
997  222 
997  398 
997  967 
997  409 
998  384 
998  817 
998  306 
998  737 
999  216 
999  992 
999  746 
999  731 
1000  968 
1000  117 
1000  973 
1000  899 
1001  434 
1001  808 
1001  918 
1001  994 
1002  961 
1002  120 
1002  118 
1002  667 
1003  984 
1003  848 
1003  133 
1003  886 
1004  306 
1004  966 
1004  863 
1004  384 
1005  667 
1005  383 
1005  959 
1005  288 
1006  858 
1006  297 
1006  788 
1006  446 
1007  1005 
1007  480 
1007  439 
1007  740 
1008  49 
1008  984 
1008  977 
1008  47 
 

