1  2 
1  3 
1  4 
1  5 
1  6 
1  7 
1  8 
1  9 
1  10 
2  3 
2  4 
2  5 
2  6 
2  7 
2  8 
2  9 
2  10 
3  4 
3  5 
3  6 
3  7 
3  8 
3  9 
3  10 
4  5 
4  6 
4  7 
4  8 
4  9 
4  10 
5  6 
5  7 
5  8 
5  9 
5  10 
6  7 
6  8 
6  9 
6  10 
7  8 
7  9 
7  10 
8  9 
8  10 
9  10 
11  9 
11  2 
11  3 
11  4 
12  6 
12  3 
12  10 
12  4 
13  5 
13  1 
13  4 
13  9 
14  9 
14  6 
14  4 
14  7 
15  8 
15  2 
15  12 
15  13 
16  5 
16  10 
16  2 
16  6 
17  10 
17  13 
17  12 
17  15 
18  10 
18  3 
18  1 
18  6 
19  15 
19  1 
19  11 
19  8 
20  5 
20  9 
20  13 
20  2 
21  8 
21  12 
21  11 
21  4 
22  9 
22  21 
22  10 
22  18 
23  12 
23  4 
23  6 
23  1 
24  8 
24  16 
24  3 
24  1 
25  13 
25  14 
25  15 
25  4 
26  16 
26  11 
26  5 
26  12 
27  2 
27  6 
27  5 
27  9 
28  3 
28  1 
28  17 
28  5 
29  4 
29  16 
29  12 
29  3 
30  4 
30  9 
30  17 
30  6 
31  13 
31  3 
31  24 
31  20 
32  1 
32  17 
32  5 
32  28 
33  24 
33  23 
33  1 
33  7 
34  12 
34  21 
34  10 
34  13 
35  11 
35  12 
35  14 
35  13 
36  9 
36  5 
36  27 
36  3 
37  19 
37  9 
37  5 
37  10 
38  37 
38  34 
38  7 
38  35 
39  6 
39  36 
39  20 
39  5 
40  5 
40  19 
40  27 
40  9 
41  3 
41  37 
41  4 
41  1 
42  7 
42  5 
42  17 
42  1 
43  30 
43  2 
43  10 
43  38 
44  6 
44  13 
44  14 
44  7 
45  23 
45  3 
45  32 
45  19 
46  18 
46  1 
46  35 
46  5 
47  41 
47  29 
47  12 
47  2 
48  15 
48  7 
48  10 
48  5 
49  34 
49  27 
49  3 
49  23 
50  8 
50  6 
50  9 
50  2 
51  14 
51  6 
51  27 
51  9 
52  22 
52  1 
52  40 
52  10 
53  3 
53  33 
53  25 
53  11 
54  7 
54  13 
54  20 
54  2 
55  43 
55  4 
55  17 
55  23 
56  23 
56  6 
56  7 
56  9 
57  51 
57  36 
57  33 
57  55 
58  5 
58  9 
58  6 
58  56 
59  3 
59  6 
59  12 
59  5 
60  1 
60  36 
60  31 
60  4 
61  43 
61  28 
61  13 
61  9 
62  7 
62  38 
62  6 
62  4 
63  34 
63  9 
63  30 
63  45 
64  14 
64  47 
64  34 
64  35 
65  6 
65  12 
65  1 
65  13 
66  22 
66  59 
66  8 
66  21 
67  7 
67  5 
67  35 
67  10 
68  9 
68  3 
68  6 
68  38 
69  37 
69  25 
69  21 
69  6 
70  4 
70  29 
70  6 
70  9 
71  2 
71  33 
71  1 
71  49 
72  33 
72  67 
72  3 
72  9 
73  55 
73  15 
73  41 
73  29 
74  49 
74  13 
74  2 
74  3 
75  12 
75  71 
75  10 
75  17 
76  13 
76  8 
76  9 
76  71 
77  9 
77  10 
77  37 
77  41 
78  6 
78  2 
78  60 
78  65 
79  55 
79  11 
79  53 
79  67 
80  9 
80  10 
80  26 
80  63 
81  28 
81  14 
81  79 
81  1 
82  16 
82  79 
82  20 
82  9 
83  31 
83  39 
83  40 
83  10 
84  2 
84  26 
84  81 
84  7 
85  21 
85  7 
85  70 
85  41 
86  2 
86  21 
86  10 
86  67 
87  2 
87  9 
87  28 
87  39 
88  45 
88  43 
88  70 
88  8 
89  1 
89  7 
89  4 
89  27 
90  4 
90  40 
90  9 
90  3 
91  77 
91  63 
91  40 
91  18 
92  7 
92  4 
92  13 
92  53 
93  12 
93  26 
93  77 
93  58 
94  5 
94  2 
94  17 
94  15 
95  56 
95  10 
95  12 
95  48 
96  60 
96  5 
96  89 
96  12 
97  11 
97  27 
97  15 
97  49 
98  6 
98  5 
98  18 
98  44 
99  45 
99  10 
99  4 
99  13 
100  5 
100  14 
100  6 
100  69 
101  66 
101  58 
101  85 
101  12 
102  80 
102  21 
102  84 
102  23 
103  15 
103  35 
103  37 
103  25 
104  5 
104  58 
104  40 
104  10 
105  84 
105  3 
105  81 
105  4 
106  31 
106  1 
106  84 
106  103 
107  64 
107  45 
107  1 
107  67 
108  34 
108  4 
108  6 
108  67 
109  6 
109  15 
109  5 
109  4 
110  19 
110  10 
110  4 
110  78 
111  6 
111  17 
111  20 
111  31 
112  13 
112  10 
112  20 
112  98 
113  61 
113  40 
113  9 
113  15 
114  1 
114  75 
114  15 
114  34 
115  108 
115  10 
115  20 
115  43 
116  4 
116  8 
116  25 
116  28 
117  95 
117  8 
117  13 
117  30 
118  11 
118  21 
118  110 
118  117 
119  34 
119  12 
119  77 
119  92 
120  11 
120  108 
120  6 
120  14 
121  31 
121  87 
121  20 
121  56 
122  20 
122  98 
122  71 
122  64 
123  109 
123  118 
123  20 
123  25 
124  119 
124  10 
124  4 
124  90 
125  18 
125  69 
125  68 
125  118 
126  50 
126  74 
126  29 
126  4 
127  7 
127  40 
127  105 
127  4 
128  106 
128  91 
128  49 
128  9 
129  35 
129  67 
129  28 
129  117 
130  49 
130  36 
130  10 
130  106 
131  4 
131  63 
131  90 
131  27 
132  43 
132  5 
132  77 
132  16 
133  43 
133  29 
133  61 
133  1 
134  69 
134  1 
134  9 
134  14 
135  28 
135  8 
135  5 
135  58 
136  114 
136  12 
136  1 
136  6 
137  63 
137  48 
137  69 
137  110 
138  19 
138  103 
138  49 
138  5 
139  132 
139  8 
139  134 
139  9 
140  21 
140  46 
140  1 
140  51 
141  8 
141  9 
141  20 
141  25 
142  13 
142  78 
142  116 
142  104 
143  26 
143  77 
143  9 
143  67 
144  1 
144  103 
144  79 
144  97 
145  74 
145  3 
145  112 
145  9 
146  3 
146  16 
146  136 
146  114 
147  71 
147  2 
147  64 
147  91 
148  77 
148  47 
148  6 
148  10 
149  26 
149  83 
149  67 
149  8 
150  4 
150  8 
150  7 
150  36 
151  7 
151  22 
151  20 
151  17 
152  144 
152  37 
152  8 
152  90 
153  76 
153  92 
153  141 
153  21 
154  15 
154  2 
154  13 
154  52 
155  102 
155  41 
155  60 
155  9 
156  9 
156  61 
156  49 
156  4 
157  37 
157  92 
157  12 
157  19 
158  141 
158  81 
158  5 
158  22 
159  71 
159  20 
159  37 
159  2 
160  75 
160  131 
160  111 
160  116 
161  90 
161  88 
161  61 
161  2 
162  87 
162  110 
162  19 
162  43 
163  12 
163  50 
163  6 
163  110 
164  49 
164  21 
164  3 
164  45 
165  51 
165  13 
165  118 
165  134 
166  123 
166  97 
166  157 
166  47 
167  71 
167  8 
167  28 
167  21 
168  70 
168  88 
168  4 
168  11 
169  92 
169  25 
169  71 
169  55 
170  146 
170  10 
170  1 
170  12 
171  37 
171  18 
171  25 
171  137 
172  4 
172  90 
172  69 
172  130 
173  3 
173  4 
173  44 
173  21 
174  49 
174  9 
174  103 
174  126 
175  143 
175  106 
175  9 
175  8 
176  61 
176  46 
176  65 
176  79 
177  14 
177  53 
177  81 
177  141 
178  3 
178  10 
178  81 
178  8 
179  154 
179  28 
179  72 
179  163 
180  157 
180  3 
180  25 
180  110 
181  122 
181  28 
181  34 
181  115 
182  23 
182  9 
182  18 
182  5 
183  18 
183  143 
183  19 
183  7 
184  50 
184  8 
184  5 
184  52 
185  2 
185  81 
185  27 
185  5 
186  7 
186  6 
186  14 
186  8 
187  25 
187  81 
187  23 
187  123 
188  108 
188  135 
188  119 
188  78 
189  5 
189  134 
189  27 
189  73 
190  14 
190  4 
190  33 
190  25 
191  7 
191  67 
191  19 
191  60 
192  49 
192  22 
192  160 
192  140 
193  124 
193  30 
193  165 
193  89 
194  149 
194  92 
194  10 
194  41 
195  10 
195  154 
195  49 
195  4 
196  128 
196  6 
196  51 
196  185 
197  189 
197  4 
197  19 
197  61 
198  97 
198  37 
198  81 
198  90 
199  136 
199  9 
199  13 
199  121 
200  12 
200  176 
200  184 
200  27 
1  201 
1  202 
1  203 
1  204 
1  205 
2  201 
2  203 
2  206 
3  204 
4  201 
4  202 
4  203 
4  206 
4  204 
5  207 
5  208 
5  206 
5  204 
6  207 
6  208 
6  203 
6  206 
6  204 
7  201 
7  207 
7  202 
7  208 
7  204 
8  208 
8  203 
8  204 
9  201 
9  207 
9  205 
10  207 
10  202 
11  201 
11  207 
11  203 
11  206 
11  205 
12  207 
12  206 
12  205 
13  207 
13  208 
13  206 
13  204 
13  205 
14  201 
14  202 
14  208 
14  206 
14  204 
15  201 
15  207 
15  208 
15  206 
15  205 
16  208 
16  203 
16  205 
17  207 
17  202 
17  208 
17  204 
18  201 
18  207 
18  202 
18  208 
18  206 
18  205 
19  203 
19  206 
19  205 
20  201 
20  203 
21  202 
21  208 
21  203 
21  206 
21  204 
21  205 
22  207 
22  202 
22  208 
22  206 
23  207 
23  204 
23  205 
24  201 
24  202 
25  202 
25  203 
25  205 
26  201 
26  206 
26  204 
26  205 
27  204 
27  205 
28  207 
28  202 
28  204 
28  205 
29  201 
29  208 
29  203 
29  206 
29  205 
30  202 
30  208 
30  203 
30  206 
30  205 
31  208 
31  203 
31  206 
31  204 
31  205 
32  208 
32  205 
33  208 
33  203 
33  206 
33  205 
34  201 
34  207 
34  202 
34  208 
34  203 
34  205 
35  201 
35  207 
35  208 
35  203 
35  205 
36  207 
36  202 
36  206 
36  204 
36  205 
37  201 
37  207 
37  208 
37  204 
38  201 
39  202 
39  203 
39  206 
40  202 
40  208 
40  203 
40  205 
41  201 
41  207 
41  208 
41  203 
42  201 
42  207 
42  203 
42  204 
42  205 
43  201 
43  202 
43  208 
43  206 
43  204 
43  205 
44  208 
44  204 
45  201 
45  207 
45  202 
45  208 
45  203 
45  204 
46  207 
46  202 
46  203 
46  206 
46  204 
46  205 
47  201 
47  207 
47  203 
47  206 
47  204 
47  205 
48  201 
48  202 
48  208 
48  204 
49  202 
49  208 
49  203 
49  204 
50  207 
50  202 
50  208 
50  203 
50  206 
50  204 
201  207 
207  202 
202  208 
208  203 
203  206 
206  204 
204  205 
201  208 
201  203 
201  206 
207  208 
207  203 
202  201 
202  203 
208  206 
208  204 
203  204 
206  202 
205  201 
205  207 
205  208 
209  151 
209  51 
209  89 
209  63 
210  152 
210  206 
210  137 
210  146 
211  21 
211  12 
211  175 
211  135 
212  158 
212  71 
212  88 
212  37 
213  191 
213  105 
213  142 
213  96 
214  60 
214  164 
214  166 
214  139 
215  141 
215  135 
215  212 
215  205 
216  103 
216  88 
216  90 
216  19 
217  25 
217  71 
217  41 
217  88 
218  27 
218  136 
218  117 
218  81 
219  161 
219  81 
219  186 
219  24 
220  197 
220  82 
220  210 
220  134 
221  178 
221  103 
221  139 
221  166 
222  117 
222  24 
222  213 
222  8 
223  126 
223  72 
223  79 
223  101 
224  220 
224  203 
224  40 
224  12 
225  191 
225  135 
225  203 
225  205 
226  221 
226  78 
226  197 
226  30 
227  49 
227  66 
227  168 
227  198 
228  178 
228  144 
228  180 
228  222 
229  27 
229  55 
229  76 
229  20 
230  135 
230  132 
230  197 
230  178 
231  14 
231  224 
231  24 
231  57 
232  129 
232  226 
232  128 
232  47 
233  66 
233  210 
233  45 
233  230 
234  129 
234  167 
234  136 
234  81 
235  211 
235  128 
235  5 
235  135 
236  232 
236  230 
236  210 
236  220 
237  219 
237  199 
237  166 
237  105 
238  222 
238  63 
238  24 
238  219 
239  88 
239  5 
239  215 
239  78 
240  88 
240  166 
240  168 
240  219 
241  4 
241  219 
241  201 
241  165 
242  10 
242  226 
242  51 
242  173 
243  102 
243  136 
243  212 
243  73 
244  141 
244  161 
244  48 
244  228 
245  212 
245  166 
245  182 
245  68 
246  102 
246  156 
246  224 
246  57 
247  73 
247  40 
247  50 
247  38 
248  12 
248  209 
248  240 
248  81 
249  232 
249  166 
249  102 
249  161 
250  220 
250  178 
250  71 
250  172 
251  91 
251  19 
251  4 
251  54 
252  81 
252  195 
252  168 
252  10 
253  37 
253  24 
253  212 
253  27 
254  220 
254  139 
254  24 
254  233 
255  246 
255  173 
255  7 
255  24 
256  125 
256  236 
256  176 
256  235 
257  66 
257  70 
257  256 
257  76 
258  257 
258  220 
258  86 
258  238 
259  61 
259  222 
259  38 
259  112 
260  202 
260  87 
260  69 
260  186 
261  208 
261  104 
261  260 
261  138 
262  41 
262  125 
262  150 
262  173 
263  103 
263  187 
263  152 
263  106 
264  104 
264  187 
264  263 
264  140 
265  130 
265  142 
265  262 
265  106 
266  262 
266  261 
266  68 
266  120 
267  165 
267  6 
267  261 
267  163 
268  42 
268  140 
268  35 
268  164 
269  198 
269  140 
269  61 
269  112 
270  242 
270  109 
270  179 
270  230 
271  30 
271  260 
271  26 
271  106 
272  38 
272  256 
272  261 
272  259 
273  99 
273  82 
273  238 
273  9 
274  82 
274  116 
274  26 
274  197 
275  150 
275  125 
275  68 
275  193 
276  261 
276  88 
276  169 
276  114 
277  54 
277  95 
277  186 
277  99 
278  217 
278  261 
278  57 
278  160 
279  18 
279  271 
279  43 
279  115 
280  32 
280  57 
280  37 
280  44 
281  268 
281  232 
281  79 
281  33 
282  205 
282  123 
282  276 
282  68 
283  262 
283  35 
283  191 
283  17 
284  227 
284  198 
284  215 
284  279 
285  24 
285  123 
285  186 
285  32 
286  55 
286  252 
286  95 
286  188 
287  221 
287  140 
287  273 
287  259 
288  263 
288  110 
288  271 
288  196 
289  99 
289  286 
289  261 
289  73 
290  4 
290  260 
290  35 
290  277 
291  82 
291  271 
291  166 
291  224 
292  136 
292  220 
292  138 
292  270 
293  50 
293  262 
293  287 
293  89 
294  269 
294  130 
294  277 
294  276 
295  287 
295  214 
295  290 
295  94 
296  265 
296  277 
296  60 
296  160 
297  200 
297  195 
297  277 
297  39 
298  27 
298  282 
298  221 
298  109 
299  290 
299  116 
299  211 
299  285 
300  286 
300  191 
300  70 
300  269 
301  24 
301  82 
301  229 
301  32 
302  299 
302  133 
302  296 
302  289 
303  3 
303  268 
303  260 
303  18 
304  268 
304  17 
304  237 
304  238 
305  112 
305  73 
305  16 
305  8 
306  271 
306  161 
306  172 
306  24 
307  95 
307  298 
307  147 
307  276 
308  88 
308  222 
308  301 
308  260 
309  133 
309  142 
309  155 
309  175 
310  271 
310  296 
310  36 
310  301 
311  272 
311  136 
311  85 
311  256 
312  293 
312  48 
312  162 
312  155 
313  247 
313  307 
313  9 
313  140 
314  313 
314  51 
314  79 
314  75 
315  183 
315  103 
315  254 
315  241 
316  161 
316  293 
316  120 
316  20 
317  65 
317  233 
317  100 
317  175 
318  161 
318  225 
318  67 
318  70 
319  278 
319  310 
319  226 
319  300 
320  281 
320  4 
320  195 
320  291 
321  86 
321  146 
321  246 
321  95 
322  73 
322  102 
322  318 
322  216 
323  218 
323  120 
323  117 
323  309 
324  308 
324  199 
324  49 
324  127 
325  163 
325  125 
325  311 
325  77 
326  313 
326  139 
326  80 
326  223 
327  296 
327  140 
327  172 
327  40 
328  181 
328  39 
328  144 
328  323 
329  64 
329  133 
329  172 
329  246 
330  70 
330  129 
330  87 
330  320 
331  238 
331  314 
331  209 
331  78 
332  147 
332  91 
332  60 
332  182 
333  282 
333  94 
333  1 
333  96 
334  308 
334  309 
334  202 
334  131 
335  64 
335  247 
335  271 
335  309 
336  292 
336  77 
336  317 
336  101 
337  85 
337  309 
337  117 
337  297 
338  310 
338  111 
338  300 
338  54 
339  39 
339  236 
339  31 
339  103 
340  80 
340  242 
340  156 
340  283 
341  261 
341  120 
341  325 
341  318 
342  130 
342  334 
342  311 
342  249 
343  308 
343  167 
343  269 
343  334 
344  312 
344  326 
344  215 
344  147 
345  159 
345  70 
345  245 
345  79 
346  336 
346  143 
346  337 
346  91 
347  338 
347  43 
347  326 
347  344 
348  189 
348  98 
348  328 
348  200 
349  241 
349  22 
349  247 
349  85 
350  73 
350  13 
350  322 
350  315 
351  32 
351  227 
351  338 
351  331 
352  228 
352  42 
352  183 
352  32 
353  224 
353  327 
353  181 
353  349 
354  301 
354  59 
354  160 
354  180 
355  325 
355  329 
355  103 
355  186 
356  307 
356  101 
356  334 
356  13 
357  336 
357  162 
357  347 
357  129 
358  20 
358  55 
358  11 
358  293 
359  52 
359  37 
359  47 
359  239 
360  350 
360  265 
360  349 
360  347 
361  273 
361  98 
361  309 
361  360 
362  39 
362  261 
362  282 
362  251 
363  264 
363  361 
363  167 
363  60 
364  222 
364  261 
364  42 
364  40 
365  48 
365  103 
365  94 
365  360 
366  158 
366  105 
366  5 
366  365 
367  9 
367  349 
367  138 
367  60 
368  307 
368  284 
368  203 
368  38 
369  60 
369  211 
369  356 
369  260 
370  329 
370  190 
370  203 
370  369 
371  206 
371  198 
371  341 
371  195 
372  67 
372  24 
372  236 
372  208 
373  48 
373  348 
373  362 
373  167 
374  275 
374  319 
374  92 
374  27 
375  46 
375  329 
375  131 
375  116 
376  230 
376  98 
376  323 
376  282 
377  34 
377  149 
377  98 
377  230 
378  372 
378  203 
378  266 
378  65 
379  275 
379  359 
379  291 
379  189 
380  167 
380  255 
380  14 
380  144 
381  25 
381  169 
381  135 
381  73 
382  152 
382  365 
382  226 
382  299 
383  107 
383  17 
383  307 
383  329 
384  65 
384  273 
384  167 
384  48 
385  226 
385  363 
385  107 
385  359 
386  367 
386  378 
386  344 
386  380 
387  123 
387  203 
387  381 
387  384 
388  371 
388  49 
388  7 
388  374 
389  253 
389  19 
389  355 
389  375 
390  363 
390  304 
390  384 
390  94 
391  363 
391  356 
391  291 
391  357 
392  305 
392  36 
392  357 
392  198 
393  373 
393  98 
393  359 
393  322 
394  94 
394  392 
394  189 
394  335 
395  39 
395  374 
395  335 
395  385 
396  198 
396  351 
396  149 
396  233 
397  375 
397  198 
397  334 
397  10 
398  98 
398  5 
398  232 
398  82 
399  265 
399  351 
399  357 
399  129 
400  286 
400  167 
400  245 
400  318 
401  288 
401  65 
401  34 
401  313 
402  193 
402  368 
402  140 
402  328 
403  255 
403  367 
403  135 
403  111 
404  374 
404  399 
404  47 
404  371 
405  3 
405  132 
405  2 
405  372 
406  391 
406  399 
406  149 
406  367 
407  153 
407  105 
407  226 
407  319 
408  308 
408  371 
408  149 
408  23 
409  375 
409  308 
409  307 
409  156 
410  397 
410  405 
410  342 
410  320 
411  84 
411  68 
411  245 
411  223 
412  58 
412  62 
412  350 
412  245 
413  262 
413  212 
413  222 
413  107 
414  176 
414  189 
414  58 
414  218 
415  343 
415  414 
415  160 
415  213 
416  310 
416  124 
416  121 
416  312 
417  180 
417  249 
417  107 
417  301 
418  46 
418  194 
418  166 
418  117 
419  243 
419  414 
419  11 
419  19 
420  411 
420  342 
420  100 
420  60 
421  199 
421  232 
421  276 
421  331 
422  79 
422  250 
422  164 
422  353 
423  131 
423  410 
423  14 
423  226 
424  349 
424  353 
424  202 
424  402 
425  334 
425  206 
425  414 
425  421 
426  160 
426  60 
426  411 
426  278 
427  149 
427  117 
427  72 
427  200 
428  353 
428  320 
428  304 
428  419 
429  279 
429  263 
429  414 
429  61 
430  61 
430  170 
430  113 
430  358 
431  413 
431  245 
431  383 
431  128 
432  353 
432  105 
432  101 
432  428 
433  274 
433  205 
433  410 
433  210 
434  38 
434  267 
434  105 
434  117 
435  14 
435  29 
435  352 
435  258 
436  173 
436  160 
436  421 
436  422 
437  105 
437  413 
437  88 
437  21 
438  434 
438  9 
438  414 
438  53 
439  429 
439  387 
439  353 
439  30 
440  347 
440  409 
440  115 
440  263 
441  403 
441  131 
441  357 
441  214 
442  411 
442  204 
442  10 
442  350 
443  81 
443  243 
443  419 
443  261 
444  347 
444  98 
444  328 
444  371 
445  261 
445  411 
445  30 
445  38 
446  41 
446  418 
446  417 
446  163 
447  409 
447  420 
447  114 
447  7 
448  418 
448  350 
448  64 
448  99 
449  167 
449  58 
449  411 
449  310 
450  86 
450  419 
450  187 
450  228 
451  413 
451  199 
451  445 
451  58 
452  163 
452  194 
452  284 
452  352 
453  367 
453  350 
453  170 
453  181 
454  128 
454  409 
454  353 
454  122 
455  417 
455  131 
455  415 
455  318 
456  167 
456  392 
456  346 
456  40 
457  448 
457  278 
457  213 
457  200 
458  409 
458  64 
458  160 
458  417 
 

