1  2 
1  3 
1  4 
1  5 
1  6 
1  7 
1  8 
1  9 
1  10 
2  3 
2  4 
2  5 
2  6 
2  7 
2  8 
2  9 
2  10 
3  4 
3  5 
3  6 
3  7 
3  8 
3  9 
3  10 
4  5 
4  6 
4  7 
4  8 
4  9 
4  10 
5  6 
5  7 
5  8 
5  9 
5  10 
6  7 
6  8 
6  9 
6  10 
7  8 
7  9 
7  10 
8  9 
8  10 
9  10 
11  2 
11  9 
11  6 
11  7 
12  7 
12  5 
12  2 
12  9 
13  8 
13  5 
13  1 
13  6 
14  5 
14  2 
14  4 
14  9 
15  13 
15  5 
15  2 
15  8 
16  5 
16  8 
16  1 
16  7 
17  3 
17  9 
17  10 
17  4 
18  6 
18  9 
18  2 
18  5 
19  2 
19  6 
19  14 
19  8 
20  15 
20  4 
20  1 
20  10 
21  1 
21  12 
21  19 
21  9 
22  9 
22  2 
22  1 
22  8 
23  10 
23  9 
23  19 
23  2 
24  5 
24  3 
24  9 
24  2 
25  2 
25  23 
25  19 
25  5 
26  7 
26  11 
26  2 
26  14 
27  26 
27  2 
27  9 
27  7 
28  2 
28  7 
28  5 
28  1 
29  1 
29  8 
29  14 
29  20 
30  7 
30  11 
30  8 
30  2 
31  15 
31  7 
31  14 
31  1 
32  4 
32  10 
32  6 
32  7 
33  10 
33  14 
33  5 
33  4 
34  22 
34  30 
34  15 
34  2 
35  2 
35  3 
35  7 
35  1 
36  1 
36  14 
36  10 
36  20 
37  7 
37  10 
37  19 
37  11 
38  4 
38  2 
38  17 
38  7 
39  5 
39  14 
39  9 
39  2 
40  3 
40  17 
40  28 
40  7 
41  12 
41  17 
41  34 
41  7 
42  37 
42  15 
42  32 
42  31 
43  14 
43  9 
43  7 
43  27 
44  1 
44  26 
44  27 
44  6 
45  1 
45  7 
45  37 
45  25 
46  2 
46  23 
46  20 
46  27 
47  21 
47  9 
47  3 
47  22 
48  41 
48  2 
48  20 
48  37 
49  43 
49  20 
49  1 
49  47 
50  21 
50  34 
50  15 
50  12 
51  2 
51  18 
51  31 
51  38 
52  21 
52  5 
52  13 
52  14 
53  42 
53  50 
53  5 
53  6 
54  5 
54  12 
54  8 
54  2 
55  2 
55  6 
55  1 
55  52 
56  5 
56  44 
56  2 
56  46 
57  7 
57  4 
57  13 
57  17 
58  11 
58  2 
58  36 
58  14 
59  15 
59  41 
59  9 
59  1 
60  20 
60  55 
60  2 
60  8 
61  39 
61  24 
61  2 
61  29 
62  5 
62  12 
62  33 
62  17 
63  58 
63  1 
63  11 
63  17 
64  8 
64  45 
64  15 
64  27 
65  36 
65  55 
65  3 
65  6 
66  4 
66  57 
66  64 
66  47 
67  34 
67  31 
67  1 
67  39 
68  7 
68  3 
68  2 
68  31 
69  1 
69  22 
69  63 
69  41 
70  29 
70  9 
70  5 
70  15 
71  6 
71  2 
71  4 
71  12 
72  43 
72  25 
72  53 
72  46 
73  11 
73  36 
73  20 
73  8 
74  4 
74  5 
74  20 
74  9 
75  10 
75  7 
75  2 
75  19 
76  5 
76  7 
76  57 
76  32 
77  6 
77  14 
77  9 
77  50 
78  22 
78  27 
78  48 
78  26 
79  38 
79  60 
79  23 
79  19 
80  2 
80  9 
80  7 
80  1 
81  80 
81  5 
81  20 
81  30 
82  14 
82  46 
82  55 
82  20 
83  22 
83  4 
83  7 
83  29 
84  18 
84  2 
84  11 
84  4 
85  5 
85  63 
85  8 
85  2 
86  7 
86  50 
86  12 
86  14 
87  26 
87  2 
87  74 
87  4 
88  7 
88  27 
88  65 
88  10 
89  88 
89  65 
89  62 
89  39 
90  4 
90  2 
90  27 
90  47 
91  37 
91  4 
91  7 
91  9 
92  7 
92  9 
92  91 
92  34 
93  43 
93  80 
93  14 
93  13 
94  3 
94  16 
94  23 
94  10 
95  7 
95  33 
95  72 
95  14 
96  5 
96  83 
96  23 
96  22 
97  41 
97  23 
97  56 
97  19 
98  14 
98  30 
98  10 
98  80 
99  2 
99  1 
99  97 
99  14 
100  20 
100  7 
100  13 
100  57 
101  23 
101  30 
101  86 
101  6 
102  23 
102  7 
102  1 
102  2 
103  36 
103  1 
103  54 
103  26 
104  7 
104  77 
104  57 
104  37 
105  9 
105  5 
105  30 
105  12 
106  87 
106  105 
106  8 
106  18 
107  7 
107  60 
107  47 
107  94 
108  1 
108  28 
108  12 
108  34 
109  75 
109  37 
109  101 
109  28 
110  10 
110  6 
110  94 
110  24 
111  14 
111  7 
111  2 
111  4 
112  70 
112  9 
112  59 
112  109 
113  58 
113  8 
113  62 
113  27 
114  12 
114  68 
114  56 
114  17 
115  10 
115  7 
115  6 
115  9 
116  64 
116  41 
116  1 
116  5 
117  11 
117  80 
117  26 
117  7 
118  8 
118  88 
118  28 
118  85 
119  117 
119  50 
119  21 
119  4 
120  27 
120  17 
120  5 
120  7 
121  13 
121  74 
121  1 
121  7 
122  18 
122  2 
122  19 
122  80 
123  5 
123  34 
123  9 
123  22 
124  24 
124  86 
124  17 
124  33 
125  94 
125  1 
125  2 
125  52 
126  91 
126  15 
126  111 
126  39 
127  2 
127  39 
127  50 
127  8 
128  12 
128  2 
128  27 
128  84 
129  2 
129  7 
129  17 
129  11 
130  88 
130  122 
130  22 
130  87 
131  80 
131  23 
131  8 
131  15 
132  62 
132  1 
132  76 
132  97 
133  109 
133  19 
133  5 
133  33 
134  8 
134  6 
134  14 
134  12 
135  32 
135  18 
135  46 
135  27 
136  40 
136  37 
136  29 
136  53 
137  26 
137  108 
137  39 
137  122 
138  1 
138  17 
138  31 
138  80 
139  134 
139  36 
139  2 
139  22 
140  18 
140  20 
140  58 
140  44 
141  7 
141  62 
141  105 
141  2 
142  110 
142  76 
142  137 
142  15 
143  60 
143  3 
143  72 
143  16 
144  1 
144  22 
144  107 
144  50 
145  33 
145  6 
145  57 
145  1 
146  34 
146  41 
146  4 
146  23 
147  31 
147  7 
147  14 
147  116 
148  91 
148  95 
148  76 
148  74 
149  6 
149  122 
149  80 
149  21 
150  116 
150  47 
150  4 
150  27 
151  77 
151  2 
151  14 
151  5 
152  2 
152  30 
152  140 
152  82 
153  5 
153  9 
153  15 
153  48 
154  116 
154  11 
154  9 
154  12 
155  84 
155  20 
155  122 
155  16 
156  98 
156  5 
156  2 
156  84 
157  108 
157  8 
157  29 
157  82 
158  1 
158  110 
158  2 
158  33 
159  55 
159  2 
159  57 
159  79 
160  4 
160  6 
160  109 
160  25 
161  3 
161  77 
161  37 
161  138 
162  67 
162  160 
162  60 
162  27 
163  141 
163  158 
163  39 
163  22 
164  7 
164  2 
164  33 
164  59 
165  105 
165  5 
165  1 
165  116 
166  20 
166  51 
166  34 
166  14 
167  11 
167  18 
167  46 
167  28 
168  10 
168  59 
168  36 
168  21 
169  38 
169  2 
169  83 
169  22 
170  44 
170  31 
170  39 
170  18 
171  91 
171  33 
171  14 
171  28 
172  8 
172  95 
172  7 
172  101 
173  124 
173  51 
173  21 
173  108 
174  41 
174  31 
174  9 
174  156 
175  6 
175  8 
175  37 
175  17 
176  23 
176  62 
176  76 
176  21 
177  105 
177  19 
177  46 
177  9 
178  158 
178  21 
178  2 
178  66 
179  151 
179  137 
179  10 
179  133 
180  17 
180  7 
180  51 
180  99 
181  10 
181  98 
181  62 
181  91 
182  27 
182  69 
182  2 
182  6 
183  5 
183  88 
183  1 
183  86 
184  22 
184  28 
184  138 
184  68 
185  20 
185  115 
185  46 
185  1 
186  169 
186  9 
186  42 
186  53 
187  113 
187  120 
187  10 
187  72 
188  21 
188  43 
188  30 
188  140 
189  115 
189  39 
189  36 
189  59 
190  61 
190  50 
190  36 
190  130 
191  61 
191  185 
191  18 
191  25 
192  1 
192  82 
192  140 
192  36 
193  112 
193  5 
193  7 
193  41 
194  15 
194  127 
194  55 
194  125 
195  158 
195  4 
195  15 
195  2 
196  98 
196  52 
196  8 
196  164 
197  47 
197  192 
197  110 
197  104 
198  16 
198  148 
198  5 
198  12 
199  140 
199  8 
199  10 
199  29 
200  116 
200  126 
200  133 
200  80 
1  201 
1  202 
1  203 
2  201 
2  204 
2  202 
2  205 
2  206 
3  204 
3  205 
3  207 
3  203 
4  201 
4  204 
4  202 
4  205 
4  203 
5  204 
5  208 
6  201 
6  202 
6  205 
6  203 
6  208 
6  206 
7  201 
7  204 
7  207 
7  203 
7  208 
8  201 
8  206 
9  204 
9  205 
9  207 
9  206 
10  201 
10  204 
10  206 
11  201 
11  205 
11  207 
11  203 
11  206 
12  201 
12  204 
12  202 
12  205 
12  207 
12  208 
13  202 
13  205 
13  207 
13  203 
13  208 
14  207 
14  203 
15  205 
15  207 
15  203 
15  206 
16  201 
16  202 
16  205 
16  207 
17  204 
17  202 
17  205 
17  203 
17  208 
18  201 
18  202 
18  207 
18  208 
19  201 
19  204 
19  208 
20  201 
20  204 
20  207 
20  208 
20  206 
21  204 
21  207 
21  206 
22  204 
22  202 
22  207 
22  203 
23  205 
23  203 
23  208 
24  201 
24  205 
24  203 
24  208 
25  202 
25  205 
25  206 
26  201 
26  202 
26  207 
26  203 
26  208 
26  206 
27  201 
27  204 
27  203 
27  208 
28  205 
28  207 
28  208 
28  206 
29  201 
29  204 
29  203 
30  201 
30  204 
30  202 
30  205 
30  203 
30  208 
30  206 
31  201 
31  204 
31  205 
31  207 
31  206 
32  201 
32  205 
32  208 
33  201 
33  204 
33  202 
33  203 
33  206 
34  201 
34  202 
34  205 
34  207 
34  203 
34  206 
35  202 
35  205 
35  207 
35  208 
36  202 
36  205 
37  203 
38  204 
38  202 
38  205 
38  207 
38  206 
39  204 
39  202 
39  207 
39  203 
39  206 
40  204 
40  203 
40  206 
41  201 
41  205 
41  207 
41  203 
41  208 
42  201 
42  204 
42  205 
42  207 
42  203 
42  208 
43  205 
43  207 
43  203 
43  208 
43  206 
44  202 
44  203 
45  201 
45  204 
45  202 
45  205 
45  203 
45  208 
46  205 
46  203 
46  208 
46  206 
47  201 
47  204 
47  202 
47  206 
48  208 
49  202 
49  205 
49  207 
50  201 
50  203 
50  206 
201  204 
204  202 
202  205 
205  207 
207  203 
203  208 
208  206 
201  202 
201  203 
201  208 
204  203 
204  208 
202  207 
205  203 
207  201 
207  208 
208  202 
208  205 
206  201 
206  204 
206  202 
206  205 
206  207 
209  49 
209  109 
209  84 
209  190 
210  159 
210  144 
210  136 
210  157 
211  170 
211  41 
211  89 
211  78 
212  7 
212  210 
212  200 
212  101 
213  76 
213  74 
213  8 
213  55 
214  44 
214  209 
214  167 
214  192 
215  116 
215  92 
215  141 
215  47 
216  11 
216  47 
216  135 
216  209 
217  192 
217  108 
217  213 
217  172 
218  146 
218  65 
218  211 
218  55 
219  61 
219  51 
219  19 
219  212 
220  63 
220  49 
220  97 
220  33 
221  164 
221  50 
221  211 
221  210 
222  219 
222  149 
222  210 
222  140 
223  175 
223  30 
223  65 
223  102 
224  208 
224  107 
224  216 
224  219 
225  58 
225  132 
225  137 
225  25 
226  211 
226  129 
226  83 
226  114 
227  12 
227  214 
227  108 
227  207 
228  116 
228  24 
228  215 
228  213 
229  211 
229  27 
229  208 
229  209 
230  107 
230  159 
230  127 
230  87 
231  192 
231  92 
231  180 
231  107 
232  76 
232  133 
232  222 
232  183 
233  220 
233  10 
233  222 
233  45 
234  33 
234  25 
234  39 
234  51 
235  159 
235  104 
235  87 
235  92 
236  234 
236  217 
236  219 
236  159 
237  90 
237  80 
237  178 
237  235 
238  6 
238  51 
238  109 
238  215 
239  65 
239  217 
239  78 
239  114 
240  93 
240  209 
240  148 
240  47 
241  122 
241  224 
241  9 
241  223 
242  149 
242  204 
242  56 
242  216 
243  222 
243  90 
243  217 
243  238 
244  94 
244  68 
244  154 
244  20 
245  17 
245  154 
245  8 
245  45 
246  235 
246  79 
246  237 
246  84 
247  244 
247  127 
247  214 
247  114 
248  2 
248  1 
248  141 
248  220 
249  114 
249  234 
249  236 
249  33 
250  144 
250  209 
250  90 
250  104 
251  211 
251  226 
251  41 
251  93 
252  68 
252  12 
252  222 
252  135 
253  84 
253  104 
253  39 
253  222 
254  45 
254  229 
254  8 
254  3 
255  60 
255  47 
255  230 
255  114 
256  74 
256  226 
256  197 
256  213 
257  52 
257  214 
257  47 
257  245 
258  97 
258  44 
258  246 
258  235 
259  251 
259  212 
259  150 
259  195 
260  259 
260  24 
260  51 
260  251 
261  43 
261  139 
261  18 
261  178 
262  75 
262  65 
262  1 
262  259 
263  128 
263  10 
263  14 
263  55 
264  138 
264  92 
264  23 
264  15 
265  9 
265  136 
265  154 
265  88 
266  188 
266  258 
266  151 
266  177 
267  189 
267  71 
267  18 
267  45 
268  265 
268  264 
268  15 
268  72 
269  211 
269  102 
269  243 
269  260 
270  77 
270  102 
270  238 
270  176 
271  138 
271  137 
271  94 
271  55 
272  185 
272  194 
272  121 
272  270 
273  233 
273  170 
273  33 
273  48 
274  18 
274  37 
274  141 
274  164 
275  14 
275  10 
275  269 
275  208 
276  131 
276  268 
276  45 
276  273 
277  147 
277  132 
277  111 
277  146 
278  224 
278  267 
278  162 
278  231 
279  133 
279  232 
279  164 
279  35 
280  228 
280  56 
280  278 
280  29 
281  88 
281  243 
281  261 
281  106 
282  131 
282  278 
282  196 
282  259 
283  223 
283  280 
283  128 
283  277 
284  264 
284  106 
284  256 
284  98 
285  100 
285  214 
285  159 
285  238 
286  268 
286  267 
286  270 
286  18 
287  148 
287  281 
287  163 
287  20 
288  41 
288  86 
288  15 
288  276 
289  191 
289  279 
289  106 
289  97 
290  146 
290  268 
290  194 
290  267 
291  268 
291  286 
291  156 
291  274 
292  160 
292  171 
292  121 
292  45 
293  284 
293  259 
293  264 
293  106 
294  111 
294  288 
294  106 
294  147 
295  23 
295  277 
295  141 
295  60 
296  280 
296  23 
296  266 
296  228 
297  27 
297  83 
297  196 
297  194 
298  150 
298  114 
298  292 
298  39 
299  282 
299  265 
299  48 
299  236 
300  108 
300  297 
300  238 
300  155 
301  265 
301  274 
301  128 
301  259 
302  153 
302  272 
302  43 
302  191 
303  301 
303  16 
303  265 
303  29 
304  270 
304  278 
304  29 
304  282 
305  56 
305  29 
305  83 
305  187 
306  8 
306  94 
306  232 
306  218 
307  55 
307  292 
307  277 
307  133 
308  289 
308  164 
308  211 
308  290 
309  111 
309  119 
309  225 
309  179 
310  75 
310  136 
310  95 
310  271 
311  180 
311  149 
311  271 
311  45 
312  177 
312  107 
312  268 
312  78 
313  265 
313  290 
313  83 
313  296 
314  150 
314  217 
314  102 
314  187 
315  239 
315  24 
315  228 
315  195 
316  245 
316  57 
316  309 
316  228 
317  132 
317  85 
317  268 
317  117 
318  143 
318  309 
318  12 
318  203 
319  25 
319  199 
319  77 
319  265 
320  8 
320  38 
320  259 
320  148 
321  296 
321  309 
321  310 
321  243 
322  110 
322  161 
322  179 
322  28 
323  127 
323  306 
323  289 
323  236 
324  44 
324  151 
324  161 
324  188 
325  259 
325  8 
325  221 
325  268 
326  3 
326  129 
326  60 
326  126 
327  246 
327  102 
327  54 
327  247 
328  315 
328  296 
328  201 
328  132 
329  264 
329  227 
329  50 
329  143 
330  311 
330  18 
330  327 
330  75 
331  1 
331  271 
331  324 
331  241 
332  38 
332  316 
332  165 
332  251 
333  318 
333  217 
333  227 
333  309 
334  194 
334  113 
334  97 
334  201 
335  86 
335  270 
335  318 
335  218 
336  114 
336  134 
336  187 
336  294 
337  331 
337  162 
337  318 
337  246 
338  217 
338  317 
338  192 
338  333 
339  309 
339  312 
339  302 
339  113 
340  255 
340  265 
340  164 
340  209 
341  316 
341  302 
341  200 
341  165 
342  335 
342  140 
342  317 
342  107 
343  316 
343  312 
343  108 
343  233 
344  118 
344  332 
344  78 
344  342 
345  198 
345  71 
345  140 
345  201 
346  340 
346  102 
346  268 
346  18 
347  324 
347  334 
347  346 
347  132 
348  147 
348  83 
348  60 
348  331 
349  8 
349  223 
349  150 
349  221 
350  116 
350  347 
350  345 
350  117 
351  261 
351  199 
351  346 
351  345 
352  189 
352  143 
352  335 
352  86 
353  209 
353  54 
353  143 
353  328 
354  11 
354  326 
354  330 
354  12 
355  116 
355  119 
355  348 
355  318 
356  318 
356  182 
356  2 
356  100 
357  229 
357  61 
357  348 
357  7 
358  188 
358  86 
358  8 
358  345 
359  185 
359  121 
359  49 
359  348 
360  12 
360  244 
360  272 
360  13 
361  130 
361  193 
361  101 
361  71 
362  76 
362  280 
362  190 
362  86 
363  150 
363  151 
363  71 
363  127 
364  197 
364  243 
364  217 
364  45 
365  197 
365  188 
365  340 
365  361 
366  121 
366  220 
366  75 
366  126 
367  363 
367  230 
367  204 
367  164 
368  161 
368  183 
368  265 
368  117 
369  368 
369  316 
369  27 
369  333 
370  285 
370  76 
370  363 
370  213 
371  223 
371  369 
371  158 
371  258 
372  39 
372  104 
372  361 
372  370 
373  186 
373  362 
373  136 
373  340 
374  340 
374  68 
374  217 
374  112 
375  305 
375  225 
375  27 
375  210 
376  218 
376  196 
376  68 
376  375 
377  148 
377  286 
377  101 
377  204 
378  375 
378  29 
378  89 
378  318 
379  39 
379  7 
379  28 
379  67 
380  112 
380  10 
380  27 
380  220 
381  141 
381  265 
381  195 
381  359 
382  77 
382  363 
382  381 
382  2 
383  369 
383  234 
383  210 
383  225 
384  110 
384  367 
384  333 
384  161 
385  250 
385  141 
385  128 
385  67 
386  67 
386  48 
386  383 
386  368 
387  41 
387  46 
387  181 
387  204 
388  381 
388  20 
388  251 
388  116 
389  238 
389  340 
389  358 
389  150 
390  367 
390  36 
390  282 
390  388 
391  369 
391  188 
391  57 
391  54 
392  357 
392  146 
392  22 
392  254 
393  226 
393  372 
393  268 
393  382 
394  377 
394  388 
394  325 
394  257 
395  303 
395  192 
395  157 
395  39 
396  271 
396  251 
396  171 
396  369 
397  368 
397  187 
397  197 
397  56 
398  364 
398  86 
398  25 
398  20 
399  379 
399  151 
399  357 
399  322 
400  191 
400  258 
400  389 
400  364 
401  40 
401  376 
401  136 
401  123 
402  117 
402  238 
402  360 
402  334 
403  222 
403  45 
403  398 
403  369 
404  389 
404  39 
404  344 
404  45 
405  16 
405  158 
405  237 
405  39 
406  404 
406  403 
406  393 
406  210 
407  199 
407  116 
407  363 
407  372 
408  190 
408  309 
408  7 
408  383 
 

