1  2 
1  3 
1  4 
1  5 
1  6 
1  7 
1  8 
1  9 
1  10 
2  3 
2  4 
2  5 
2  6 
2  7 
2  8 
2  9 
2  10 
3  4 
3  5 
3  6 
3  7 
3  8 
3  9 
3  10 
4  5 
4  6 
4  7 
4  8 
4  9 
4  10 
5  6 
5  7 
5  8 
5  9 
5  10 
6  7 
6  8 
6  9 
6  10 
7  8 
7  9 
7  10 
8  9 
8  10 
9  10 
11  9 
11  2 
11  3 
11  4 
12  1 
12  8 
12  10 
12  11 
13  5 
13  8 
13  10 
13  7 
14  13 
14  8 
14  12 
14  7 
15  10 
15  5 
15  2 
15  13 
16  6 
16  10 
16  5 
16  9 
17  5 
17  15 
17  2 
17  7 
18  14 
18  9 
18  4 
18  10 
19  9 
19  1 
19  5 
19  2 
20  9 
20  15 
20  12 
20  7 
21  3 
21  7 
21  5 
21  8 
22  5 
22  9 
22  20 
22  7 
23  1 
23  17 
23  4 
23  3 
24  20 
24  3 
24  12 
24  11 
25  10 
25  18 
25  7 
25  12 
26  12 
26  5 
26  2 
26  14 
27  7 
27  26 
27  3 
27  25 
28  2 
28  10 
28  8 
28  26 
29  6 
29  9 
29  15 
29  1 
30  7 
30  13 
30  3 
30  10 
31  2 
31  5 
31  1 
31  4 
32  19 
32  12 
32  3 
32  10 
33  15 
33  20 
33  5 
33  1 
34  8 
34  4 
34  3 
34  6 
35  13 
35  21 
35  6 
35  2 
36  5 
36  8 
36  22 
36  30 
37  3 
37  19 
37  18 
37  21 
38  3 
38  28 
38  5 
38  31 
39  6 
39  9 
39  20 
39  17 
40  12 
40  13 
40  4 
40  18 
41  3 
41  25 
41  34 
41  4 
42  28 
42  1 
42  8 
42  7 
43  4 
43  42 
43  18 
43  26 
44  1 
44  5 
44  2 
44  21 
45  12 
45  8 
45  14 
45  40 
46  17 
46  3 
46  1 
46  5 
47  3 
47  14 
47  30 
47  5 
48  26 
48  10 
48  3 
48  35 
49  2 
49  3 
49  34 
49  12 
50  42 
50  26 
50  7 
50  48 
51  1 
51  15 
51  48 
51  26 
52  7 
52  49 
52  8 
52  41 
53  1 
53  22 
53  5 
53  18 
54  25 
54  6 
54  14 
54  7 
55  1 
55  3 
55  19 
55  14 
56  48 
56  4 
56  19 
56  1 
57  51 
57  10 
57  25 
57  4 
58  7 
58  41 
58  5 
58  12 
59  4 
59  48 
59  7 
59  11 
60  9 
60  5 
60  8 
60  1 
61  14 
61  31 
61  51 
61  5 
62  5 
62  18 
62  21 
62  35 
63  61 
63  3 
63  54 
63  5 
64  3 
64  2 
64  10 
64  22 
65  1 
65  30 
65  7 
65  31 
66  50 
66  33 
66  9 
66  20 
67  44 
67  42 
67  35 
67  16 
68  52 
68  5 
68  62 
68  58 
69  52 
69  2 
69  10 
69  30 
70  15 
70  1 
70  3 
70  5 
71  53 
71  4 
71  1 
71  17 
72  66 
72  28 
72  5 
72  1 
73  19 
73  9 
73  31 
73  7 
74  7 
74  8 
74  40 
74  51 
75  52 
75  4 
75  9 
75  13 
76  1 
76  9 
76  10 
76  5 
77  35 
77  67 
77  3 
77  1 
78  23 
78  45 
78  2 
78  5 
79  5 
79  48 
79  33 
79  67 
80  10 
80  45 
80  3 
80  67 
81  41 
81  5 
81  10 
81  68 
82  69 
82  78 
82  7 
82  14 
83  7 
83  58 
83  5 
83  15 
84  1 
84  12 
84  25 
84  4 
85  5 
85  69 
85  1 
85  15 
86  83 
86  70 
86  40 
86  10 
87  81 
87  62 
87  3 
87  85 
88  30 
88  86 
88  84 
88  46 
89  38 
89  6 
89  12 
89  67 
90  84 
90  7 
90  4 
90  1 
91  73 
91  7 
91  44 
91  34 
92  22 
92  19 
92  3 
92  29 
93  30 
93  6 
93  80 
93  3 
94  69 
94  57 
94  7 
94  9 
95  89 
95  78 
95  28 
95  26 
96  52 
96  76 
96  9 
96  26 
97  41 
97  45 
97  26 
97  3 
98  12 
98  70 
98  13 
98  14 
99  6 
99  44 
99  49 
99  52 
100  14 
100  26 
100  19 
100  15 
101  5 
101  31 
101  100 
101  1 
102  93 
102  26 
102  7 
102  15 
103  69 
103  3 
103  5 
103  13 
104  71 
104  3 
104  94 
104  51 
105  11 
105  1 
105  7 
105  20 
106  10 
106  15 
106  9 
106  13 
107  12 
107  23 
107  2 
107  4 
108  38 
108  19 
108  78 
108  15 
109  89 
109  18 
109  1 
109  78 
110  25 
110  29 
110  3 
110  1 
111  2 
111  51 
111  63 
111  26 
112  12 
112  5 
112  6 
112  2 
113  90 
113  94 
113  30 
113  71 
114  66 
114  9 
114  102 
114  5 
115  56 
115  3 
115  84 
115  69 
116  98 
116  78 
116  14 
116  79 
117  64 
117  14 
117  24 
117  20 
118  78 
118  17 
118  79 
118  9 
119  3 
119  108 
119  26 
119  91 
120  86 
120  62 
120  84 
120  2 
121  16 
121  30 
121  34 
121  14 
122  63 
122  34 
122  69 
122  41 
123  110 
123  113 
123  28 
123  33 
124  69 
124  26 
124  22 
124  12 
125  104 
125  78 
125  11 
125  49 
126  110 
126  18 
126  33 
126  62 
127  75 
127  9 
127  81 
127  104 
128  4 
128  117 
128  7 
128  120 
129  123 
129  9 
129  66 
129  3 
130  65 
130  93 
130  112 
130  1 
131  3 
131  9 
131  4 
131  120 
132  18 
132  115 
132  1 
132  71 
133  29 
133  80 
133  1 
133  58 
134  108 
134  53 
134  64 
134  117 
135  58 
135  113 
135  52 
135  3 
136  41 
136  13 
136  12 
136  86 
137  28 
137  11 
137  29 
137  114 
138  7 
138  133 
138  9 
138  108 
139  49 
139  10 
139  131 
139  14 
140  122 
140  112 
140  117 
140  4 
141  12 
141  2 
141  22 
141  7 
142  4 
142  8 
142  92 
142  116 
143  14 
143  2 
143  70 
143  20 
144  104 
144  6 
144  50 
144  30 
145  15 
145  37 
145  67 
145  12 
146  85 
146  103 
146  19 
146  22 
147  71 
147  32 
147  97 
147  67 
148  65 
148  24 
148  80 
148  3 
149  4 
149  103 
149  137 
149  24 
150  9 
150  141 
150  58 
150  96 
151  126 
151  23 
151  4 
151  8 
152  125 
152  111 
152  42 
152  110 
153  13 
153  67 
153  19 
153  30 
154  132 
154  106 
154  78 
154  49 
155  8 
155  120 
155  71 
155  15 
156  26 
156  127 
156  125 
156  91 
157  117 
157  93 
157  26 
157  118 
158  26 
158  8 
158  44 
158  15 
159  10 
159  13 
159  156 
159  1 
160  1 
160  90 
160  5 
160  140 
161  135 
161  15 
161  43 
161  103 
162  141 
162  144 
162  86 
162  100 
163  19 
163  157 
163  10 
163  22 
164  81 
164  29 
164  160 
164  1 
165  15 
165  71 
165  82 
165  25 
166  5 
166  103 
166  79 
166  53 
167  13 
167  20 
167  25 
167  64 
168  66 
168  107 
168  64 
168  94 
169  3 
169  8 
169  51 
169  112 
170  29 
170  33 
170  3 
170  23 
171  165 
171  91 
171  3 
171  13 
172  3 
172  83 
172  133 
172  7 
173  7 
173  112 
173  19 
173  143 
174  4 
174  24 
174  7 
174  20 
175  104 
175  11 
175  32 
175  12 
176  24 
176  3 
176  111 
176  148 
177  24 
177  18 
177  111 
177  1 
178  27 
178  5 
178  72 
178  78 
179  32 
179  4 
179  12 
179  10 
180  126 
180  26 
180  103 
180  5 
181  126 
181  136 
181  106 
181  119 
182  52 
182  5 
182  29 
182  66 
183  9 
183  31 
183  5 
183  4 
184  16 
184  120 
184  75 
184  34 
185  18 
185  9 
185  53 
185  19 
186  41 
186  4 
186  5 
186  143 
187  28 
187  6 
187  53 
187  73 
188  24 
188  7 
188  15 
188  161 
189  31 
189  4 
189  139 
189  12 
190  19 
190  36 
190  185 
190  25 
191  159 
191  11 
191  4 
191  13 
192  140 
192  86 
192  162 
192  190 
193  185 
193  39 
193  109 
193  64 
194  12 
194  3 
194  133 
194  20 
195  12 
195  116 
195  56 
195  19 
196  146 
196  56 
196  78 
196  55 
197  25 
197  52 
197  133 
197  72 
198  23 
198  10 
198  40 
198  12 
199  113 
199  84 
199  10 
199  190 
200  3 
200  78 
200  30 
200  57 
1  201 
1  202 
1  203 
1  204 
2  202 
2  205 
2  203 
2  204 
3  201 
3  202 
3  204 
3  206 
3  207 
4  201 
4  205 
4  203 
4  206 
4  207 
5  201 
5  202 
5  205 
5  203 
5  208 
5  207 
6  204 
6  206 
7  201 
7  202 
7  205 
7  206 
7  207 
8  203 
8  204 
8  208 
8  207 
9  202 
9  205 
9  203 
9  206 
9  208 
9  207 
10  201 
10  202 
10  203 
10  206 
10  208 
11  204 
11  206 
11  208 
11  207 
12  201 
12  202 
12  207 
13  205 
13  203 
13  208 
13  207 
14  201 
14  203 
14  204 
14  206 
15  202 
15  205 
15  207 
16  201 
16  202 
16  205 
16  206 
16  208 
17  201 
17  203 
17  204 
17  207 
18  202 
18  203 
18  204 
18  206 
18  208 
19  201 
19  204 
19  207 
20  203 
20  208 
201  202 
202  205 
205  203 
203  204 
204  206 
206  208 
208  207 
201  205 
202  206 
205  204 
205  206 
203  208 
204  208 
208  202 
208  205 
207  201 
207  205 
207  203 
207  206 
209  137 
209  200 
209  207 
209  122 
210  135 
210  41 
210  18 
210  39 
211  186 
211  47 
211  4 
211  91 
212  8 
212  56 
212  151 
212  55 
213  68 
213  69 
213  64 
213  208 
214  103 
214  117 
214  213 
214  49 
215  186 
215  101 
215  27 
215  121 
216  162 
216  98 
216  72 
216  57 
217  116 
217  24 
217  46 
217  61 
218  16 
218  98 
218  6 
218  27 
219  213 
219  218 
219  92 
219  192 
220  218 
220  50 
220  91 
220  72 
221  163 
221  58 
221  98 
221  40 
222  210 
222  191 
222  87 
222  88 
223  171 
223  55 
223  215 
223  218 
224  221 
224  108 
224  223 
224  213 
225  40 
225  216 
225  53 
225  222 
226  50 
226  192 
226  67 
226  190 
227  210 
227  38 
227  191 
227  212 
228  210 
228  212 
228  217 
228  23 
229  161 
229  210 
229  24 
229  62 
230  226 
230  81 
230  126 
230  186 
231  111 
231  212 
231  28 
231  219 
232  151 
232  28 
232  61 
232  226 
233  160 
233  45 
233  55 
233  65 
234  213 
234  182 
234  210 
234  163 
235  223 
235  212 
235  228 
235  208 
236  17 
236  5 
236  72 
236  225 
237  223 
237  25 
237  3 
237  208 
238  213 
238  10 
238  84 
238  4 
239  159 
239  24 
239  208 
239  103 
240  176 
240  147 
240  145 
240  20 
241  215 
241  227 
241  232 
241  123 
242  137 
242  47 
242  27 
242  198 
243  196 
243  221 
243  100 
243  232 
244  30 
244  211 
244  9 
244  72 
245  231 
245  212 
245  66 
245  210 
246  16 
246  229 
246  49 
246  230 
247  207 
247  132 
247  221 
247  216 
248  213 
248  220 
248  103 
248  151 
249  239 
249  64 
249  186 
249  124 
250  231 
250  221 
250  102 
250  224 
251  218 
251  107 
251  7 
251  229 
252  151 
252  147 
252  161 
252  248 
253  44 
253  84 
253  49 
253  186 
254  4 
254  212 
254  118 
254  158 
255  109 
255  218 
255  196 
255  186 
256  216 
256  158 
256  123 
256  152 
257  226 
257  123 
257  240 
257  224 
258  241 
258  20 
258  213 
258  4 
259  21 
259  192 
259  47 
259  251 
260  118 
260  103 
260  167 
260  85 
261  52 
261  158 
261  109 
261  47 
262  137 
262  193 
262  71 
262  255 
263  77 
263  224 
263  206 
263  259 
264  261 
264  123 
264  183 
264  142 
265  231 
265  209 
265  136 
265  177 
266  93 
266  260 
266  122 
266  166 
267  133 
267  54 
267  109 
267  5 
268  113 
268  142 
268  36 
268  193 
269  142 
269  162 
269  112 
269  41 
270  161 
270  71 
270  57 
270  84 
271  270 
271  262 
271  72 
271  87 
272  156 
272  101 
272  170 
272  210 
273  9 
273  256 
273  73 
273  248 
274  5 
274  41 
274  6 
274  209 
275  191 
275  43 
275  47 
275  173 
276  110 
276  262 
276  228 
276  21 
277  233 
277  267 
277  70 
277  250 
278  272 
278  261 
278  66 
278  139 
279  32 
279  163 
279  278 
279  276 
280  278 
280  276 
280  232 
280  102 
281  272 
281  147 
281  165 
281  133 
282  276 
282  6 
282  183 
282  241 
283  272 
283  164 
283  270 
283  54 
284  180 
284  245 
284  130 
284  165 
285  127 
285  165 
285  81 
285  151 
286  142 
286  209 
286  53 
286  63 
287  279 
287  171 
287  262 
287  282 
288  173 
288  101 
288  145 
288  15 
289  82 
289  278 
289  237 
289  288 
290  209 
290  287 
290  122 
290  6 
291  62 
291  29 
291  259 
291  180 
292  269 
292  15 
292  241 
292  90 
293  284 
293  255 
293  209 
293  256 
294  171 
294  282 
294  91 
294  118 
295  259 
295  165 
295  163 
295  56 
296  15 
296  262 
296  286 
296  260 
297  48 
297  269 
297  101 
297  285 
298  171 
298  285 
298  183 
298  231 
299  75 
299  102 
299  120 
299  293 
300  232 
300  281 
300  270 
300  130 
301  65 
301  75 
301  82 
301  158 
302  34 
302  129 
302  101 
302  259 
303  271 
303  183 
303  196 
303  121 
304  209 
304  283 
304  268 
304  91 
305  75 
305  263 
305  124 
305  23 
306  285 
306  89 
306  293 
306  292 
307  268 
307  276 
307  33 
307  265 
308  211 
308  93 
308  32 
308  284 
309  102 
309  100 
309  275 
309  81 
310  279 
310  90 
310  287 
310  38 
311  151 
311  310 
311  109 
311  179 
312  269 
312  303 
312  291 
312  58 
313  262 
313  237 
313  90 
313  87 
314  309 
314  160 
314  164 
314  24 
315  209 
315  246 
315  204 
315  232 
316  63 
316  29 
316  105 
316  12 
317  237 
317  125 
317  193 
317  262 
318  317 
318  311 
318  216 
318  240 
319  316 
319  214 
319  49 
319  57 
320  264 
320  189 
320  263 
320  259 
321  18 
321  260 
321  231 
321  70 
322  310 
322  85 
322  147 
322  293 
323  311 
323  275 
323  308 
323  316 
324  145 
324  74 
324  295 
324  119 
325  162 
325  317 
325  102 
325  249 
326  56 
326  242 
326  164 
326  319 
327  35 
327  310 
327  84 
327  75 
328  105 
328  259 
328  52 
328  206 
329  287 
329  320 
329  319 
329  229 
330  171 
330  39 
330  16 
330  132 
331  31 
331  14 
331  109 
331  135 
332  210 
332  324 
332  259 
332  309 
333  310 
333  321 
333  193 
333  309 
334  53 
334  122 
334  316 
334  329 
335  195 
335  237 
335  188 
335  327 
336  56 
336  103 
336  65 
336  306 
337  122 
337  128 
337  221 
337  272 
338  54 
338  36 
338  135 
338  293 
339  245 
339  240 
339  129 
339  48 
340  227 
340  124 
340  128 
340  321 
341  250 
341  135 
341  310 
341  215 
342  109 
342  329 
342  288 
342  225 
343  283 
343  240 
343  176 
343  305 
344  103 
344  283 
344  144 
344  329 
345  328 
345  310 
345  210 
345  159 
346  265 
346  329 
346  165 
346  238 
347  293 
347  139 
347  204 
347  104 
348  112 
348  105 
348  340 
348  135 
349  19 
349  273 
349  336 
349  116 
350  315 
350  75 
350  79 
350  49 
351  146 
351  320 
351  194 
351  262 
352  75 
352  231 
352  328 
352  321 
353  109 
353  206 
353  244 
353  323 
354  269 
354  285 
354  230 
354  316 
355  274 
355  313 
355  335 
355  212 
356  241 
356  348 
356  112 
356  310 
357  269 
357  328 
357  256 
357  71 
358  309 
358  352 
358  125 
358  320 
359  285 
359  208 
359  288 
359  222 
360  271 
360  133 
360  165 
360  91 
361  340 
361  61 
361  218 
361  129 
362  218 
362  135 
362  18 
362  110 
363  251 
363  223 
363  286 
363  338 
364  305 
364  71 
364  149 
364  126 
365  258 
365  267 
365  305 
365  218 
366  201 
366  66 
366  235 
366  316 
367  41 
367  54 
367  364 
367  122 
368  127 
368  352 
368  136 
368  149 
369  368 
369  86 
369  229 
369  248 
370  174 
370  256 
370  198 
370  16 
371  195 
371  360 
371  70 
371  134 
372  72 
372  6 
372  317 
372  22 
373  41 
373  45 
373  160 
373  121 
374  305 
374  130 
374  116 
374  354 
375  71 
375  365 
375  180 
375  12 
376  364 
376  116 
376  200 
376  305 
377  304 
377  345 
377  164 
377  262 
378  226 
378  54 
378  375 
378  13 
379  362 
379  372 
379  142 
379  289 
380  360 
380  60 
380  75 
380  288 
381  322 
381  354 
381  16 
381  59 
382  374 
382  371 
382  325 
382  373 
383  248 
383  377 
383  110 
383  350 
384  305 
384  72 
384  304 
384  368 
385  384 
385  373 
385  80 
385  251 
386  20 
386  54 
386  151 
386  74 
387  302 
387  385 
387  48 
387  276 
388  40 
388  166 
388  349 
388  378 
389  288 
389  60 
389  365 
389  371 
390  140 
390  2 
390  27 
390  376 
391  299 
391  61 
391  258 
391  73 
392  94 
392  333 
392  359 
392  72 
393  109 
393  7 
393  243 
393  40 
394  367 
394  379 
394  218 
394  371 
395  12 
395  53 
395  41 
395  204 
396  211 
396  87 
396  356 
396  76 
397  60 
397  367 
397  38 
397  305 
398  115 
398  80 
398  232 
398  27 
399  305 
399  89 
399  94 
399  363 
400  386 
400  277 
400  193 
400  52 
401  397 
401  124 
401  379 
401  375 
402  327 
402  95 
402  130 
402  381 
403  286 
403  42 
403  64 
403  305 
404  330 
404  204 
404  127 
404  66 
405  397 
405  69 
405  372 
405  181 
406  110 
406  213 
406  61 
406  54 
407  59 
407  396 
407  170 
407  312 
408  173 
408  363 
408  281 
408  321 
409  113 
409  68 
409  373 
409  301 
410  270 
410  183 
410  345 
410  275 
411  410 
411  379 
411  250 
411  201 
412  356 
412  181 
412  46 
412  395 
413  379 
413  299 
413  390 
413  402 
414  297 
414  331 
414  122 
414  30 
415  92 
415  356 
415  229 
415  65 
416  137 
416  409 
416  201 
416  159 
417  336 
417  52 
417  134 
417  242 
418  273 
418  123 
418  185 
418  27 
419  399 
419  201 
419  16 
419  122 
420  171 
420  65 
420  348 
420  409 
421  330 
421  335 
421  141 
421  405 
422  74 
422  340 
422  165 
422  417 
423  322 
423  31 
423  261 
423  416 
424  122 
424  242 
424  416 
424  423 
425  171 
425  102 
425  335 
425  314 
426  218 
426  79 
426  378 
426  367 
427  323 
427  127 
427  55 
427  356 
428  416 
428  172 
428  223 
428  311 
429  336 
429  331 
429  415 
429  416 
430  90 
430  426 
430  65 
430  385 
431  127 
431  412 
431  416 
431  420 
432  114 
432  6 
432  184 
432  294 
433  236 
433  370 
433  122 
433  325 
434  156 
434  117 
434  161 
434  280 
435  218 
435  415 
435  367 
435  156 
436  84 
436  344 
436  178 
436  204 
437  425 
437  172 
437  277 
437  56 
438  390 
438  94 
438  164 
438  425 
439  415 
439  418 
439  390 
439  338 
440  68 
440  269 
440  336 
440  181 
441  426 
441  378 
441  17 
441  23 
442  425 
442  379 
442  186 
442  25 
443  422 
443  360 
443  440 
443  125 
444  46 
444  240 
444  413 
444  416 
445  186 
445  232 
445  348 
445  156 
446  148 
446  445 
446  220 
446  434 
447  123 
447  25 
447  303 
447  290 
448  409 
448  34 
448  422 
448  378 
449  432 
449  77 
449  421 
449  258 
450  161 
450  430 
450  218 
450  127 
451  228 
451  338 
451  330 
451  125 
452  365 
452  247 
452  318 
452  166 
453  445 
453  369 
453  204 
453  269 
454  303 
454  447 
454  52 
454  68 
455  421 
455  412 
455  240 
455  148 
456  148 
456  328 
456  445 
456  27 
457  250 
457  415 
457  240 
457  364 
458  232 
458  445 
458  315 
458  70 
459  294 
459  391 
459  339 
459  447 
460  277 
460  397 
460  231 
460  77 
461  266 
461  446 
461  323 
461  176 
462  111 
462  378 
462  285 
462  404 
463  392 
463  119 
463  54 
463  217 
464  184 
464  156 
464  125 
464  305 
465  459 
465  371 
465  112 
465  184 
466  195 
466  69 
466  465 
466  211 
467  285 
467  19 
467  123 
467  83 
468  101 
468  54 
468  169 
468  324 
469  463 
469  306 
469  253 
469  307 
470  268 
470  233 
470  165 
470  184 
471  184 
471  24 
471  467 
471  112 
472  85 
472  73 
472  290 
472  402 
473  388 
473  369 
473  389 
473  144 
474  239 
474  176 
474  7 
474  238 
475  208 
475  358 
475  284 
475  467 
476  296 
476  311 
476  322 
476  434 
477  173 
477  177 
477  349 
477  14 
478  114 
478  305 
478  463 
478  363 
479  358 
479  187 
479  476 
479  160 
480  90 
480  195 
480  144 
480  272 
481  62 
481  79 
481  178 
481  446 
482  88 
482  475 
482  321 
482  340 
483  285 
483  216 
483  471 
483  34 
484  95 
484  146 
484  466 
484  459 
485  125 
485  36 
485  25 
485  443 
486  176 
486  453 
486  190 
486  316 
487  466 
487  83 
487  99 
487  400 
488  210 
488  300 
488  37 
488  51 
489  284 
489  480 
489  157 
489  313 
490  333 
490  223 
490  468 
490  52 
491  240 
491  485 
491  292 
491  78 
492  227 
492  488 
492  268 
492  478 
493  353 
493  228 
493  275 
493  29 
494  45 
494  420 
494  276 
494  464 
495  229 
495  475 
495  222 
495  491 
496  62 
496  451 
496  234 
496  351 
497  81 
497  279 
497  365 
497  475 
498  475 
498  388 
498  95 
498  315 
499  339 
499  55 
499  186 
499  195 
500  14 
500  237 
500  313 
500  463 
501  177 
501  35 
501  391 
501  300 
502  478 
502  155 
502  475 
502  208 
503  493 
503  16 
503  495 
503  19 
504  481 
504  157 
504  125 
504  399 
505  359 
505  51 
505  413 
505  456 
506  501 
506  184 
506  145 
506  496 
507  407 
507  238 
507  371 
507  465 
508  475 
508  332 
508  498 
508  496 
509  413 
509  297 
509  284 
509  84 
510  446 
510  349 
510  62 
510  420 
511  437 
511  156 
511  491 
511  436 
512  33 
512  490 
512  116 
512  356 
513  28 
513  242 
513  113 
513  351 
514  134 
514  30 
514  132 
514  346 
515  509 
515  361 
515  433 
515  158 
516  463 
516  513 
516  48 
516  188 
517  242 
517  469 
517  516 
517  175 
518  438 
518  277 
518  499 
518  280 
519  239 
519  6 
519  264 
519  269 
520  427 
520  503 
520  516 
520  304 
521  516 
521  177 
521  474 
521  163 
522  422 
522  490 
522  346 
522  146 
523  177 
523  259 
523  326 
523  261 
524  491 
524  139 
524  222 
524  260 
525  12 
525  425 
525  494 
525  489 
526  266 
526  445 
526  69 
526  425 
527  195 
527  422 
527  75 
527  247 
528  10 
528  126 
528  298 
528  49 
529  152 
529  96 
529  330 
529  134 
530  509 
530  286 
530  528 
530  420 
531  67 
531  74 
531  307 
531  251 
532  9 
532  526 
532  190 
532  436 
533  450 
533  278 
533  490 
533  464 
534  278 
534  516 
534  510 
534  469 
535  44 
535  286 
535  415 
535  434 
536  380 
536  148 
536  125 
536  212 
537  99 
537  93 
537  347 
537  222 
538  469 
538  523 
538  323 
538  511 
539  490 
539  129 
539  434 
539  29 
540  181 
540  420 
540  344 
540  533 
541  510 
541  5 
541  99 
541  423 
542  401 
542  168 
542  234 
542  521 
543  422 
543  264 
543  332 
543  495 
544  226 
544  193 
544  356 
544  481 
545  25 
545  82 
545  519 
545  265 
546  234 
546  384 
546  269 
546  245 
547  134 
547  264 
547  517 
547  206 
548  494 
548  499 
548  522 
548  509 
549  385 
549  509 
549  223 
549  67 
550  225 
550  176 
550  489 
550  418 
551  528 
551  223 
551  323 
551  214 
552  545 
552  268 
552  266 
552  6 
553  276 
553  13 
553  150 
553  323 
554  188 
554  177 
554  373 
554  82 
555  51 
555  286 
555  123 
555  266 
556  511 
556  199 
556  51 
556  185 
557  525 
557  261 
557  518 
557  191 
558  351 
558  330 
558  525 
558  509 
559  321 
559  85 
559  364 
559  297 
560  12 
560  37 
560  149 
560  408 
561  26 
561  525 
561  131 
561  475 
562  179 
562  330 
562  266 
562  231 
563  439 
563  321 
563  562 
563  8 
564  247 
564  293 
564  39 
564  178 
565  480 
565  38 
565  88 
565  31 
566  512 
566  562 
566  87 
566  476 
567  187 
567  107 
567  162 
567  520 
568  51 
568  566 
568  353 
568  314 
569  31 
569  199 
569  292 
569  566 
570  567 
570  512 
570  564 
570  562 
571  115 
571  152 
571  65 
571  441 
572  477 
572  410 
572  110 
572  29 
573  184 
573  552 
573  488 
573  29 
574  136 
574  303 
574  316 
574  133 
575  3 
575  178 
575  557 
575  210 
576  564 
576  136 
576  397 
576  231 
577  360 
577  469 
577  228 
577  127 
578  38 
578  561 
578  124 
578  50 
579  182 
579  55 
579  445 
579  167 
580  373 
580  308 
580  32 
580  267 
581  351 
581  561 
581  185 
581  124 
582  32 
582  136 
582  408 
582  321 
583  319 
583  406 
583  477 
583  455 
584  138 
584  147 
584  123 
584  218 
585  214 
585  93 
585  242 
585  433 
586  175 
586  87 
586  579 
586  552 
587  119 
587  550 
587  242 
587  218 
588  108 
588  228 
588  231 
588  373 
589  240 
589  197 
589  575 
589  146 
590  579 
590  223 
590  292 
590  32 
591  128 
591  589 
591  249 
591  476 
592  471 
592  23 
592  179 
592  327 
593  267 
593  578 
593  373 
593  362 
594  454 
594  261 
594  570 
594  153 
595  328 
595  331 
595  292 
595  365 
596  567 
596  260 
596  571 
596  33 
597  220 
597  206 
597  441 
597  172 
598  34 
598  489 
598  475 
598  586 
599  331 
599  576 
599  594 
599  163 
600  597 
600  451 
600  446 
600  37 
601  572 
601  567 
601  583 
601  178 
602  169 
602  362 
602  56 
602  26 
603  167 
603  184 
603  601 
603  437 
604  362 
604  595 
604  572 
604  447 
605  225 
605  85 
605  23 
605  227 
606  569 
606  595 
606  457 
606  600 
607  191 
607  225 
607  494 
607  321 
608  80 
608  274 
608  286 
608  70 
609  77 
609  358 
609  410 
609  206 
610  128 
610  38 
610  304 
610  108 
611  58 
611  195 
611  524 
611  80 
612  514 
612  45 
612  609 
612  268 
613  559 
613  236 
613  412 
613  537 
614  365 
614  172 
614  259 
614  152 
615  16 
615  609 
615  18 
615  497 
616  314 
616  15 
616  507 
616  396 
617  322 
617  5 
617  152 
617  37 
618  564 
618  402 
618  379 
618  617 
619  379 
619  490 
619  219 
619  395 
620  110 
620  33 
620  267 
620  465 
621  470 
621  93 
621  620 
621  307 
622  9 
622  425 
622  528 
622  130 
623  13 
623  343 
623  402 
623  95 
624  45 
624  509 
624  549 
624  619 
625  273 
625  130 
625  352 
625  491 
626  108 
626  270 
626  614 
626  313 
627  564 
627  620 
627  497 
627  165 
628  509 
628  289 
628  587 
628  362 
629  82 
629  563 
629  569 
629  581 
630  507 
630  125 
630  183 
630  624 
631  5 
631  609 
631  625 
631  214 
632  628 
632  615 
632  463 
632  430 
633  578 
633  87 
633  282 
633  204 
634  594 
634  144 
634  59 
634  281 
635  560 
635  514 
635  470 
635  47 
636  274 
636  36 
636  347 
636  85 
637  265 
637  635 
637  84 
637  376 
638  202 
638  142 
638  72 
638  368 
639  72 
639  201 
639  66 
639  272 
640  200 
640  220 
640  430 
640  617 
641  463 
641  32 
641  417 
641  379 
642  513 
642  437 
642  40 
642  319 
643  621 
643  115 
643  542 
643  514 
644  488 
644  171 
644  376 
644  397 
645  421 
645  360 
645  470 
645  140 
646  52 
646  296 
646  44 
646  557 
647  280 
647  65 
647  15 
647  514 
648  494 
648  513 
648  266 
648  59 
649  370 
649  527 
649  553 
649  129 
650  448 
650  610 
650  622 
650  352 
651  94 
651  423 
651  158 
651  583 
652  609 
652  509 
652  4 
652  589 
653  314 
653  402 
653  293 
653  146 
654  37 
654  88 
654  646 
654  351 
655  613 
655  549 
655  378 
655  624 
656  152 
656  616 
656  632 
656  273 
657  33 
657  505 
657  37 
657  402 
658  146 
658  315 
658  652 
658  464 
659  271 
659  102 
659  457 
659  641 
660  204 
660  358 
660  380 
660  651 
661  212 
661  447 
661  115 
661  607 
662  654 
662  320 
662  125 
662  560 
663  76 
663  351 
663  144 
663  419 
664  312 
664  452 
664  33 
664  634 
665  664 
665  515 
665  269 
665  33 
666  80 
666  284 
666  583 
666  281 
667  613 
667  235 
667  21 
667  477 
668  82 
668  173 
668  136 
668  442 
669  335 
669  378 
669  467 
669  414 
670  147 
670  238 
670  60 
670  662 
671  433 
671  380 
671  231 
671  349 
672  632 
672  172 
672  326 
672  400 
673  62 
673  258 
673  618 
673  269 
674  477 
674  323 
674  190 
674  290 
675  427 
675  483 
675  165 
675  312 
676  330 
676  170 
676  312 
676  495 
677  39 
677  405 
677  304 
677  231 
678  561 
678  545 
678  64 
678  565 
679  121 
679  304 
679  301 
679  609 
680  623 
680  497 
680  88 
680  162 
681  456 
681  90 
681  79 
681  162 
682  45 
682  677 
682  44 
682  333 
683  485 
683  667 
683  482 
683  108 
684  518 
684  665 
684  253 
684  65 
685  179 
685  13 
685  668 
685  513 
686  581 
686  601 
686  85 
686  248 
687  219 
687  235 
687  67 
687  533 
688  88 
688  312 
688  104 
688  91 
689  130 
689  294 
689  321 
689  14 
690  38 
690  432 
690  599 
690  597 
691  506 
691  689 
691  357 
691  678 
692  686 
692  561 
692  665 
692  687 
693  401 
693  629 
693  627 
693  345 
694  306 
694  134 
694  59 
694  676 
695  613 
695  453 
695  253 
695  534 
696  306 
696  501 
696  265 
696  678 
697  338 
697  485 
697  685 
697  656 
698  640 
698  609 
698  221 
698  497 
699  389 
699  297 
699  162 
699  115 
700  695 
700  120 
700  496 
700  436 
701  684 
701  496 
701  683 
701  156 
702  405 
702  299 
702  300 
702  392 
703  674 
703  613 
703  435 
703  682 
704  702 
704  679 
704  603 
704  118 
705  561 
705  328 
705  186 
705  149 
706  193 
706  279 
706  586 
706  617 
707  511 
707  509 
707  389 
707  62 
708  165 
708  618 
708  258 
708  72 
709  628 
709  423 
709  515 
709  479 
710  157 
710  666 
710  526 
710  79 
711  311 
711  182 
711  328 
711  520 
712  134 
712  430 
712  324 
712  586 
713  268 
713  163 
713  344 
713  236 
714  117 
714  329 
714  618 
714  441 
715  418 
715  277 
715  388 
715  3 
716  420 
716  635 
716  179 
716  697 
717  105 
717  121 
717  215 
717  275 
718  497 
718  605 
718  314 
718  184 
719  31 
719  351 
719  630 
719  33 
720  223 
720  566 
720  457 
720  461 
721  710 
721  336 
721  468 
721  123 
722  652 
722  426 
722  112 
722  536 
723  485 
723  139 
723  49 
723  594 
724  662 
724  249 
724  188 
724  36 
725  163 
725  206 
725  29 
725  509 
726  656 
726  525 
726  502 
726  267 
727  549 
727  333 
727  368 
727  707 
728  307 
728  303 
728  139 
728  191 
729  449 
729  239 
729  257 
729  589 
730  719 
730  98 
730  120 
730  512 
731  335 
731  99 
731  272 
731  657 
732  388 
732  594 
732  709 
732  107 
733  433 
733  333 
733  286 
733  612 
734  277 
734  14 
734  448 
734  656 
735  472 
735  237 
735  361 
735  25 
736  215 
736  679 
736  297 
736  356 
737  527 
737  485 
737  497 
737  215 
738  430 
738  677 
738  532 
738  714 
739  239 
739  287 
739  625 
739  713 
740  715 
740  118 
740  503 
740  535 
741  248 
741  386 
741  509 
741  5 
742  162 
742  195 
742  716 
742  736 
743  713 
743  474 
743  211 
743  176 
744  528 
744  20 
744  500 
744  236 
745  215 
745  685 
745  336 
745  519 
746  117 
746  723 
746  663 
746  313 
747  112 
747  8 
747  31 
747  415 
748  734 
748  221 
748  352 
748  716 
749  281 
749  567 
749  243 
749  720 
750  89 
750  736 
750  504 
750  738 
751  68 
751  748 
751  443 
751  696 
752  239 
752  530 
752  623 
752  234 
753  519 
753  615 
753  468 
753  600 
754  350 
754  739 
754  422 
754  112 
755  14 
755  356 
755  123 
755  731 
756  337 
756  635 
756  709 
756  430 
757  532 
757  612 
757  749 
757  119 
758  625 
758  461 
758  419 
758  131 
759  165 
759  434 
759  162 
759  528 
760  48 
760  237 
760  71 
760  461 
761  333 
761  200 
761  315 
761  141 
762  570 
762  346 
762  75 
762  248 
763  18 
763  441 
763  748 
763  48 
764  20 
764  247 
764  510 
764  113 
765  91 
765  482 
765  396 
765  20 
766  502 
766  360 
766  162 
766  430 
767  188 
767  391 
767  590 
767  707 
768  11 
768  113 
768  706 
768  110 
769  731 
769  504 
769  208 
769  481 
770  293 
770  761 
770  19 
770  347 
771  573 
771  51 
771  506 
771  105 
772  32 
772  376 
772  362 
772  734 
773  762 
773  571 
773  527 
773  37 
774  652 
774  555 
774  418 
774  660 
775  720 
775  167 
775  56 
775  53 
776  585 
776  762 
776  494 
776  423 
777  70 
777  623 
777  16 
777  317 
778  731 
778  777 
778  760 
778  729 
779  570 
779  729 
779  13 
779  274 
780  510 
780  209 
780  44 
780  528 
781  562 
781  46 
781  708 
781  187 
782  223 
782  716 
782  212 
782  683 
783  75 
783  267 
783  32 
783  322 
784  273 
784  346 
784  706 
784  634 
785  776 
785  590 
785  360 
785  397 
786  513 
786  465 
786  762 
786  222 
787  325 
787  623 
787  764 
787  377 
788  345 
788  137 
788  481 
788  173 
789  764 
789  176 
789  446 
789  67 
790  148 
790  768 
790  443 
790  656 
791  32 
791  378 
791  527 
791  292 
792  765 
792  347 
792  601 
792  740 
793  731 
793  268 
793  417 
793  41 
794  505 
794  730 
794  610 
794  563 
795  53 
795  79 
795  256 
795  273 
796  564 
796  307 
796  71 
796  212 
797  607 
797  439 
797  19 
797  292 
798  119 
798  791 
798  527 
798  694 
799  713 
799  760 
799  709 
799  358 
800  256 
800  432 
800  98 
800  555 
801  418 
801  513 
801  567 
801  316 
802  203 
802  176 
802  583 
802  774 
803  260 
803  17 
803  781 
803  793 
804  39 
804  415 
804  304 
804  590 
805  190 
805  74 
805  79 
805  538 
806  256 
806  91 
806  187 
806  327 
807  474 
807  513 
807  145 
807  339 
808  764 
808  334 
808  759 
808  418 
809  442 
809  219 
809  329 
809  109 
810  508 
810  796 
810  211 
810  500 
811  495 
811  146 
811  662 
811  605 
812  30 
812  506 
812  77 
812  567 
813  219 
813  161 
813  445 
813  568 
814  461 
814  213 
814  799 
814  143 
815  142 
815  529 
815  131 
815  359 
816  150 
816  645 
816  686 
816  762 
817  340 
817  687 
817  756 
817  436 
818  424 
818  27 
818  737 
818  149 
819  63 
819  739 
819  353 
819  5 
820  201 
820  783 
820  472 
820  53 
821  553 
821  26 
821  361 
821  47 
822  577 
822  258 
822  53 
822  11 
823  714 
823  122 
823  432 
823  224 
824  48 
824  485 
824  173 
824  43 
825  732 
825  289 
825  713 
825  686 
826  122 
826  382 
826  820 
826  272 
827  669 
827  201 
827  221 
827  797 
828  64 
828  234 
828  589 
828  690 
829  394 
829  519 
829  292 
829  663 
830  670 
830  666 
830  8 
830  329 
831  117 
831  325 
831  828 
831  3 
832  22 
832  432 
832  466 
832  168 
833  560 
833  45 
833  425 
833  143 
834  124 
834  816 
834  436 
834  826 
835  655 
835  399 
835  676 
835  808 
836  389 
836  124 
836  451 
836  825 
837  506 
837  671 
837  394 
837  747 
838  601 
838  276 
838  382 
838  642 
839  747 
839  120 
839  826 
839  4 
840  298 
840  73 
840  97 
840  670 
841  529 
841  485 
841  728 
841  685 
842  485 
842  710 
842  222 
842  423 
843  122 
843  213 
843  395 
843  92 
844  114 
844  833 
844  277 
844  139 
845  362 
845  668 
845  66 
845  126 
846  819 
846  123 
846  70 
846  812 
847  529 
847  344 
847  760 
847  103 
848  418 
848  181 
848  798 
848  65 
849  818 
849  350 
849  538 
849  89 
850  127 
850  756 
850  140 
850  823 
851  754 
851  98 
851  38 
851  636 
852  677 
852  334 
852  849 
852  527 
853  561 
853  365 
853  303 
853  229 
854  362 
854  195 
854  529 
854  295 
855  544 
855  695 
855  342 
855  337 
856  272 
856  543 
856  799 
856  364 
857  217 
857  652 
857  210 
857  568 
858  787 
858  334 
858  509 
858  832 
859  582 
859  126 
859  849 
859  146 
860  213 
860  548 
860  429 
860  337 
861  84 
861  173 
861  542 
861  559 
862  640 
862  17 
862  713 
862  601 
863  567 
863  695 
863  74 
863  322 
864  44 
864  329 
864  592 
864  61 
865  97 
865  197 
865  864 
865  318 
866  409 
866  146 
866  99 
866  638 
867  80 
867  865 
867  215 
867  402 
868  21 
868  355 
868  120 
868  63 
869  858 
869  564 
869  832 
869  146 
870  685 
870  292 
870  24 
870  865 
871  580 
871  442 
871  524 
871  324 
872  69 
872  42 
872  861 
872  862 
873  297 
873  329 
873  105 
873  63 
874  857 
874  238 
874  483 
874  43 
875  845 
875  505 
875  691 
875  129 
876  531 
876  645 
876  533 
876  677 
877  221 
877  116 
877  273 
877  803 
878  623 
878  579 
878  147 
878  518 
879  832 
879  67 
879  450 
879  188 
880  858 
880  109 
880  257 
880  739 
881  840 
881  760 
881  10 
881  844 
882  691 
882  247 
882  132 
882  444 
883  591 
883  880 
883  581 
883  193 
884  362 
884  516 
884  168 
884  194 
885  797 
885  753 
885  740 
885  614 
886  802 
886  862 
886  205 
886  803 
887  845 
887  736 
887  403 
887  246 
888  721 
888  828 
888  264 
888  547 
889  858 
889  859 
889  795 
889  803 
890  156 
890  878 
890  718 
890  138 
891  685 
891  877 
891  881 
891  740 
892  661 
892  761 
892  844 
892  278 
893  635 
893  879 
893  857 
893  865 
894  624 
894  704 
894  90 
894  761 
895  286 
895  848 
895  40 
895  754 
896  335 
896  304 
896  221 
896  783 
897  874 
897  467 
897  803 
897  463 
898  43 
898  524 
898  204 
898  166 
899  797 
899  874 
899  309 
899  505 
900  54 
900  355 
900  586 
900  545 
901  796 
901  575 
901  616 
901  866 
902  418 
902  5 
902  371 
902  776 
903  238 
903  243 
903  878 
903  862 
904  36 
904  215 
904  331 
904  303 
905  440 
905  533 
905  150 
905  431 
906  456 
906  278 
906  324 
906  650 
907  101 
907  9 
907  802 
907  550 
908  652 
908  322 
908  329 
908  542 
909  659 
909  499 
909  200 
909  386 
910  579 
910  78 
910  433 
910  492 
911  437 
911  573 
911  140 
911  567 
912  879 
912  639 
912  681 
912  319 
913  1 
913  521 
913  334 
913  790 
914  368 
914  288 
914  708 
914  727 
915  885 
915  895 
915  17 
915  761 
916  3 
916  718 
916  710 
916  748 
917  17 
917  91 
917  294 
917  663 
918  575 
918  245 
918  178 
918  350 
919  557 
919  323 
919  785 
919  354 
920  78 
920  473 
920  839 
920  315 
921  564 
921  678 
921  37 
921  255 
922  656 
922  648 
922  387 
922  906 
923  33 
923  869 
923  446 
923  885 
924  387 
924  862 
924  916 
924  444 
925  446 
925  919 
925  802 
925  604 
926  912 
926  814 
926  380 
926  143 
927  299 
927  693 
927  917 
927  859 
928  64 
928  885 
928  239 
928  897 
929  330 
929  388 
929  338 
929  618 
930  233 
930  551 
930  514 
930  303 
931  6 
931  804 
931  331 
931  862 
932  500 
932  874 
932  304 
932  923 
933  531 
933  481 
933  314 
933  167 
934  768 
934  177 
934  716 
934  551 
935  887 
935  375 
935  419 
935  370 
936  911 
936  374 
936  734 
936  599 
937  885 
937  263 
937  910 
937  517 
938  885 
938  698 
938  191 
938  169 
939  443 
939  598 
939  463 
939  333 
940  669 
940  936 
940  645 
940  357 
941  594 
941  866 
941  223 
941  91 
942  146 
942  937 
942  765 
942  4 
943  898 
943  517 
943  337 
943  747 
944  923 
944  34 
944  337 
944  911 
945  754 
945  627 
945  569 
945  227 
946  501 
946  216 
946  780 
946  129 
947  397 
947  313 
947  172 
947  943 
948  448 
948  840 
948  99 
948  678 
949  455 
949  46 
949  931 
949  324 
950  443 
950  626 
950  945 
950  469 
951  319 
951  307 
951  345 
951  795 
952  20 
952  737 
952  564 
952  533 
953  944 
953  333 
953  879 
953  512 
954  798 
954  869 
954  917 
954  646 
955  739 
955  941 
955  60 
955  77 
956  484 
956  461 
956  584 
956  165 
957  637 
957  105 
957  340 
957  722 
958  368 
958  593 
958  734 
958  956 
959  714 
959  491 
959  642 
959  792 
960  324 
960  194 
960  757 
960  199 
961  27 
961  322 
961  138 
961  304 
962  952 
962  824 
962  344 
962  850 
963  440 
963  380 
963  548 
963  785 
964  837 
964  325 
964  960 
964  864 
965  485 
965  413 
965  917 
965  939 
966  502 
966  315 
966  859 
966  668 
967  275 
967  423 
967  681 
967  198 
968  63 
968  794 
968  647 
968  627 
969  437 
969  805 
969  49 
969  561 
970  315 
970  331 
970  263 
970  946 
971  668 
971  765 
971  317 
971  445 
972  889 
972  369 
972  85 
972  629 
973  568 
973  76 
973  235 
973  773 
974  136 
974  184 
974  115 
974  617 
975  506 
975  662 
975  942 
975  572 
976  441 
976  744 
976  7 
976  866 
977  594 
977  393 
977  972 
977  130 
978  805 
978  162 
978  396 
978  959 
979  738 
979  788 
979  573 
979  590 
980  831 
980  780 
980  907 
980  14 
981  785 
981  393 
981  698 
981  971 
982  592 
982  899 
982  319 
982  870 
983  574 
983  134 
983  285 
983  248 
984  856 
984  900 
984  265 
984  320 
985  127 
985  667 
985  646 
985  491 
986  447 
986  880 
986  247 
986  964 
987  74 
987  945 
987  647 
987  766 
988  960 
988  617 
988  778 
988  16 
989  643 
989  916 
989  38 
989  770 
990  498 
990  369 
990  61 
990  980 
991  858 
991  57 
991  540 
991  498 
992  14 
992  261 
992  340 
992  301 
993  946 
993  379 
993  437 
993  834 
994  178 
994  950 
994  482 
994  785 
995  153 
995  876 
995  167 
995  375 
996  854 
996  971 
996  830 
996  856 
997  481 
997  291 
997  815 
997  128 
998  726 
998  523 
998  469 
998  963 
999  83 
999  39 
999  734 
999  784 
1000  991 
1000  86 
1000  267 
1000  198 
1001  372 
1001  459 
1001  946 
1001  742 
1002  494 
1002  28 
1002  868 
1002  525 
1003  994 
1003  455 
1003  988 
1003  182 
1004  548 
1004  971 
1004  429 
1004  997 
1005  646 
1005  260 
1005  868 
1005  599 
1006  60 
1006  241 
1006  602 
1006  601 
1007  86 
1007  726 
1007  866 
1007  275 
1008  275 
1008  346 
1008  322 
1008  146 
1009  604 
1009  277 
1009  433 
1009  519 
1010  549 
1010  151 
1010  399 
1010  972 
1011  735 
1011  541 
1011  274 
1011  915 
1012  1009 
1012  13 
1012  981 
1012  390 
1013  487 
1013  175 
1013  180 
1013  725 
1014  170 
1014  667 
1014  639 
1014  798 
1015  700 
1015  479 
1015  698 
1015  979 
1016  969 
1016  814 
1016  833 
1016  202 
1017  849 
1017  1012 
1017  401 
1017  446 
1018  753 
1018  372 
1018  370 
1018  707 
1019  762 
1019  34 
1019  480 
1019  401 
1020  537 
1020  412 
1020  921 
1020  597 
1021  85 
1021  769 
1021  97 
1021  880 
1022  984 
1022  13 
1022  481 
1022  363 
1023  484 
1023  64 
1023  390 
1023  18 
1024  679 
1024  939 
1024  197 
1024  440 
1025  1019 
1025  294 
1025  788 
1025  506 
1026  688 
1026  820 
1026  551 
1026  105 
1027  876 
1027  394 
1027  341 
1027  575 
1028  661 
1028  909 
1028  752 
1028  273 
1029  54 
1029  986 
1029  429 
1029  404 
1030  728 
1030  68 
1030  740 
1030  1018 
1031  1022 
1031  399 
1031  999 
1031  468 
1032  1030 
1032  1015 
1032  94 
1032  700 
1033  388 
1033  149 
1033  556 
1033  739 
1034  592 
1034  249 
1034  785 
1034  864 
1035  201 
1035  676 
1035  741 
1035  549 
1036  902 
1036  785 
1036  318 
1036  743 
1037  679 
1037  845 
1037  97 
1037  338 
1038  801 
1038  780 
1038  204 
1038  605 
1039  582 
1039  434 
1039  630 
1039  125 
1040  1036 
1040  295 
1040  368 
1040  1034 
1041  259 
1041  1022 
1041  755 
1041  879 
1042  183 
1042  1040 
1042  1018 
1042  741 
1043  883 
1043  386 
1043  601 
1043  544 
1044  580 
1044  855 
1044  754 
1044  226 
1045  561 
1045  676 
1045  937 
1045  559 
1046  891 
1046  349 
1046  809 
1046  85 
1047  1017 
1047  979 
1047  315 
1047  149 
1048  902 
1048  526 
1048  579 
1048  226 
1049  1022 
1049  405 
1049  478 
1049  434 
1050  89 
1050  605 
1050  639 
1050  409 
1051  1042 
1051  1027 
1051  844 
1051  204 
1052  355 
1052  564 
1052  1028 
1052  94 
1053  575 
1053  605 
1053  489 
1053  925 
1054  427 
1054  149 
1054  429 
1054  1019 
1055  835 
1055  614 
1055  283 
1055  358 
1056  148 
1056  50 
1056  11 
1056  1010 
1057  149 
1057  1050 
1057  605 
1057  1055 
1058  907 
1058  132 
1058  582 
1058  291 
1059  303 
1059  985 
1059  864 
1059  552 
1060  648 
1060  633 
1060  291 
1060  1042 
1061  540 
1061  1039 
1061  792 
1061  27 
1062  418 
1062  261 
1062  364 
1062  80 
1063  364 
1063  83 
1063  292 
1063  546 
1064  9 
1064  369 
1064  447 
1064  566 
1065  633 
1065  525 
1065  564 
1065  888 
1066  562 
1066  886 
1066  192 
1066  915 
1067  591 
1067  808 
1067  292 
1067  970 
1068  41 
1068  587 
1068  65 
1068  100 
1069  267 
1069  310 
1069  661 
1069  647 
1070  566 
1070  884 
1070  49 
1070  902 
1071  354 
1071  79 
1071  416 
1071  176 
1072  274 
1072  1025 
1072  417 
1072  905 
1073  808 
1073  283 
1073  514 
1073  957 
1074  1027 
1074  490 
1074  475 
1074  1064 
1075  499 
1075  416 
1075  1074 
1075  794 
1076  746 
1076  25 
1076  464 
1076  985 
1077  872 
1077  841 
1077  426 
1077  974 
1078  378 
1078  285 
1078  186 
1078  30 
1079  121 
1079  531 
1079  436 
1079  728 
1080  453 
1080  423 
1080  578 
1080  877 
1081  1031 
1081  379 
1081  1061 
1081  955 
1082  391 
1082  555 
1082  691 
1082  476 
1083  1041 
1083  1051 
1083  125 
1083  308 
1084  990 
1084  701 
1084  600 
1084  248 
1085  1078 
1085  914 
1085  409 
1085  866 
1086  1062 
1086  259 
1086  722 
1086  567 
1087  1061 
1087  419 
1087  494 
1087  888 
1088  707 
1088  106 
1088  829 
1088  552 
1089  476 
1089  130 
1089  736 
1089  604 
1090  1012 
1090  413 
1090  497 
1090  601 
1091  587 
1091  867 
1091  762 
1091  202 
1092  1057 
1092  414 
1092  706 
1092  424 
1093  222 
1093  1010 
1093  722 
1093  474 
1094  364 
1094  475 
1094  606 
1094  691 
1095  591 
1095  571 
1095  506 
1095  210 
1096  279 
1096  313 
1096  1060 
1096  586 
1097  357 
1097  584 
1097  78 
1097  567 
1098  1064 
1098  210 
1098  862 
1098  1084 
1099  711 
1099  563 
1099  222 
1099  584 
1100  531 
1100  83 
1100  1074 
1100  1061 
1101  805 
1101  1085 
1101  315 
1101  927 
1102  436 
1102  815 
1102  591 
1102  186 
1103  1102 
1103  135 
1103  302 
1103  964 
1104  559 
1104  1009 
1104  832 
1104  1059 
1105  691 
1105  716 
1105  631 
1105  867 
1106  1093 
1106  373 
1106  387 
1106  788 
1107  862 
1107  1061 
1107  387 
1107  1025 
1108  1067 
1108  158 
1108  285 
1108  1060 
1109  177 
1109  926 
1109  881 
1109  13 
1110  847 
1110  744 
1110  669 
1110  840 
1111  361 
1111  1110 
1111  243 
1111  828 
1112  922 
1112  56 
1112  624 
1112  1078 
1113  151 
1113  361 
1113  623 
1113  459 
1114  855 
1114  769 
1114  230 
1114  823 
1115  762 
1115  411 
1115  700 
1115  265 
1116  176 
1116  699 
1116  77 
1116  917 
1117  378 
1117  740 
1117  359 
1117  700 
1118  858 
1118  605 
1118  930 
1118  835 
1119  381 
1119  821 
1119  619 
1119  299 
1120  587 
1120  927 
1120  645 
1120  325 
1121  151 
1121  274 
1121  30 
1121  692 
1122  512 
1122  176 
1122  619 
1122  196 
1123  1083 
1123  1026 
1123  978 
1123  626 
1124  370 
1124  487 
1124  492 
1124  768 
1125  458 
1125  275 
1125  1121 
1125  560 
1126  787 
1126  676 
1126  799 
1126  724 
1127  873 
1127  268 
1127  818 
1127  1048 
1128  75 
1128  708 
1128  899 
1128  919 
1129  1063 
1129  1053 
1129  665 
1129  1118 
1130  912 
1130  971 
1130  692 
1130  1006 
1131  610 
1131  102 
1131  91 
1131  761 
1132  181 
1132  103 
1132  1089 
1132  300 
1133  709 
1133  99 
1133  524 
1133  143 
1134  600 
1134  768 
1134  19 
1134  144 
1135  761 
1135  588 
1135  1117 
1135  61 
1136  297 
1136  336 
1136  1117 
1136  229 
1137  441 
1137  1132 
1137  278 
1137  938 
1138  996 
1138  1135 
1138  884 
1138  637 
1139  1132 
1139  329 
1139  869 
1139  129 
1140  292 
1140  755 
1140  873 
1140  1021 
1141  127 
1141  456 
1141  541 
1141  340 
1142  107 
1142  837 
1142  1035 
1142  30 
1143  37 
1143  83 
1143  846 
1143  189 
1144  922 
1144  1110 
1144  192 
1144  171 
1145  844 
1145  715 
1145  23 
1145  327 
1146  1118 
1146  206 
1146  1037 
1146  487 
1147  1109 
1147  415 
1147  602 
1147  237 
1148  31 
1148  692 
1148  420 
1148  189 
1149  1035 
1149  89 
1149  279 
1149  1054 
1150  1080 
1150  1149 
1150  379 
1150  1129 
1151  704 
1151  559 
1151  1031 
1151  711 
1152  337 
1152  238 
1152  296 
1152  1016 
1153  768 
1153  766 
1153  591 
1153  996 
1154  1121 
1154  704 
1154  1048 
1154  1092 
1155  920 
1155  844 
1155  1048 
1155  1112 
1156  918 
1156  1151 
1156  77 
1156  844 
1157  399 
1157  183 
1157  954 
1157  415 
1158  420 
1158  486 
1158  138 
1158  846 
 

