1  2 
1  3 
1  4 
1  5 
1  6 
1  7 
1  8 
1  9 
1  10 
2  3 
2  4 
2  5 
2  6 
2  7 
2  8 
2  9 
2  10 
3  4 
3  5 
3  6 
3  7 
3  8 
3  9 
3  10 
4  5 
4  6 
4  7 
4  8 
4  9 
4  10 
5  6 
5  7 
5  8 
5  9 
5  10 
6  7 
6  8 
6  9 
6  10 
7  8 
7  9 
7  10 
8  9 
8  10 
9  10 
11  1 
11  5 
11  8 
11  4 
12  5 
12  4 
12  2 
12  7 
13  9 
13  6 
13  8 
13  4 
14  8 
14  4 
14  13 
14  3 
15  3 
15  5 
15  1 
15  4 
16  3 
16  13 
16  4 
16  9 
17  4 
17  3 
17  2 
17  5 
18  5 
18  15 
18  16 
18  10 
19  10 
19  5 
19  9 
19  7 
20  17 
20  4 
20  14 
20  10 
21  7 
21  5 
21  4 
21  18 
22  11 
22  5 
22  1 
22  12 
23  5 
23  2 
23  4 
23  1 
24  10 
24  18 
24  7 
24  4 
25  7 
25  5 
25  8 
25  3 
26  4 
26  21 
26  1 
26  17 
27  12 
27  4 
27  3 
27  26 
28  27 
28  1 
28  5 
28  4 
29  3 
29  6 
29  1 
29  13 
30  10 
30  3 
30  2 
30  1 
31  3 
31  9 
31  23 
31  6 
32  1 
32  6 
32  5 
32  13 
33  5 
33  27 
33  6 
33  8 
34  6 
34  5 
34  7 
34  30 
35  25 
35  3 
35  8 
35  6 
36  19 
36  6 
36  21 
36  5 
37  5 
37  19 
37  18 
37  24 
38  5 
38  30 
38  23 
38  16 
39  32 
39  25 
39  6 
39  8 
40  30 
40  9 
40  17 
40  12 
41  10 
41  7 
41  5 
41  22 
42  4 
42  28 
42  12 
42  29 
43  4 
43  9 
43  5 
43  1 
44  31 
44  36 
44  38 
44  4 
45  26 
45  4 
45  6 
45  5 
46  1 
46  15 
46  2 
46  45 
47  24 
47  25 
47  12 
47  10 
48  5 
48  4 
48  12 
48  8 
49  5 
49  13 
49  45 
49  7 
50  8 
50  12 
50  14 
50  11 
51  22 
51  3 
51  8 
51  24 
52  10 
52  42 
52  33 
52  12 
53  6 
53  5 
53  3 
53  39 
54  9 
54  46 
54  15 
54  12 
55  41 
55  2 
55  3 
55  53 
56  10 
56  8 
56  9 
56  4 
57  12 
57  54 
57  9 
57  39 
58  19 
58  15 
58  8 
58  4 
59  8 
59  47 
59  15 
59  10 
60  7 
60  15 
60  16 
60  23 
61  1 
61  52 
61  2 
61  38 
62  5 
62  6 
62  22 
62  53 
63  15 
63  38 
63  6 
63  1 
64  21 
64  1 
64  25 
64  5 
65  62 
65  7 
65  6 
65  34 
66  61 
66  5 
66  38 
66  3 
67  5 
67  3 
67  42 
67  20 
68  67 
68  6 
68  60 
68  46 
69  68 
69  41 
69  10 
69  29 
70  17 
70  37 
70  9 
70  3 
71  9 
71  8 
71  37 
71  46 
72  21 
72  12 
72  22 
72  30 
73  3 
73  7 
73  38 
73  8 
74  10 
74  44 
74  12 
74  57 
75  57 
75  63 
75  9 
75  1 
76  25 
76  29 
76  74 
76  19 
77  2 
77  5 
77  10 
77  49 
78  67 
78  37 
78  35 
78  73 
79  9 
79  29 
79  59 
79  2 
80  38 
80  67 
80  5 
80  17 
81  8 
81  75 
81  37 
81  2 
82  66 
82  3 
82  15 
82  20 
83  30 
83  29 
83  2 
83  71 
84  37 
84  38 
84  12 
84  42 
85  4 
85  70 
85  26 
85  19 
86  19 
86  7 
86  50 
86  23 
87  5 
87  38 
87  12 
87  37 
88  51 
88  7 
88  9 
88  40 
89  84 
89  22 
89  1 
89  28 
90  59 
90  8 
90  42 
90  85 
91  11 
91  1 
91  7 
91  41 
92  71 
92  91 
92  4 
92  7 
93  47 
93  37 
93  4 
93  1 
94  9 
94  4 
94  11 
94  66 
95  19 
95  12 
95  9 
95  51 
96  88 
96  34 
96  3 
96  40 
97  42 
97  85 
97  25 
97  37 
98  66 
98  8 
98  9 
98  62 
99  2 
99  43 
99  65 
99  36 
100  3 
100  42 
100  66 
100  24 
101  67 
101  13 
101  9 
101  85 
102  82 
102  7 
102  6 
102  40 
103  8 
103  38 
103  11 
103  3 
104  5 
104  48 
104  21 
104  4 
105  20 
105  100 
105  102 
105  4 
106  41 
106  2 
106  17 
106  53 
107  4 
107  14 
107  13 
107  9 
108  54 
108  15 
108  4 
108  3 
109  22 
109  20 
109  92 
109  41 
110  66 
110  43 
110  79 
110  3 
111  1 
111  43 
111  10 
111  34 
112  12 
112  7 
112  61 
112  1 
113  23 
113  77 
113  7 
113  63 
114  3 
114  53 
114  5 
114  42 
115  9 
115  16 
115  69 
115  113 
116  75 
116  10 
116  9 
116  65 
117  14 
117  4 
117  12 
117  33 
118  21 
118  5 
118  75 
118  100 
119  3 
119  27 
119  8 
119  96 
120  34 
120  60 
120  71 
120  53 
121  31 
121  10 
121  1 
121  50 
122  17 
122  113 
122  12 
122  15 
123  28 
123  7 
123  3 
123  19 
124  28 
124  8 
124  3 
124  9 
125  49 
125  3 
125  45 
125  39 
126  37 
126  12 
126  3 
126  91 
127  116 
127  8 
127  47 
127  12 
128  110 
128  19 
128  60 
128  43 
129  2 
129  15 
129  85 
129  24 
130  3 
130  56 
130  36 
130  12 
131  13 
131  17 
131  4 
131  37 
132  36 
132  1 
132  39 
132  7 
133  53 
133  55 
133  108 
133  32 
134  43 
134  5 
134  31 
134  4 
135  8 
135  15 
135  52 
135  19 
136  84 
136  68 
136  103 
136  16 
137  68 
137  22 
137  26 
137  15 
138  3 
138  40 
138  42 
138  12 
139  56 
139  7 
139  19 
139  11 
140  2 
140  12 
140  70 
140  7 
141  17 
141  6 
141  14 
141  4 
142  3 
142  22 
142  10 
142  69 
143  71 
143  139 
143  10 
143  43 
144  6 
144  116 
144  66 
144  15 
145  10 
145  107 
145  89 
145  142 
146  5 
146  27 
146  7 
146  17 
147  65 
147  20 
147  142 
147  60 
148  76 
148  5 
148  2 
148  14 
149  92 
149  51 
149  134 
149  10 
150  74 
150  77 
150  69 
150  106 
151  88 
151  66 
151  1 
151  39 
152  40 
152  16 
152  39 
152  5 
153  85 
153  3 
153  12 
153  121 
154  68 
154  22 
154  60 
154  115 
155  8 
155  67 
155  103 
155  56 
156  145 
156  151 
156  47 
156  65 
157  25 
157  1 
157  59 
157  37 
158  149 
158  91 
158  14 
158  60 
159  28 
159  43 
159  92 
159  3 
160  44 
160  8 
160  110 
160  120 
161  92 
161  127 
161  148 
161  68 
162  14 
162  9 
162  18 
162  90 
163  54 
163  90 
163  91 
163  148 
164  154 
164  56 
164  121 
164  104 
165  153 
165  57 
165  4 
165  36 
166  3 
166  6 
166  82 
166  19 
167  85 
167  126 
167  18 
167  16 
168  85 
168  1 
168  53 
168  42 
169  70 
169  3 
169  4 
169  30 
170  122 
170  1 
170  70 
170  6 
171  113 
171  50 
171  79 
171  81 
172  7 
172  90 
172  6 
172  141 
173  121 
173  22 
173  52 
173  3 
174  32 
174  97 
174  155 
174  77 
175  1 
175  14 
175  29 
175  26 
176  7 
176  6 
176  150 
176  5 
177  75 
177  9 
177  5 
177  4 
178  88 
178  9 
178  152 
178  14 
179  2 
179  54 
179  57 
179  127 
180  104 
180  70 
180  19 
180  3 
181  43 
181  116 
181  11 
181  42 
182  27 
182  22 
182  5 
182  116 
183  127 
183  119 
183  4 
183  96 
184  87 
184  7 
184  12 
184  179 
185  90 
185  26 
185  94 
185  5 
186  5 
186  17 
186  6 
186  103 
187  181 
187  88 
187  24 
187  108 
188  185 
188  76 
188  31 
188  41 
189  74 
189  179 
189  40 
189  8 
190  20 
190  122 
190  150 
190  100 
191  59 
191  87 
191  15 
191  3 
192  3 
192  102 
192  19 
192  7 
193  129 
193  53 
193  36 
193  42 
194  37 
194  9 
194  184 
194  187 
195  177 
195  151 
195  32 
195  60 
196  47 
196  131 
196  6 
196  1 
197  43 
197  72 
197  84 
197  4 
198  14 
198  6 
198  19 
198  42 
199  150 
199  69 
199  127 
199  74 
200  123 
200  58 
200  79 
200  47 
1  201 
1  202 
1  203 
2  204 
2  205 
2  206 
2  202 
2  203 
2  207 
3  205 
3  206 
3  202 
3  207 
4  204 
4  205 
4  206 
4  203 
4  208 
4  207 
5  205 
5  206 
5  202 
5  208 
6  204 
6  205 
6  206 
6  201 
6  207 
7  204 
7  203 
7  208 
7  207 
8  204 
8  202 
8  203 
8  208 
9  204 
9  205 
9  206 
9  201 
9  203 
9  208 
10  204 
10  201 
10  202 
10  207 
11  204 
11  206 
11  201 
11  203 
11  208 
12  205 
12  201 
12  202 
12  203 
12  208 
13  204 
13  206 
13  201 
13  202 
14  204 
14  205 
14  206 
14  201 
14  202 
14  203 
14  208 
15  206 
15  201 
15  202 
15  203 
15  208 
16  204 
16  208 
17  205 
17  206 
17  201 
17  202 
17  203 
17  208 
18  204 
18  205 
18  206 
18  203 
18  207 
19  203 
19  207 
20  204 
20  205 
20  201 
20  202 
20  203 
20  207 
204  205 
205  206 
206  201 
201  202 
202  203 
203  208 
208  207 
204  206 
204  201 
204  203 
205  201 
205  202 
206  203 
206  208 
201  208 
202  204 
202  206 
202  208 
203  205 
208  204 
208  205 
207  204 
207  205 
207  201 
207  203 
209  84 
209  180 
209  11 
209  36 
210  119 
210  160 
210  209 
210  24 
211  89 
211  201 
211  127 
211  168 
212  22 
212  200 
212  129 
212  82 
213  19 
213  78 
213  131 
213  40 
214  155 
214  115 
214  92 
214  117 
215  18 
215  38 
215  141 
215  59 
216  153 
216  35 
216  79 
216  198 
217  92 
217  103 
217  20 
217  18 
218  195 
218  213 
218  71 
218  3 
219  71 
219  33 
219  61 
219  116 
220  52 
220  20 
220  155 
220  217 
221  202 
221  18 
221  34 
221  144 
222  216 
222  168 
222  209 
222  76 
223  196 
223  32 
223  119 
223  176 
224  160 
224  79 
224  182 
224  223 
225  215 
225  86 
225  18 
225  89 
226  222 
226  34 
226  175 
226  197 
227  129 
227  210 
227  81 
227  202 
228  78 
228  79 
228  26 
228  100 
229  205 
229  84 
229  101 
229  155 
230  17 
230  219 
230  187 
230  209 
231  32 
231  96 
231  225 
231  91 
232  197 
232  228 
232  113 
232  213 
233  160 
233  142 
233  53 
233  51 
234  187 
234  176 
234  144 
234  50 
235  209 
235  223 
235  135 
235  101 
236  212 
236  62 
236  157 
236  217 
237  234 
237  70 
237  182 
237  106 
238  135 
238  207 
238  223 
238  96 
239  215 
239  31 
239  207 
239  118 
240  24 
240  193 
240  175 
240  18 
241  84 
241  231 
241  214 
241  89 
242  240 
242  33 
242  71 
242  192 
243  201 
243  218 
243  228 
243  212 
244  84 
244  33 
244  20 
244  168 
245  225 
245  229 
245  15 
245  217 
246  4 
246  22 
246  233 
246  71 
247  150 
247  210 
247  180 
247  214 
248  71 
248  229 
248  91 
248  183 
249  238 
249  22 
249  230 
249  152 
250  84 
250  240 
250  90 
250  54 
251  216 
251  229 
251  78 
251  223 
252  251 
252  169 
252  232 
252  101 
253  155 
253  20 
253  6 
253  245 
254  33 
254  34 
254  224 
254  115 
255  191 
255  247 
255  252 
255  229 
256  125 
256  148 
256  221 
256  202 
257  180 
257  24 
257  160 
257  27 
258  144 
258  207 
258  210 
258  28 
259  39 
259  50 
259  55 
259  169 
260  113 
260  124 
260  99 
260  76 
261  118 
261  125 
261  3 
261  13 
262  49 
262  99 
262  261 
262  32 
263  206 
263  92 
263  218 
263  126 
264  216 
264  218 
264  166 
264  188 
265  263 
265  180 
265  233 
265  200 
266  263 
266  105 
266  167 
266  148 
267  185 
267  230 
267  8 
267  193 
268  32 
268  22 
268  136 
268  250 
269  91 
269  240 
269  175 
269  260 
270  118 
270  210 
270  176 
270  100 
271  36 
271  268 
271  29 
271  16 
272  251 
272  17 
272  49 
272  250 
273  222 
273  113 
273  238 
273  75 
274  269 
274  121 
274  210 
274  230 
275  257 
275  215 
275  216 
275  132 
276  226 
276  45 
276  265 
276  250 
277  94 
277  220 
277  230 
277  261 
278  97 
278  260 
278  259 
278  253 
279  77 
279  4 
279  71 
279  156 
280  149 
280  218 
280  151 
280  270 
281  267 
281  261 
281  268 
281  260 
282  66 
282  253 
282  268 
282  151 
283  281 
283  151 
283  54 
283  60 
284  69 
284  93 
284  238 
284  56 
285  274 
285  260 
285  268 
285  244 
286  15 
286  60 
286  143 
286  83 
287  242 
287  276 
287  141 
287  166 
288  283 
288  230 
288  222 
288  109 
289  114 
289  118 
289  282 
289  260 
290  275 
290  17 
290  286 
290  239 
291  245 
291  164 
291  157 
291  269 
292  250 
292  260 
292  229 
292  118 
293  92 
293  214 
293  246 
293  253 
294  107 
294  242 
294  274 
294  277 
295  48 
295  129 
295  119 
295  265 
296  260 
296  247 
296  11 
296  226 
297  253 
297  219 
297  118 
297  41 
298  286 
298  48 
298  167 
298  290 
299  168 
299  291 
299  176 
299  126 
300  132 
300  76 
300  265 
300  129 
301  200 
301  267 
301  300 
301  238 
302  256 
302  218 
302  188 
302  270 
303  243 
303  174 
303  263 
303  33 
304  195 
304  258 
304  279 
304  240 
305  257 
305  94 
305  147 
305  303 
306  57 
306  212 
306  288 
306  286 
307  129 
307  237 
307  40 
307  75 
308  251 
308  3 
308  188 
308  35 
309  174 
309  36 
309  69 
309  191 
310  279 
310  309 
310  293 
310  224 
311  89 
311  81 
311  298 
311  126 
312  238 
312  85 
312  184 
312  159 
313  69 
313  286 
313  128 
313  291 
314  21 
314  152 
314  27 
314  184 
315  304 
315  159 
315  313 
315  117 
316  109 
316  284 
316  56 
316  309 
317  315 
317  152 
317  248 
317  158 
318  44 
318  313 
318  117 
318  96 
319  317 
319  217 
319  228 
319  173 
320  186 
320  317 
320  115 
320  216 
321  63 
321  267 
321  152 
321  292 
322  27 
322  80 
322  291 
322  152 
323  217 
323  314 
323  121 
323  154 
324  167 
324  323 
324  102 
324  279 
325  175 
325  307 
325  9 
325  317 
326  69 
326  279 
326  112 
326  109 
327  275 
327  42 
327  313 
327  234 
328  103 
328  251 
328  1 
328  7 
329  41 
329  167 
329  61 
329  44 
330  204 
330  248 
330  182 
330  322 
331  178 
331  109 
331  188 
331  201 
332  193 
332  248 
332  186 
332  311 
333  81 
333  71 
333  1 
333  316 
334  71 
334  321 
334  320 
334  1 
335  34 
335  126 
335  51 
335  316 
336  50 
336  1 
336  324 
336  304 
337  7 
337  46 
337  323 
337  295 
338  290 
338  91 
338  48 
338  100 
339  240 
339  34 
339  238 
339  150 
340  114 
340  211 
340  44 
340  330 
341  286 
341  166 
341  328 
341  189 
342  329 
342  154 
342  221 
342  27 
343  80 
343  63 
343  45 
343  291 
344  317 
344  286 
344  89 
344  308 
345  314 
345  343 
345  167 
345  112 
346  217 
346  10 
346  332 
346  45 
347  19 
347  36 
347  28 
347  336 
348  251 
348  41 
348  340 
348  63 
349  21 
349  248 
349  320 
349  109 
350  59 
350  180 
350  10 
350  338 
351  326 
351  10 
351  51 
351  269 
352  44 
352  325 
352  199 
352  274 
353  255 
353  315 
353  316 
353  350 
354  109 
354  211 
354  221 
354  175 
355  82 
355  257 
355  340 
355  275 
356  320 
356  156 
356  349 
356  353 
357  346 
357  82 
357  125 
357  134 
358  349 
358  77 
358  336 
358  330 
359  267 
359  175 
359  255 
359  16 
360  82 
360  100 
360  297 
360  209 
361  355 
361  137 
361  177 
361  263 
362  27 
362  181 
362  192 
362  308 
363  198 
363  169 
363  61 
363  355 
364  86 
364  150 
364  209 
364  290 
365  140 
365  204 
365  198 
365  128 
366  346 
366  99 
366  359 
366  326 
367  240 
367  214 
367  128 
367  106 
368  295 
368  7 
368  307 
368  367 
369  335 
369  150 
369  39 
369  358 
370  365 
370  3 
370  240 
370  337 
371  271 
371  14 
371  346 
371  235 
372  150 
372  46 
372  369 
372  222 
373  320 
373  366 
373  98 
373  338 
374  42 
374  140 
374  366 
374  337 
375  358 
375  73 
375  344 
375  329 
376  367 
376  93 
376  61 
376  153 
377  314 
377  69 
377  35 
377  145 
378  360 
378  371 
378  54 
378  356 
379  274 
379  177 
379  369 
379  373 
380  304 
380  264 
380  184 
380  365 
381  366 
381  8 
381  296 
381  345 
382  277 
382  342 
382  222 
382  132 
383  359 
383  271 
383  76 
383  123 
384  131 
384  288 
384  290 
384  94 
385  374 
385  361 
385  85 
385  357 
386  339 
386  3 
386  128 
386  219 
387  375 
387  120 
387  369 
387  96 
388  380 
388  5 
388  317 
388  94 
389  123 
389  364 
389  276 
389  360 
390  39 
390  366 
390  44 
390  388 
391  62 
391  272 
391  150 
391  141 
392  361 
392  366 
392  384 
392  380 
393  212 
393  371 
393  347 
393  62 
394  140 
394  377 
394  78 
394  359 
395  290 
395  296 
395  238 
395  329 
396  240 
396  309 
396  302 
396  107 
397  332 
397  112 
397  355 
397  394 
398  210 
398  326 
398  322 
398  383 
399  296 
399  251 
399  369 
399  260 
400  194 
400  39 
400  52 
400  18 
401  305 
401  371 
401  108 
401  245 
402  263 
402  183 
402  126 
402  369 
403  304 
403  338 
403  73 
403  377 
404  241 
404  139 
404  23 
404  168 
405  51 
405  361 
405  364 
405  397 
406  151 
406  15 
406  174 
406  276 
407  366 
407  375 
407  272 
407  359 
408  329 
408  223 
408  6 
408  23 
409  287 
409  260 
409  273 
409  146 
410  220 
410  73 
410  82 
410  134 
411  314 
411  97 
411  211 
411  252 
412  86 
412  348 
412  171 
412  207 
413  26 
413  359 
413  17 
413  336 
414  74 
414  86 
414  350 
414  32 
415  161 
415  48 
415  130 
415  141 
416  371 
416  135 
416  249 
416  279 
417  209 
417  141 
417  250 
417  411 
418  335 
418  128 
418  201 
418  392 
419  415 
419  173 
419  406 
419  26 
420  288 
420  348 
420  273 
420  337 
421  101 
421  127 
421  107 
421  4 
422  9 
422  201 
422  219 
422  385 
423  121 
423  310 
423  305 
423  296 
424  336 
424  396 
424  225 
424  423 
425  209 
425  37 
425  275 
425  4 
426  412 
426  391 
426  209 
426  10 
427  300 
427  372 
427  293 
427  264 
428  418 
428  420 
428  175 
428  378 
429  95 
429  99 
429  177 
429  322 
430  425 
430  160 
430  211 
430  411 
431  36 
431  143 
431  222 
431  242 
432  97 
432  58 
432  335 
432  412 
433  395 
433  369 
433  129 
433  108 
434  392 
434  376 
434  238 
434  336 
435  66 
435  218 
435  343 
435  314 
436  103 
436  250 
436  361 
436  209 
437  94 
437  168 
437  101 
437  381 
438  337 
438  288 
438  361 
438  350 
439  369 
439  366 
439  201 
439  229 
440  371 
440  373 
440  370 
440  185 
441  141 
441  378 
441  252 
441  195 
442  412 
442  56 
442  13 
442  305 
443  438 
443  415 
443  238 
443  423 
444  91 
444  177 
444  116 
444  439 
445  101 
445  193 
445  432 
445  394 
446  80 
446  321 
446  423 
446  95 
447  395 
447  371 
447  428 
447  369 
448  190 
448  447 
448  140 
448  428 
449  143 
449  260 
449  252 
449  94 
450  430 
450  138 
450  132 
450  32 
451  58 
451  369 
451  334 
451  437 
452  444 
452  350 
452  74 
452  61 
453  337 
453  354 
453  195 
453  220 
454  409 
454  150 
454  422 
454  378 
455  229 
455  225 
455  346 
455  422 
456  434 
456  214 
456  409 
456  60 
457  95 
457  163 
457  288 
457  437 
458  442 
458  340 
458  406 
458  141 
459  188 
459  46 
459  73 
459  347 
460  59 
460  398 
460  357 
460  97 
461  318 
461  340 
461  440 
461  178 
462  413 
462  314 
462  168 
462  195 
463  183 
463  438 
463  462 
463  287 
464  345 
464  390 
464  277 
464  116 
465  44 
465  269 
465  201 
465  39 
466  363 
466  34 
466  464 
466  228 
467  20 
467  360 
467  21 
467  192 
468  275 
468  165 
468  30 
468  200 
469  363 
469  276 
469  465 
469  315 
470  60 
470  154 
470  249 
470  116 
471  249 
471  167 
471  462 
471  250 
472  233 
472  466 
472  116 
472  208 
473  388 
473  60 
473  215 
473  3 
474  470 
474  95 
474  212 
474  459 
475  4 
475  438 
475  305 
475  249 
476  113 
476  466 
476  228 
476  305 
477  438 
477  372 
477  47 
477  466 
478  318 
478  45 
478  37 
478  194 
479  178 
479  476 
479  142 
479  70 
480  460 
480  354 
480  80 
480  303 
481  230 
481  98 
481  4 
481  423 
482  43 
482  282 
482  363 
482  238 
483  184 
483  472 
483  469 
483  32 
484  438 
484  401 
484  1 
484  60 
485  256 
485  449 
485  109 
485  302 
486  473 
486  194 
486  290 
486  81 
487  259 
487  142 
487  469 
487  473 
488  176 
488  427 
488  189 
488  238 
489  80 
489  461 
489  31 
489  244 
490  158 
490  115 
490  481 
490  192 
491  320 
491  257 
491  55 
491  427 
492  303 
492  336 
492  105 
492  313 
493  154 
493  41 
493  170 
493  330 
494  471 
494  402 
494  155 
494  232 
495  356 
495  363 
495  181 
495  298 
496  253 
496  470 
496  340 
496  224 
497  38 
497  491 
497  477 
497  116 
498  495 
498  467 
498  340 
498  466 
499  10 
499  459 
499  101 
499  468 
500  223 
500  315 
500  122 
500  467 
501  175 
501  157 
501  24 
501  314 
502  346 
502  363 
502  81 
502  151 
503  212 
503  497 
503  314 
503  278 
504  278 
504  183 
504  495 
504  284 
505  401 
505  376 
505  297 
505  375 
506  181 
506  495 
506  348 
506  229 
507  501 
507  314 
507  78 
507  346 
508  219 
508  278 
508  323 
508  202 
509  184 
509  132 
509  491 
509  15 
510  211 
510  482 
510  317 
510  360 
511  135 
511  337 
511  116 
511  153 
512  390 
512  222 
512  200 
512  450 
513  58 
513  128 
513  316 
513  506 
514  265 
514  402 
514  510 
514  143 
515  189 
515  323 
515  98 
515  360 
516  220 
516  211 
516  443 
516  470 
517  326 
517  205 
517  219 
517  302 
518  512 
518  516 
518  509 
518  265 
519  243 
519  89 
519  70 
519  512 
520  259 
520  315 
520  69 
520  356 
521  21 
521  513 
521  488 
521  345 
522  216 
522  141 
522  520 
522  255 
523  329 
523  519 
523  304 
523  276 
524  298 
524  422 
524  470 
524  223 
525  487 
525  523 
525  348 
525  58 
526  97 
526  271 
526  240 
526  402 
527  145 
527  300 
527  129 
527  142 
528  295 
528  370 
528  340 
528  521 
529  525 
529  11 
529  118 
529  436 
530  474 
530  380 
530  357 
530  308 
531  198 
531  448 
531  122 
531  212 
532  297 
532  38 
532  299 
532  258 
533  412 
533  525 
533  512 
533  104 
534  47 
534  461 
534  483 
534  510 
535  18 
535  58 
535  131 
535  264 
536  342 
536  236 
536  330 
536  470 
537  305 
537  470 
537  271 
537  533 
538  531 
538  342 
538  98 
538  227 
539  372 
539  455 
539  340 
539  20 
540  41 
540  294 
540  537 
540  181 
541  523 
541  531 
541  475 
541  458 
542  517 
542  365 
542  287 
542  513 
543  65 
543  370 
543  358 
543  376 
544  258 
544  324 
544  327 
544  171 
545  510 
545  108 
545  349 
545  512 
546  364 
546  278 
546  27 
546  50 
547  212 
547  525 
547  509 
547  482 
548  367 
548  396 
548  21 
548  172 
549  231 
549  350 
549  266 
549  73 
550  102 
550  271 
550  504 
550  543 
551  151 
551  290 
551  250 
551  285 
552  512 
552  248 
552  19 
552  315 
553  525 
553  379 
553  133 
553  326 
554  177 
554  406 
554  470 
554  436 
555  267 
555  334 
555  429 
555  302 
556  328 
556  364 
556  378 
556  114 
557  458 
557  226 
557  14 
557  556 
558  76 
558  529 
558  472 
558  467 
559  157 
559  329 
559  232 
559  273 
560  285 
560  529 
560  358 
560  506 
561  256 
561  200 
561  92 
561  216 
562  298 
562  172 
562  235 
562  305 
563  62 
563  227 
563  448 
563  559 
564  86 
564  92 
564  84 
564  230 
565  113 
565  388 
565  342 
565  347 
566  274 
566  31 
566  342 
566  350 
567  520 
567  535 
567  354 
567  188 
568  114 
568  236 
568  331 
568  264 
569  114 
569  223 
569  16 
569  327 
570  108 
570  194 
570  351 
570  77 
571  71 
571  546 
571  411 
571  526 
572  230 
572  569 
572  187 
572  476 
573  245 
573  336 
573  295 
573  463 
574  511 
574  128 
574  310 
574  566 
575  427 
575  570 
575  339 
575  412 
576  342 
576  507 
576  223 
576  228 
577  316 
577  559 
577  409 
577  43 
578  19 
578  350 
578  327 
578  347 
579  60 
579  347 
579  218 
579  97 
580  328 
580  299 
580  411 
580  196 
581  157 
581  502 
581  404 
581  11 
582  128 
582  298 
582  146 
582  576 
583  6 
583  567 
583  265 
583  340 
584  140 
584  340 
584  105 
584  177 
585  394 
585  250 
585  247 
585  528 
586  43 
586  256 
586  421 
586  6 
587  177 
587  575 
587  413 
587  576 
588  562 
588  585 
588  485 
588  109 
589  285 
589  582 
589  517 
589  559 
590  538 
590  380 
590  189 
590  575 
591  103 
591  97 
591  126 
591  559 
592  483 
592  516 
592  351 
592  98 
593  83 
593  485 
593  91 
593  36 
594  350 
594  536 
594  582 
594  581 
595  571 
595  267 
595  19 
595  351 
596  266 
596  359 
596  508 
596  99 
597  176 
597  19 
597  566 
597  291 
598  133 
598  596 
598  382 
598  132 
599  258 
599  588 
599  167 
599  291 
600  114 
600  74 
600  327 
600  485 
601  36 
601  325 
601  564 
601  7 
602  582 
602  46 
602  172 
602  592 
603  187 
603  566 
603  407 
603  341 
604  494 
604  474 
604  126 
604  194 
605  465 
605  177 
605  170 
605  528 
606  350 
606  470 
606  342 
606  567 
607  6 
607  488 
607  592 
607  602 
608  342 
608  582 
608  86 
608  495 
609  15 
609  224 
609  608 
609  203 
610  495 
610  465 
610  569 
610  524 
611  430 
611  4 
611  179 
611  391 
612  310 
612  469 
612  485 
612  474 
613  232 
613  166 
613  520 
613  37 
614  126 
614  188 
614  564 
614  105 
615  75 
615  583 
615  424 
615  573 
616  266 
616  51 
616  366 
616  2 
617  600 
617  466 
617  89 
617  300 
618  319 
618  439 
618  236 
618  508 
619  63 
619  406 
619  552 
619  226 
620  123 
620  424 
620  385 
620  384 
621  38 
621  146 
621  610 
621  205 
622  488 
622  100 
622  219 
622  74 
623  49 
623  239 
623  388 
623  423 
624  600 
624  176 
624  145 
624  86 
625  80 
625  353 
625  1 
625  321 
626  105 
626  15 
626  468 
626  612 
627  101 
627  350 
627  169 
627  414 
628  615 
628  456 
628  207 
628  612 
629  616 
629  212 
629  61 
629  610 
630  333 
630  419 
630  585 
630  56 
631  172 
631  527 
631  624 
631  37 
632  94 
632  300 
632  608 
632  408 
633  11 
633  504 
633  188 
633  233 
634  103 
634  463 
634  552 
634  378 
635  148 
635  278 
635  490 
635  85 
636  37 
636  425 
636  357 
636  422 
637  289 
637  57 
637  41 
637  556 
638  482 
638  605 
638  468 
638  505 
639  242 
639  441 
639  300 
639  414 
640  126 
640  556 
640  161 
640  142 
641  222 
641  59 
641  382 
641  622 
642  15 
642  613 
642  174 
642  245 
643  134 
643  439 
643  487 
643  618 
644  562 
644  256 
644  390 
644  431 
645  620 
645  371 
645  151 
645  560 
646  219 
646  628 
646  300 
646  79 
647  174 
647  66 
647  620 
647  624 
648  245 
648  403 
648  358 
648  298 
649  419 
649  620 
649  580 
649  171 
650  597 
650  440 
650  105 
650  263 
651  488 
651  647 
651  98 
651  402 
652  113 
652  624 
652  32 
652  644 
653  479 
653  38 
653  37 
653  332 
654  573 
654  201 
654  629 
654  463 
655  231 
655  517 
655  338 
655  207 
656  166 
656  636 
656  481 
656  233 
657  645 
657  63 
657  438 
657  421 
658  635 
658  310 
658  615 
658  462 
659  146 
659  52 
659  400 
659  503 
660  137 
660  26 
660  39 
660  468 
661  173 
661  192 
661  488 
661  447 
662  151 
662  502 
662  458 
662  486 
663  449 
663  278 
663  285 
663  662 
664  480 
664  521 
664  280 
664  463 
665  575 
665  55 
665  472 
665  301 
666  217 
666  580 
666  620 
666  232 
667  148 
667  177 
667  261 
667  662 
668  121 
668  207 
668  468 
668  244 
669  137 
669  584 
669  31 
669  443 
670  225 
670  84 
670  244 
670  543 
671  661 
671  442 
671  273 
671  257 
672  66 
672  55 
672  457 
672  468 
673  209 
673  294 
673  365 
673  558 
674  430 
674  174 
674  673 
674  468 
675  430 
675  386 
675  480 
675  660 
676  661 
676  447 
676  294 
676  17 
677  234 
677  658 
677  187 
677  301 
678  613 
678  507 
678  660 
678  670 
679  447 
679  127 
679  674 
679  365 
680  183 
680  585 
680  663 
680  601 
681  221 
681  192 
681  436 
681  431 
682  201 
682  676 
682  644 
682  372 
683  153 
683  444 
683  591 
683  81 
684  270 
684  192 
684  143 
684  533 
685  77 
685  429 
685  254 
685  10 
686  676 
686  644 
686  666 
686  95 
687  56 
687  256 
687  270 
687  668 
688  249 
688  493 
688  232 
688  673 
689  608 
689  173 
689  198 
689  78 
690  623 
690  277 
690  327 
690  560 
691  688 
691  271 
691  14 
691  307 
692  270 
692  425 
692  160 
692  266 
693  407 
693  320 
693  585 
693  441 
694  426 
694  688 
694  486 
694  345 
695  56 
695  164 
695  34 
695  440 
696  92 
696  387 
696  165 
696  248 
697  43 
697  254 
697  152 
697  45 
698  238 
698  218 
698  167 
698  474 
699  397 
699  365 
699  429 
699  683 
700  49 
700  688 
700  476 
700  133 
701  671 
701  357 
701  676 
701  632 
702  292 
702  662 
702  276 
702  219 
703  271 
703  270 
703  108 
703  50 
704  676 
704  512 
704  429 
704  126 
705  681 
705  668 
705  699 
705  422 
706  51 
706  644 
706  244 
706  553 
707  378 
707  199 
707  46 
707  301 
708  262 
708  662 
708  331 
708  168 
709  592 
709  409 
709  213 
709  634 
710  64 
710  178 
710  339 
710  584 
711  397 
711  123 
711  477 
711  167 
712  36 
712  373 
712  166 
712  375 
713  100 
713  425 
713  262 
713  211 
714  300 
714  105 
714  371 
714  544 
715  122 
715  262 
715  449 
715  601 
716  253 
716  172 
716  443 
716  166 
717  704 
717  362 
717  44 
717  183 
718  674 
718  30 
718  348 
718  97 
719  219 
719  569 
719  45 
719  380 
720  401 
720  717 
720  697 
720  40 
721  425 
721  646 
721  167 
721  86 
722  480 
722  497 
722  675 
722  589 
723  461 
723  401 
723  256 
723  319 
724  301 
724  712 
724  170 
724  82 
725  638 
725  556 
725  723 
725  697 
726  278 
726  7 
726  632 
726  232 
727  384 
727  716 
727  647 
727  267 
728  721 
728  424 
728  30 
728  520 
729  380 
729  53 
729  398 
729  191 
730  77 
730  85 
730  12 
730  660 
731  184 
731  608 
731  167 
731  187 
732  358 
732  503 
732  411 
732  726 
733  77 
733  385 
733  732 
733  434 
734  180 
734  375 
734  718 
734  182 
735  287 
735  334 
735  129 
735  366 
736  404 
736  52 
736  635 
736  423 
737  515 
737  97 
737  365 
737  382 
738  577 
738  718 
738  261 
738  286 
739  123 
739  165 
739  721 
739  208 
740  516 
740  214 
740  713 
740  482 
741  719 
741  333 
741  244 
741  734 
742  608 
742  544 
742  696 
742  90 
743  165 
743  46 
743  387 
743  691 
744  118 
744  208 
744  244 
744  418 
745  180 
745  331 
745  588 
745  90 
746  726 
746  610 
746  520 
746  712 
747  559 
747  196 
747  644 
747  735 
748  675 
748  611 
748  446 
748  588 
749  244 
749  138 
749  722 
749  649 
750  736 
750  456 
750  465 
750  489 
751  723 
751  558 
751  621 
751  52 
752  46 
752  566 
752  397 
752  53 
753  699 
753  551 
753  611 
753  748 
754  112 
754  706 
754  412 
754  324 
755  715 
755  394 
755  653 
755  167 
756  85 
756  460 
756  593 
756  232 
757  85 
757  226 
757  360 
757  26 
758  376 
758  70 
758  730 
758  710 
759  396 
759  619 
759  701 
759  216 
760  433 
760  140 
760  403 
760  226 
761  188 
761  740 
761  536 
761  495 
762  432 
762  761 
762  431 
762  102 
763  693 
763  397 
763  123 
763  624 
764  560 
764  209 
764  154 
764  263 
765  331 
765  709 
765  701 
765  501 
766  263 
766  46 
766  2 
766  39 
767  610 
767  75 
767  682 
767  441 
768  367 
768  28 
768  39 
768  282 
769  209 
769  762 
769  302 
769  523 
770  26 
770  369 
770  331 
770  298 
771  766 
771  460 
771  760 
771  430 
772  545 
772  685 
772  209 
772  62 
773  706 
773  629 
773  276 
773  212 
774  77 
774  12 
774  69 
774  737 
775  443 
775  162 
775  309 
775  82 
776  331 
776  7 
776  740 
776  771 
777  354 
777  506 
777  75 
777  488 
778  371 
778  236 
778  294 
778  21 
779  593 
779  534 
779  772 
779  610 
780  432 
780  315 
780  741 
780  473 
781  341 
781  50 
781  160 
781  426 
782  633 
782  607 
782  403 
782  179 
783  608 
783  173 
783  263 
783  301 
784  572 
784  537 
784  430 
784  436 
785  214 
785  250 
785  328 
785  95 
786  309 
786  466 
786  537 
786  412 
787  22 
787  18 
787  584 
787  88 
788  264 
788  338 
788  238 
788  544 
789  452 
789  164 
789  425 
789  644 
790  428 
790  551 
790  420 
790  568 
791  431 
791  426 
791  484 
791  268 
792  648 
792  554 
792  65 
792  388 
793  232 
793  677 
793  117 
793  748 
794  655 
794  337 
794  774 
794  781 
795  768 
795  56 
795  512 
795  264 
796  618 
796  457 
796  550 
796  525 
797  542 
797  624 
797  14 
797  586 
798  567 
798  282 
798  487 
798  635 
799  624 
799  266 
799  793 
799  433 
800  476 
800  420 
800  762 
800  469 
801  557 
801  556 
801  193 
801  354 
802  614 
802  237 
802  46 
802  645 
803  393 
803  262 
803  789 
803  441 
804  720 
804  22 
804  741 
804  342 
805  282 
805  397 
805  523 
805  60 
806  200 
806  212 
806  320 
806  548 
807  792 
807  212 
807  676 
807  297 
808  266 
808  667 
808  205 
808  82 
809  498 
809  697 
809  525 
809  201 
810  6 
810  280 
810  510 
810  471 
811  304 
811  335 
811  52 
811  298 
812  592 
812  369 
812  106 
812  495 
813  619 
813  200 
813  431 
813  372 
814  777 
814  181 
814  808 
814  336 
815  568 
815  262 
815  595 
815  101 
816  580 
816  13 
816  204 
816  81 
817  811 
817  397 
817  803 
817  46 
818  172 
818  156 
818  573 
818  101 
819  611 
819  200 
819  617 
819  432 
820  563 
820  420 
820  746 
820  52 
821  601 
821  20 
821  11 
821  477 
822  232 
822  14 
822  20 
822  155 
823  447 
823  791 
823  744 
823  491 
824  315 
824  700 
824  542 
824  520 
825  618 
825  330 
825  90 
825  704 
826  117 
826  230 
826  232 
826  27 
827  9 
827  619 
827  164 
827  678 
828  611 
828  361 
828  101 
828  582 
829  725 
829  570 
829  739 
829  56 
830  592 
830  817 
830  3 
830  86 
831  825 
831  412 
831  191 
831  51 
832  313 
832  81 
832  814 
832  223 
833  554 
833  831 
833  298 
833  198 
834  827 
834  276 
834  223 
834  130 
835  617 
835  518 
835  506 
835  481 
836  262 
836  324 
836  752 
836  322 
837  285 
837  202 
837  381 
837  269 
838  505 
838  206 
838  752 
838  802 
839  819 
839  232 
839  602 
839  618 
840  419 
840  771 
840  814 
840  152 
841  488 
841  748 
841  656 
841  323 
842  194 
842  507 
842  727 
842  717 
843  493 
843  588 
843  720 
843  827 
844  824 
844  745 
844  357 
844  475 
845  718 
845  167 
845  831 
845  20 
846  179 
846  544 
846  844 
846  301 
847  828 
847  655 
847  232 
847  780 
848  827 
848  11 
848  554 
848  834 
849  311 
849  820 
849  629 
849  92 
850  652 
850  807 
850  834 
850  457 
851  841 
851  824 
851  232 
851  118 
852  434 
852  437 
852  830 
852  832 
853  493 
853  53 
853  795 
853  156 
854  659 
854  621 
854  301 
854  725 
855  414 
855  247 
855  836 
855  84 
856  835 
856  707 
856  164 
856  823 
857  206 
857  129 
857  540 
857  851 
858  844 
858  810 
858  544 
858  192 
859  666 
859  59 
859  475 
859  339 
860  561 
860  506 
860  411 
860  474 
861  835 
861  623 
861  365 
861  34 
862  41 
862  164 
862  777 
862  649 
863  154 
863  309 
863  639 
863  685 
864  639 
864  110 
864  332 
864  519 
865  263 
865  388 
865  750 
865  429 
866  469 
866  809 
866  472 
866  330 
867  137 
867  491 
867  319 
867  521 
868  515 
868  527 
868  498 
868  585 
869  749 
869  172 
869  287 
869  764 
870  357 
870  38 
870  777 
870  840 
871  246 
871  336 
871  94 
871  521 
872  377 
872  570 
872  200 
872  660 
873  382 
873  176 
873  169 
873  749 
874  760 
874  226 
874  330 
874  727 
875  709 
875  731 
875  496 
875  94 
876  634 
876  591 
876  768 
876  335 
877  816 
877  655 
877  532 
877  336 
878  574 
878  817 
878  804 
878  23 
879  681 
879  722 
879  528 
879  356 
880  585 
880  782 
880  600 
880  328 
881  587 
881  718 
881  86 
881  839 
882  669 
882  820 
882  877 
882  784 
883  58 
883  633 
883  685 
883  568 
884  42 
884  373 
884  388 
884  770 
885  840 
885  623 
885  838 
885  346 
886  824 
886  522 
886  365 
886  335 
887  867 
887  194 
887  650 
887  460 
888  670 
888  867 
888  215 
888  654 
889  627 
889  137 
889  398 
889  584 
890  64 
890  596 
890  660 
890  71 
891  154 
891  822 
891  731 
891  187 
892  882 
892  574 
892  224 
892  414 
893  570 
893  150 
893  189 
893  801 
894  215 
894  456 
894  55 
894  600 
895  891 
895  50 
895  19 
895  800 
896  471 
896  176 
896  310 
896  837 
897  633 
897  816 
897  284 
897  475 
898  5 
898  644 
898  888 
898  651 
899  762 
899  889 
899  384 
899  19 
900  150 
900  545 
900  522 
900  596 
901  315 
901  39 
901  88 
901  160 
902  400 
902  886 
902  241 
902  693 
903  790 
903  26 
903  368 
903  584 
904  878 
904  873 
904  219 
904  236 
905  97 
905  639 
905  135 
905  141 
906  818 
906  783 
906  158 
906  734 
907  521 
907  246 
907  744 
907  801 
908  365 
908  373 
908  721 
908  415 
909  105 
909  856 
909  149 
909  255 
910  663 
910  521 
910  460 
910  694 
911  4 
911  696 
911  486 
911  256 
912  121 
912  442 
912  399 
912  683 
913  787 
913  750 
913  669 
913  312 
914  295 
914  515 
914  325 
914  35 
915  601 
915  529 
915  95 
915  704 
916  267 
916  377 
916  43 
916  420 
917  647 
917  772 
917  576 
917  910 
918  201 
918  358 
918  136 
918  412 
919  167 
919  284 
919  57 
919  141 
920  181 
920  875 
920  377 
920  885 
921  854 
921  72 
921  664 
921  16 
922  35 
922  920 
922  13 
922  814 
923  415 
923  867 
923  706 
923  683 
924  476 
924  457 
924  541 
924  358 
925  615 
925  829 
925  491 
925  75 
926  578 
926  917 
926  15 
926  647 
927  297 
927  86 
927  565 
927  505 
928  253 
928  283 
928  425 
928  741 
929  911 
929  331 
929  808 
929  695 
930  743 
930  37 
930  382 
930  784 
931  929 
931  119 
931  477 
931  348 
932  152 
932  579 
932  741 
932  475 
933  152 
933  211 
933  918 
933  410 
934  741 
934  113 
934  547 
934  477 
935  875 
935  782 
935  192 
935  653 
936  609 
936  712 
936  103 
936  924 
937  715 
937  841 
937  284 
937  42 
938  927 
938  476 
938  349 
938  312 
939  225 
939  908 
939  918 
939  933 
940  142 
940  604 
940  817 
940  919 
941  265 
941  915 
941  816 
941  856 
942  884 
942  91 
942  403 
942  687 
943  377 
943  190 
943  134 
943  915 
944  433 
944  612 
944  650 
944  782 
945  32 
945  647 
945  933 
945  914 
946  404 
946  599 
946  871 
946  916 
947  152 
947  418 
947  690 
947  549 
948  261 
948  197 
948  919 
948  853 
949  937 
949  613 
949  690 
949  264 
950  231 
950  843 
950  484 
950  162 
951  400 
951  331 
951  932 
951  589 
952  359 
952  942 
952  941 
952  884 
953  403 
953  785 
953  565 
953  664 
954  874 
954  639 
954  141 
954  169 
955  61 
955  385 
955  203 
955  126 
956  360 
956  408 
956  320 
956  26 
957  460 
957  422 
957  560 
957  436 
958  350 
958  721 
958  633 
958  507 
 

