1  2 
1  3 
1  4 
1  5 
1  6 
1  7 
1  8 
1  9 
1  10 
2  3 
2  4 
2  5 
2  6 
2  7 
2  8 
2  9 
2  10 
3  4 
3  5 
3  6 
3  7 
3  8 
3  9 
3  10 
4  5 
4  6 
4  7 
4  8 
4  9 
4  10 
5  6 
5  7 
5  8 
5  9 
5  10 
6  7 
6  8 
6  9 
6  10 
7  8 
7  9 
7  10 
8  9 
8  10 
9  10 
11  8 
11  3 
11  10 
11  4 
12  7 
12  9 
12  3 
12  5 
13  12 
13  1 
13  6 
13  4 
14  12 
14  9 
14  1 
14  6 
15  5 
15  6 
15  10 
15  3 
16  12 
16  4 
16  14 
16  9 
17  5 
17  8 
17  14 
17  9 
18  10 
18  1 
18  5 
18  3 
19  9 
19  7 
19  15 
19  4 
20  7 
20  15 
20  1 
20  4 
21  3 
21  8 
21  7 
21  4 
22  17 
22  8 
22  10 
22  9 
23  6 
23  15 
23  2 
23  4 
24  23 
24  18 
24  22 
24  19 
25  3 
25  10 
25  15 
25  21 
26  12 
26  13 
26  9 
26  1 
27  3 
27  4 
27  8 
27  1 
28  10 
28  22 
28  5 
28  26 
29  12 
29  19 
29  15 
29  23 
30  7 
30  29 
30  8 
30  1 
31  16 
31  3 
31  4 
31  27 
32  10 
32  4 
32  28 
32  2 
33  18 
33  4 
33  22 
33  9 
34  4 
34  3 
34  22 
34  11 
35  13 
35  7 
35  5 
35  10 
36  4 
36  1 
36  5 
36  2 
37  10 
37  9 
37  6 
37  25 
38  4 
38  3 
38  5 
38  10 
39  8 
39  3 
39  12 
39  7 
40  29 
40  17 
40  10 
40  8 
41  35 
41  12 
41  8 
41  15 
42  3 
42  4 
42  15 
42  1 
43  8 
43  4 
43  10 
43  39 
44  22 
44  8 
44  7 
44  3 
45  20 
45  42 
45  10 
45  4 
46  14 
46  28 
46  6 
46  45 
47  43 
47  11 
47  3 
47  29 
48  34 
48  12 
48  4 
48  15 
49  14 
49  22 
49  17 
49  15 
50  8 
50  3 
50  4 
50  46 
51  1 
51  47 
51  24 
51  40 
52  8 
52  14 
52  36 
52  6 
53  18 
53  8 
53  35 
53  45 
54  9 
54  12 
54  13 
54  29 
55  2 
55  9 
55  47 
55  15 
56  25 
56  1 
56  27 
56  12 
57  10 
57  6 
57  12 
57  7 
58  10 
58  19 
58  7 
58  9 
59  21 
59  16 
59  28 
59  54 
60  2 
60  50 
60  6 
60  4 
61  14 
61  15 
61  5 
61  28 
62  51 
62  25 
62  2 
62  49 
63  55 
63  13 
63  21 
63  54 
64  4 
64  5 
64  50 
64  10 
65  2 
65  27 
65  3 
65  1 
66  53 
66  3 
66  4 
66  10 
67  3 
67  10 
67  33 
67  17 
68  10 
68  29 
68  8 
68  59 
69  3 
69  15 
69  6 
69  19 
70  67 
70  6 
70  11 
70  4 
71  23 
71  8 
71  49 
71  4 
72  60 
72  65 
72  3 
72  4 
73  56 
73  2 
73  54 
73  17 
74  24 
74  10 
74  54 
74  7 
75  15 
75  11 
75  50 
75  5 
76  56 
76  4 
76  7 
76  36 
77  54 
77  43 
77  3 
77  9 
78  39 
78  75 
78  34 
78  44 
79  57 
79  34 
79  26 
79  40 
80  69 
80  16 
80  50 
80  15 
81  73 
81  7 
81  10 
81  27 
82  7 
82  8 
82  6 
82  37 
83  54 
83  70 
83  62 
83  79 
84  24 
84  30 
84  62 
84  10 
85  1 
85  12 
85  6 
85  18 
86  40 
86  10 
86  43 
86  8 
87  33 
87  3 
87  13 
87  24 
88  50 
88  10 
88  66 
88  49 
89  47 
89  6 
89  15 
89  9 
90  22 
90  52 
90  2 
90  76 
91  38 
91  5 
91  81 
91  2 
92  4 
92  28 
92  59 
92  8 
93  18 
93  7 
93  14 
93  4 
94  51 
94  9 
94  5 
94  88 
95  82 
95  5 
95  73 
95  84 
96  81 
96  6 
96  78 
96  67 
97  66 
97  45 
97  2 
97  94 
98  3 
98  69 
98  80 
98  72 
99  93 
99  41 
99  80 
99  54 
100  15 
100  26 
100  4 
100  23 
101  46 
101  18 
101  82 
101  43 
102  26 
102  69 
102  13 
102  5 
103  54 
103  6 
103  20 
103  15 
104  97 
104  76 
104  4 
104  21 
105  95 
105  13 
105  8 
105  64 
106  26 
106  54 
106  79 
106  24 
107  73 
107  14 
107  7 
107  19 
108  46 
108  18 
108  24 
108  65 
109  6 
109  34 
109  26 
109  7 
110  1 
110  70 
110  109 
110  7 
111  1 
111  32 
111  46 
111  7 
112  14 
112  63 
112  64 
112  59 
113  75 
113  9 
113  25 
113  11 
114  26 
114  47 
114  18 
114  67 
115  7 
115  3 
115  28 
115  73 
116  5 
116  22 
116  3 
116  14 
117  26 
117  89 
117  9 
117  1 
118  7 
118  10 
118  18 
118  6 
119  9 
119  8 
119  3 
119  10 
120  80 
120  4 
120  66 
120  53 
121  9 
121  56 
121  66 
121  54 
122  28 
122  4 
122  93 
122  13 
123  49 
123  118 
123  29 
123  13 
124  78 
124  28 
124  39 
124  102 
125  33 
125  8 
125  74 
125  56 
126  13 
126  18 
126  26 
126  69 
127  102 
127  7 
127  40 
127  69 
128  113 
128  82 
128  11 
128  20 
129  86 
129  3 
129  15 
129  123 
130  5 
130  4 
130  42 
130  7 
131  4 
131  80 
131  18 
131  21 
132  3 
132  9 
132  105 
132  6 
133  15 
133  37 
133  2 
133  42 
134  36 
134  80 
134  105 
134  110 
135  38 
135  8 
135  53 
135  9 
136  7 
136  73 
136  10 
136  1 
137  8 
137  128 
137  15 
137  7 
138  20 
138  15 
138  80 
138  39 
139  11 
139  112 
139  39 
139  68 
140  121 
140  9 
140  10 
140  36 
141  86 
141  109 
141  13 
141  118 
142  67 
142  47 
142  50 
142  19 
143  18 
143  15 
143  10 
143  72 
144  54 
144  92 
144  12 
144  28 
145  6 
145  12 
145  5 
145  61 
146  70 
146  13 
146  95 
146  108 
147  75 
147  146 
147  80 
147  18 
148  33 
148  8 
148  110 
148  111 
149  65 
149  111 
149  62 
149  123 
150  1 
150  133 
150  82 
150  3 
151  77 
151  4 
151  6 
151  47 
152  2 
152  112 
152  4 
152  104 
153  17 
153  53 
153  1 
153  118 
154  76 
154  112 
154  40 
154  147 
155  7 
155  10 
155  3 
155  8 
156  7 
156  12 
156  24 
156  82 
157  62 
157  53 
157  25 
157  21 
158  42 
158  71 
158  92 
158  8 
159  86 
159  23 
159  3 
159  8 
160  13 
160  128 
160  10 
160  155 
161  26 
161  57 
161  146 
161  17 
162  94 
162  2 
162  15 
162  36 
163  6 
163  125 
163  131 
163  112 
164  4 
164  3 
164  8 
164  15 
165  164 
165  6 
165  7 
165  48 
166  99 
166  54 
166  32 
166  1 
167  166 
167  56 
167  83 
167  4 
168  4 
168  30 
168  154 
168  12 
169  9 
169  147 
169  33 
169  69 
170  127 
170  33 
170  99 
170  63 
171  126 
171  94 
171  141 
171  165 
172  6 
172  76 
172  102 
172  78 
173  9 
173  21 
173  140 
173  32 
174  43 
174  15 
174  7 
174  23 
175  10 
175  109 
175  34 
175  9 
176  29 
176  8 
176  3 
176  28 
177  70 
177  52 
177  151 
177  104 
178  46 
178  12 
178  167 
178  112 
179  167 
179  34 
179  10 
179  129 
180  33 
180  159 
180  34 
180  18 
181  80 
181  1 
181  78 
181  4 
182  30 
182  11 
182  175 
182  26 
183  145 
183  67 
183  1 
183  46 
184  38 
184  4 
184  53 
184  6 
185  116 
185  120 
185  8 
185  4 
186  154 
186  4 
186  5 
186  85 
187  3 
187  54 
187  151 
187  159 
188  10 
188  37 
188  62 
188  12 
189  53 
189  7 
189  6 
189  9 
190  42 
190  49 
190  29 
190  15 
191  4 
191  124 
191  168 
191  26 
192  84 
192  4 
192  106 
192  184 
193  11 
193  42 
193  45 
193  157 
194  30 
194  2 
194  28 
194  1 
195  78 
195  8 
195  63 
195  73 
196  87 
196  3 
196  144 
196  11 
197  128 
197  70 
197  39 
197  4 
198  7 
198  179 
198  197 
198  74 
199  10 
199  15 
199  103 
199  3 
200  181 
200  131 
200  104 
200  4 
1  201 
1  202 
1  203 
1  204 
1  205 
2  201 
2  204 
2  205 
3  203 
3  204 
3  205 
4  206 
4  201 
4  207 
4  202 
4  204 
5  201 
5  207 
5  202 
5  208 
5  203 
5  205 
6  207 
6  202 
6  203 
6  204 
6  205 
7  206 
7  201 
7  207 
7  208 
7  204 
7  205 
8  206 
8  205 
9  206 
9  201 
9  202 
9  208 
9  203 
9  204 
10  207 
10  208 
10  204 
10  205 
11  207 
11  203 
12  202 
12  208 
12  203 
12  204 
12  205 
13  206 
13  201 
13  207 
13  202 
13  208 
14  206 
14  202 
14  204 
14  205 
15  206 
15  201 
15  202 
15  208 
15  203 
15  204 
15  205 
16  206 
16  201 
16  207 
16  202 
16  205 
17  206 
17  201 
17  207 
17  202 
17  203 
17  204 
17  205 
18  208 
18  203 
19  201 
19  203 
19  205 
20  204 
206  201 
201  207 
207  202 
202  208 
208  203 
203  204 
204  205 
206  202 
206  203 
201  208 
201  204 
207  206 
207  203 
202  201 
202  204 
208  207 
208  204 
203  201 
205  206 
205  207 
205  202 
205  208 
209  160 
209  89 
209  108 
209  125 
210  170 
210  135 
210  48 
210  119 
211  5 
211  153 
211  136 
211  115 
212  89 
212  166 
212  68 
212  59 
213  97 
213  102 
213  211 
213  132 
214  181 
214  16 
214  115 
214  121 
215  152 
215  201 
215  8 
215  112 
216  147 
216  213 
216  8 
216  68 
217  56 
217  104 
217  153 
217  195 
218  43 
218  116 
218  31 
218  209 
219  179 
219  149 
219  147 
219  102 
220  102 
220  206 
220  148 
220  152 
221  170 
221  214 
221  38 
221  181 
222  176 
222  146 
222  213 
222  54 
223  50 
223  118 
223  151 
223  221 
224  217 
224  173 
224  135 
224  38 
225  58 
225  214 
225  14 
225  191 
226  212 
226  148 
226  168 
226  146 
227  171 
227  165 
227  118 
227  191 
228  70 
228  218 
228  217 
228  77 
229  68 
229  190 
229  125 
229  112 
230  31 
230  51 
230  148 
230  218 
231  225 
231  228 
231  211 
231  209 
232  166 
232  96 
232  14 
232  213 
233  166 
233  208 
233  96 
233  226 
234  145 
234  12 
234  217 
234  45 
235  225 
235  227 
235  115 
235  168 
236  157 
236  131 
236  147 
236  225 
237  114 
237  143 
237  207 
237  146 
238  201 
238  213 
238  168 
238  57 
239  209 
239  216 
239  92 
239  147 
240  132 
240  179 
240  153 
240  223 
241  227 
241  196 
241  215 
241  45 
242  227 
242  166 
242  160 
242  39 
243  114 
243  211 
243  153 
243  214 
244  175 
244  224 
244  68 
244  34 
245  239 
245  228 
245  102 
245  168 
246  216 
246  96 
246  67 
246  238 
247  84 
247  196 
247  212 
247  215 
248  221 
248  132 
248  24 
248  140 
249  41 
249  92 
249  227 
249  112 
250  215 
250  239 
250  147 
250  68 
251  226 
251  166 
251  228 
251  195 
252  198 
252  249 
252  43 
252  112 
253  226 
253  172 
253  214 
253  25 
254  208 
254  201 
254  66 
254  223 
255  175 
255  144 
255  67 
255  254 
256  185 
256  217 
256  226 
256  162 
257  211 
257  209 
257  120 
257  102 
258  198 
258  153 
258  214 
258  190 
259  257 
259  113 
259  32 
259  156 
260  7 
260  10 
260  61 
260  249 
261  118 
261  9 
261  163 
261  33 
262  145 
262  197 
262  64 
262  11 
263  261 
263  84 
263  10 
263  220 
264  153 
264  47 
264  58 
264  85 
265  25 
265  207 
265  11 
265  236 
266  106 
266  261 
266  23 
266  27 
267  263 
267  165 
267  88 
267  204 
268  23 
268  140 
268  106 
268  216 
269  77 
269  56 
269  225 
269  36 
270  85 
270  210 
270  33 
270  123 
271  214 
271  10 
271  153 
271  128 
272  31 
272  268 
272  144 
272  143 
273  160 
273  167 
273  252 
273  128 
274  56 
274  225 
274  263 
274  222 
275  136 
275  208 
275  265 
275  264 
276  214 
276  61 
276  252 
276  225 
277  81 
277  14 
277  137 
277  4 
278  179 
278  17 
278  119 
278  121 
279  214 
279  185 
279  32 
279  78 
280  23 
280  268 
280  142 
280  162 
281  274 
281  14 
281  265 
281  236 
282  261 
282  222 
282  197 
282  138 
283  267 
283  196 
283  277 
283  114 
284  253 
284  265 
284  261 
284  105 
285  213 
285  133 
285  178 
285  145 
286  81 
286  229 
286  180 
286  265 
287  270 
287  161 
287  243 
287  284 
288  63 
288  118 
288  102 
288  170 
289  10 
289  60 
289  251 
289  213 
290  106 
290  30 
290  93 
290  270 
291  267 
291  60 
291  2 
291  266 
292  249 
292  260 
292  212 
292  252 
293  253 
293  229 
293  42 
293  264 
294  189 
294  96 
294  288 
294  21 
295  162 
295  270 
295  82 
295  228 
296  90 
296  260 
296  76 
296  105 
297  161 
297  23 
297  63 
297  204 
298  196 
298  147 
298  278 
298  231 
299  100 
299  290 
299  263 
299  259 
300  297 
300  222 
300  73 
300  33 
301  225 
301  112 
301  58 
301  57 
302  280 
302  90 
302  265 
302  278 
303  33 
303  83 
303  36 
303  157 
304  257 
304  285 
304  102 
304  108 
305  298 
305  23 
305  118 
305  26 
306  4 
306  207 
306  36 
306  32 
307  23 
307  6 
307  287 
307  99 
308  180 
308  276 
308  222 
308  250 
309  189 
309  270 
309  296 
309  54 
310  130 
310  150 
310  220 
310  5 
311  142 
311  190 
311  221 
311  71 
312  304 
312  98 
312  195 
312  118 
313  281 
313  30 
313  258 
313  105 
314  263 
314  166 
314  189 
314  31 
315  137 
315  97 
315  59 
315  201 
316  293 
316  310 
316  228 
316  201 
317  65 
317  185 
317  262 
317  11 
318  311 
318  275 
318  223 
318  229 
319  139 
319  292 
319  23 
319  305 
320  287 
320  142 
320  132 
320  237 
321  190 
321  222 
321  170 
321  72 
322  228 
322  140 
322  160 
322  312 
323  274 
323  29 
323  189 
323  28 
324  240 
324  323 
324  118 
324  312 
325  36 
325  51 
325  49 
325  62 
326  221 
326  98 
326  239 
326  285 
327  188 
327  271 
327  239 
327  179 
328  184 
328  56 
328  71 
328  112 
329  249 
329  320 
329  300 
329  5 
330  327 
330  165 
330  283 
330  29 
331  153 
331  292 
331  278 
331  71 
332  248 
332  167 
332  28 
332  110 
333  275 
333  126 
333  198 
333  118 
334  21 
334  254 
334  166 
334  178 
335  312 
335  30 
335  309 
335  327 
336  127 
336  319 
336  315 
336  61 
337  334 
337  309 
337  172 
337  56 
338  301 
338  78 
338  290 
338  281 
339  183 
339  237 
339  132 
339  338 
340  305 
340  117 
340  316 
340  338 
341  221 
341  340 
341  156 
341  322 
342  98 
342  59 
342  61 
342  151 
343  93 
343  162 
343  312 
343  316 
344  44 
344  306 
344  189 
344  332 
345  51 
345  199 
345  159 
345  186 
346  317 
346  141 
346  133 
346  137 
347  212 
347  343 
347  335 
347  189 
348  246 
348  254 
348  170 
348  300 
349  117 
349  143 
349  127 
349  21 
350  340 
350  168 
350  88 
350  321 
351  335 
351  132 
351  60 
351  312 
352  15 
352  149 
352  188 
352  171 
353  325 
353  112 
353  332 
353  244 
354  251 
354  316 
354  221 
354  218 
355  202 
355  119 
355  62 
355  72 
356  3 
356  312 
356  94 
356  133 
357  286 
357  227 
357  316 
357  29 
358  78 
358  72 
358  327 
358  318 
359  73 
359  63 
359  286 
359  328 
360  171 
360  218 
360  51 
360  89 
361  83 
361  179 
361  174 
361  177 
362  83 
362  132 
362  104 
362  252 
363  179 
363  77 
363  47 
363  70 
364  133 
364  125 
364  164 
364  253 
365  177 
365  198 
365  7 
365  36 
366  174 
366  68 
366  130 
366  215 
367  364 
367  138 
367  173 
367  366 
368  314 
368  138 
368  198 
368  275 
369  108 
369  354 
369  98 
369  215 
370  92 
370  194 
370  287 
370  70 
371  140 
371  316 
371  177 
371  79 
372  369 
372  359 
372  266 
372  273 
373  273 
373  27 
373  137 
373  281 
374  32 
374  144 
374  373 
374  331 
375  370 
375  16 
375  368 
375  102 
376  294 
376  370 
376  85 
376  220 
377  200 
377  376 
377  70 
377  372 
378  66 
378  191 
378  161 
378  19 
379  70 
379  358 
379  205 
379  15 
380  85 
380  271 
380  274 
380  67 
381  373 
381  361 
381  178 
381  327 
382  299 
382  84 
382  165 
382  192 
383  221 
383  268 
383  36 
383  376 
384  201 
384  133 
384  24 
384  161 
385  116 
385  17 
385  248 
385  359 
386  163 
386  53 
386  213 
386  197 
387  70 
387  382 
387  52 
387  261 
388  362 
388  237 
388  370 
388  133 
389  271 
389  294 
389  316 
389  29 
390  194 
390  92 
390  177 
390  371 
391  373 
391  268 
391  134 
391  202 
392  30 
392  4 
392  236 
392  376 
393  21 
393  386 
393  15 
393  217 
394  348 
394  361 
394  65 
394  340 
395  393 
395  371 
395  50 
395  118 
396  364 
396  235 
396  349 
396  107 
397  77 
397  151 
397  273 
397  54 
398  373 
398  4 
398  207 
398  289 
399  297 
399  173 
399  372 
399  4 
400  361 
400  252 
400  373 
400  311 
401  145 
401  128 
401  353 
401  363 
402  280 
402  184 
402  261 
402  38 
403  27 
403  310 
403  252 
403  398 
404  245 
404  29 
404  235 
404  207 
405  108 
405  390 
405  388 
405  369 
406  34 
406  148 
406  369 
406  260 
407  200 
407  328 
407  387 
407  264 
408  34 
408  177 
408  112 
408  384 
409  162 
409  298 
409  390 
409  271 
410  57 
410  64 
410  202 
410  319 
411  257 
411  383 
411  23 
411  314 
412  411 
412  118 
412  38 
412  133 
413  58 
413  158 
413  176 
413  131 
414  409 
414  229 
414  287 
414  188 
415  364 
415  287 
415  6 
415  125 
416  108 
416  381 
416  402 
416  51 
417  113 
417  137 
417  395 
417  325 
418  383 
418  91 
418  248 
418  406 
419  342 
419  114 
419  80 
419  404 
420  89 
420  205 
420  373 
420  256 
421  206 
421  100 
421  107 
421  90 
422  105 
422  114 
422  415 
422  248 
423  241 
423  190 
423  398 
423  67 
424  45 
424  93 
424  357 
424  22 
425  10 
425  156 
425  62 
425  35 
426  265 
426  22 
426  248 
426  44 
427  373 
427  77 
427  329 
427  363 
428  226 
428  116 
428  418 
428  95 
429  380 
429  144 
429  420 
429  195 
430  398 
430  4 
430  72 
430  316 
431  395 
431  417 
431  205 
431  79 
432  319 
432  431 
432  423 
432  173 
433  413 
433  334 
433  93 
433  125 
434  64 
434  375 
434  426 
434  236 
435  363 
435  262 
435  293 
435  275 
436  245 
436  406 
436  125 
436  36 
437  117 
437  176 
437  240 
437  130 
438  367 
438  47 
438  261 
438  269 
439  86 
439  419 
439  190 
439  23 
440  373 
440  217 
440  236 
440  326 
441  382 
441  132 
441  275 
441  246 
442  116 
442  217 
442  172 
442  307 
443  403 
443  47 
443  393 
443  319 
444  275 
444  79 
444  439 
444  326 
445  235 
445  438 
445  161 
445  12 
446  130 
446  430 
446  156 
446  62 
447  76 
447  86 
447  48 
447  357 
448  309 
448  101 
448  439 
448  418 
449  447 
449  86 
449  433 
449  196 
450  146 
450  251 
450  73 
450  412 
451  428 
451  418 
451  376 
451  325 
452  431 
452  252 
452  108 
452  294 
453  426 
453  126 
453  247 
453  387 
454  158 
454  355 
454  296 
454  126 
455  371 
455  349 
455  454 
455  328 
456  97 
456  158 
456  419 
456  325 
457  248 
457  299 
457  141 
457  217 
458  398 
458  447 
458  437 
458  450 
459  424 
459  193 
459  84 
459  18 
460  241 
460  444 
460  217 
460  38 
461  219 
461  317 
461  449 
461  97 
462  9 
462  401 
462  91 
462  300 
463  432 
463  216 
463  383 
463  270 
464  216 
464  377 
464  292 
464  246 
465  189 
465  230 
465  115 
465  355 
466  26 
466  240 
466  402 
466  249 
467  237 
467  36 
467  443 
467  143 
468  270 
468  66 
468  454 
468  122 
469  120 
469  283 
469  142 
469  6 
470  171 
470  459 
470  413 
470  17 
471  396 
471  17 
471  228 
471  315 
472  418 
472  256 
472  277 
472  95 
473  267 
473  313 
473  464 
473  283 
474  428 
474  128 
474  190 
474  99 
475  10 
475  334 
475  190 
475  199 
476  272 
476  23 
476  464 
476  311 
477  386 
477  343 
477  133 
477  241 
478  217 
478  291 
478  461 
478  321 
479  139 
479  438 
479  107 
479  436 
480  220 
480  350 
480  323 
480  476 
481  134 
481  279 
481  107 
481  71 
482  49 
482  317 
482  62 
482  231 
483  257 
483  459 
483  48 
483  461 
484  459 
484  174 
484  472 
484  89 
485  111 
485  293 
485  478 
485  424 
486  365 
486  234 
486  291 
486  469 
487  361 
487  23 
487  298 
487  243 
488  428 
488  296 
488  267 
488  459 
489  63 
489  417 
489  312 
489  20 
490  454 
490  382 
490  196 
490  386 
491  467 
491  295 
491  62 
491  483 
492  477 
492  37 
492  386 
492  473 
493  274 
493  115 
493  31 
493  302 
494  413 
494  164 
494  398 
494  314 
495  417 
495  460 
495  142 
495  471 
496  50 
496  361 
496  464 
496  97 
497  173 
497  359 
497  438 
497  481 
498  181 
498  205 
498  313 
498  388 
499  293 
499  164 
499  488 
499  291 
500  208 
500  386 
500  305 
500  42 
501  228 
501  301 
501  374 
501  425 
502  443 
502  492 
502  178 
502  284 
503  446 
503  413 
503  36 
503  315 
504  44 
504  299 
504  110 
504  417 
505  176 
505  450 
505  156 
505  60 
506  216 
506  156 
506  241 
506  255 
507  227 
507  462 
507  167 
507  10 
508  282 
508  24 
508  467 
508  50 
509  86 
509  355 
509  225 
509  173 
510  260 
510  485 
510  417 
510  280 
511  15 
511  472 
511  487 
511  312 
512  4 
512  474 
512  207 
512  407 
513  23 
513  279 
513  53 
513  465 
514  164 
514  47 
514  148 
514  470 
515  365 
515  18 
515  272 
515  7 
516  467 
516  402 
516  504 
516  142 
517  84 
517  89 
517  123 
517  239 
518  41 
518  71 
518  95 
518  412 
519  260 
519  125 
519  233 
519  293 
520  387 
520  474 
520  253 
520  504 
521  42 
521  193 
521  343 
521  430 
522  504 
522  390 
522  7 
522  144 
523  252 
523  505 
523  315 
523  285 
524  203 
524  84 
524  267 
524  342 
525  410 
525  485 
525  498 
525  387 
526  48 
526  281 
526  300 
526  489 
527  389 
527  520 
527  14 
527  515 
528  350 
528  375 
528  182 
528  526 
529  380 
529  384 
529  283 
529  84 
530  164 
530  142 
530  517 
530  321 
531  517 
531  250 
531  306 
531  223 
532  530 
532  157 
532  251 
532  332 
533  327 
533  518 
533  133 
533  185 
534  66 
534  46 
534  53 
534  510 
535  347 
535  527 
535  467 
535  499 
536  134 
536  223 
536  518 
536  233 
537  14 
537  15 
537  274 
537  223 
538  390 
538  425 
538  313 
538  161 
539  364 
539  14 
539  157 
539  219 
540  535 
540  517 
540  330 
540  419 
541  416 
541  207 
541  392 
541  73 
542  176 
542  517 
542  519 
542  465 
543  225 
543  139 
543  179 
543  513 
544  198 
544  222 
544  86 
544  112 
545  525 
545  191 
545  195 
545  523 
546  412 
546  367 
546  531 
546  474 
547  386 
547  510 
547  345 
547  232 
548  501 
548  270 
548  108 
548  248 
549  71 
549  508 
549  91 
549  198 
550  505 
550  203 
550  223 
550  543 
551  115 
551  419 
551  417 
551  219 
552  523 
552  405 
552  539 
552  374 
553  232 
553  163 
553  161 
553  522 
554  14 
554  515 
554  343 
554  470 
555  18 
555  517 
555  5 
555  545 
556  177 
556  53 
556  537 
556  535 
557  181 
557  185 
557  543 
557  223 
558  511 
558  7 
558  517 
558  126 
559  85 
559  240 
559  5 
559  516 
560  15 
560  290 
560  461 
560  206 
561  129 
561  322 
561  114 
561  450 
562  467 
562  518 
562  537 
562  452 
563  331 
563  35 
563  397 
563  215 
564  67 
564  209 
564  41 
564  213 
565  68 
565  190 
565  81 
565  382 
566  427 
566  560 
566  104 
566  258 
567  124 
567  442 
567  491 
567  564 
568  432 
568  441 
568  79 
568  16 
569  432 
569  336 
569  382 
569  123 
570  505 
570  450 
570  80 
570  244 
571  521 
571  209 
571  562 
571  524 
572  52 
572  147 
572  143 
572  133 
573  13 
573  450 
573  554 
573  11 
574  481 
574  334 
574  373 
574  465 
575  63 
575  566 
575  78 
575  19 
576  400 
576  567 
576  128 
576  561 
577  318 
577  40 
577  432 
577  458 
578  193 
578  563 
578  561 
578  467 
579  559 
579  336 
579  427 
579  432 
580  563 
580  12 
580  123 
580  199 
581  574 
581  132 
581  518 
581  360 
582  500 
582  182 
582  67 
582  568 
583  207 
583  304 
583  552 
583  8 
584  164 
584  150 
584  79 
584  579 
585  282 
585  410 
585  466 
585  432 
586  563 
586  336 
586  462 
586  394 
587  336 
587  560 
587  563 
587  114 
588  458 
588  84 
588  583 
588  24 
589  52 
589  176 
589  495 
589  57 
590  520 
590  436 
590  120 
590  448 
591  203 
591  516 
591  251 
591  363 
592  374 
592  283 
592  386 
592  521 
593  586 
593  512 
593  318 
593  8 
594  11 
594  381 
594  190 
594  397 
595  519 
595  102 
595  563 
595  188 
596  493 
596  14 
596  243 
596  329 
597  588 
597  190 
597  84 
597  78 
598  415 
598  162 
598  29 
598  198 
599  113 
599  74 
599  307 
599  582 
600  397 
600  80 
600  465 
600  255 
601  362 
601  596 
601  196 
601  393 
602  529 
602  121 
602  24 
602  523 
603  588 
603  597 
603  576 
603  382 
604  579 
604  575 
604  546 
604  258 
605  604 
605  463 
605  561 
605  243 
606  441 
606  135 
606  120 
606  537 
607  347 
607  164 
607  338 
607  558 
608  585 
608  197 
608  600 
608  103 
609  207 
609  389 
609  279 
609  460 
610  293 
610  569 
610  316 
610  400 
611  400 
611  300 
611  276 
611  319 
612  58 
612  71 
612  80 
612  61 
613  128 
613  183 
613  138 
613  345 
614  396 
614  586 
614  423 
614  442 
615  357 
615  306 
615  442 
615  81 
616  615 
616  611 
616  260 
616  469 
617  181 
617  475 
617  492 
617  434 
618  245 
618  271 
618  586 
618  140 
619  396 
619  209 
619  266 
619  106 
620  543 
620  335 
620  609 
620  593 
621  112 
621  182 
621  42 
621  196 
622  317 
622  504 
622  544 
622  357 
623  103 
623  586 
623  589 
623  91 
624  264 
624  19 
624  416 
624  463 
625  614 
625  418 
625  85 
625  453 
626  217 
626  449 
626  463 
626  4 
627  331 
627  375 
627  105 
627  1 
628  627 
628  367 
628  250 
628  611 
629  254 
629  539 
629  6 
629  483 
630  92 
630  451 
630  545 
630  622 
631  176 
631  2 
631  390 
631  469 
632  491 
632  526 
632  166 
632  397 
633  272 
633  130 
633  20 
633  325 
634  625 
634  617 
634  190 
634  173 
635  595 
635  265 
635  78 
635  420 
636  110 
636  218 
636  542 
636  442 
637  268 
637  250 
637  622 
637  2 
638  207 
638  42 
638  78 
638  624 
639  169 
639  390 
639  160 
639  618 
640  613 
640  94 
640  637 
640  339 
641  500 
641  549 
641  301 
641  472 
642  353 
642  265 
642  254 
642  378 
643  247 
643  268 
643  510 
643  398 
644  492 
644  449 
644  609 
644  463 
645  545 
645  214 
645  121 
645  414 
646  319 
646  645 
646  390 
646  613 
647  392 
647  190 
647  487 
647  614 
648  52 
648  634 
648  445 
648  532 
649  326 
649  96 
649  214 
649  18 
650  525 
650  643 
650  103 
650  414 
651  122 
651  197 
651  245 
651  42 
652  446 
652  50 
652  247 
652  627 
653  642 
653  149 
653  398 
653  322 
654  429 
654  632 
654  445 
654  189 
655  611 
655  94 
655  653 
655  629 
656  652 
656  15 
656  215 
656  449 
657  387 
657  47 
657  655 
657  625 
658  229 
658  496 
658  367 
658  467 
659  237 
659  310 
659  230 
659  656 
660  376 
660  245 
660  623 
660  435 
661  531 
661  386 
661  251 
661  296 
662  610 
662  605 
662  80 
662  189 
663  107 
663  351 
663  637 
663  526 
664  35 
664  189 
664  394 
664  185 
665  574 
665  264 
665  63 
665  604 
666  641 
666  22 
666  601 
666  438 
667  484 
667  438 
667  609 
667  534 
668  24 
668  570 
668  328 
668  569 
669  641 
669  566 
669  449 
669  594 
670  179 
670  432 
670  610 
670  572 
671  543 
671  129 
671  563 
671  631 
672  32 
672  533 
672  528 
672  517 
673  506 
673  660 
673  401 
673  162 
674  585 
674  349 
674  81 
674  42 
675  401 
675  87 
675  182 
675  254 
676  282 
676  224 
676  142 
676  370 
677  635 
677  358 
677  512 
677  244 
678  578 
678  347 
678  289 
678  64 
679  494 
679  632 
679  505 
679  568 
680  386 
680  520 
680  99 
680  280 
681  108 
681  486 
681  661 
681  524 
682  674 
682  673 
682  107 
682  613 
683  263 
683  503 
683  146 
683  437 
684  673 
684  617 
684  563 
684  567 
685  514 
685  511 
685  136 
685  566 
686  160 
686  406 
686  179 
686  9 
687  383 
687  444 
687  561 
687  675 
688  223 
688  331 
688  316 
688  386 
689  674 
689  45 
689  94 
689  401 
690  651 
690  666 
690  472 
690  498 
691  488 
691  223 
691  114 
691  190 
692  452 
692  470 
692  424 
692  498 
693  510 
693  297 
693  622 
693  379 
694  36 
694  430 
694  686 
694  386 
695  616 
695  682 
695  127 
695  462 
696  681 
696  483 
696  606 
696  249 
697  399 
697  676 
697  514 
697  374 
698  511 
698  659 
698  227 
698  184 
699  165 
699  594 
699  401 
699  198 
700  144 
700  669 
700  177 
700  648 
701  462 
701  437 
701  81 
701  552 
702  450 
702  510 
702  377 
702  249 
703  378 
703  669 
703  195 
703  323 
704  675 
704  195 
704  327 
704  701 
705  610 
705  380 
705  199 
705  534 
706  426 
706  661 
706  506 
706  399 
707  686 
707  150 
707  654 
707  682 
708  680 
708  437 
708  520 
708  154 
709  61 
709  141 
709  624 
709  268 
710  97 
710  167 
710  578 
710  512 
711  677 
711  45 
711  587 
711  485 
712  396 
712  451 
712  558 
712  380 
713  627 
713  250 
713  14 
713  685 
714  46 
714  180 
714  74 
714  624 
715  253 
715  156 
715  655 
715  667 
716  599 
716  87 
716  433 
716  52 
717  556 
717  259 
717  177 
717  213 
718  343 
718  498 
718  510 
718  588 
719  78 
719  215 
719  624 
719  388 
720  238 
720  693 
720  712 
720  546 
721  184 
721  711 
721  125 
721  277 
722  642 
722  191 
722  597 
722  664 
723  164 
723  709 
723  419 
723  436 
724  619 
724  212 
724  21 
724  169 
725  28 
725  287 
725  538 
725  235 
726  66 
726  662 
726  675 
726  719 
727  12 
727  183 
727  3 
727  645 
728  70 
728  189 
728  146 
728  179 
729  647 
729  367 
729  489 
729  120 
730  49 
730  80 
730  419 
730  677 
731  691 
731  14 
731  142 
731  52 
732  131 
732  496 
732  612 
732  572 
733  112 
733  192 
733  447 
733  540 
734  385 
734  719 
734  588 
734  647 
735  284 
735  433 
735  187 
735  358 
736  547 
736  274 
736  729 
736  301 
737  712 
737  693 
737  248 
737  720 
738  559 
738  709 
738  160 
738  350 
739  405 
739  259 
739  459 
739  350 
740  718 
740  717 
740  478 
740  645 
741  730 
741  388 
741  336 
741  465 
742  366 
742  414 
742  714 
742  713 
743  70 
743  457 
743  319 
743  437 
744  419 
744  673 
744  589 
744  642 
745  278 
745  643 
745  274 
745  96 
746  72 
746  450 
746  336 
746  459 
747  724 
747  167 
747  175 
747  350 
748  318 
748  677 
748  729 
748  517 
749  152 
749  79 
749  332 
749  122 
750  612 
750  451 
750  209 
750  26 
751  128 
751  676 
751  413 
751  289 
752  730 
752  70 
752  750 
752  529 
753  370 
753  717 
753  388 
753  433 
754  91 
754  296 
754  187 
754  658 
755  129 
755  112 
755  414 
755  225 
756  720 
756  717 
756  245 
756  588 
757  73 
757  483 
757  552 
757  183 
758  395 
758  597 
758  654 
758  294 
759  175 
759  533 
759  672 
759  158 
760  440 
760  699 
760  389 
760  113 
761  708 
761  175 
761  643 
761  746 
762  574 
762  255 
762  116 
762  400 
763  712 
763  714 
763  557 
763  254 
764  648 
764  160 
764  10 
764  671 
765  215 
765  763 
765  275 
765  73 
766  564 
766  102 
766  509 
766  201 
767  169 
767  762 
767  227 
767  753 
768  140 
768  139 
768  573 
768  663 
769  558 
769  543 
769  504 
769  266 
770  524 
770  538 
770  72 
770  205 
771  344 
771  225 
771  682 
771  327 
772  199 
772  383 
772  230 
772  264 
773  755 
773  246 
773  493 
773  139 
774  504 
774  441 
774  323 
774  308 
775  67 
775  531 
775  331 
775  400 
776  198 
776  85 
776  521 
776  746 
777  323 
777  716 
777  538 
777  592 
778  359 
778  308 
778  277 
778  752 
779  585 
779  361 
779  274 
779  390 
780  68 
780  486 
780  208 
780  644 
781  762 
781  199 
781  269 
781  210 
782  776 
782  47 
782  79 
782  266 
783  283 
783  249 
783  274 
783  620 
784  523 
784  475 
784  390 
784  621 
785  495 
785  249 
785  47 
785  494 
786  716 
786  782 
786  333 
786  248 
787  500 
787  116 
787  492 
787  521 
788  691 
788  78 
788  284 
788  357 
789  759 
789  317 
789  218 
789  670 
790  646 
790  757 
790  537 
790  553 
791  772 
791  591 
791  767 
791  771 
792  308 
792  331 
792  668 
792  542 
793  204 
793  765 
793  92 
793  106 
794  357 
794  560 
794  87 
794  767 
795  55 
795  116 
795  283 
795  682 
796  299 
796  355 
796  785 
796  117 
797  68 
797  415 
797  768 
797  257 
798  765 
798  670 
798  264 
798  431 
799  717 
799  525 
799  351 
799  116 
800  116 
800  780 
800  751 
800  418 
801  240 
801  770 
801  774 
801  484 
802  780 
802  567 
802  625 
802  116 
803  751 
803  786 
803  348 
803  295 
804  557 
804  574 
804  524 
804  299 
805  762 
805  799 
805  267 
805  759 
806  498 
806  245 
806  803 
806  787 
807  797 
807  571 
807  759 
807  342 
808  271 
808  173 
808  205 
808  281 
809  462 
809  28 
809  268 
809  457 
810  120 
810  369 
810  445 
810  401 
811  602 
811  803 
811  434 
811  409 
812  244 
812  412 
812  602 
812  304 
813  374 
813  213 
813  70 
813  790 
814  41 
814  649 
814  331 
814  293 
815  756 
815  617 
815  490 
815  123 
816  754 
816  357 
816  250 
816  141 
817  412 
817  472 
817  704 
817  372 
818  700 
818  374 
818  412 
818  366 
819  237 
819  272 
819  339 
819  141 
820  449 
820  412 
820  405 
820  375 
821  785 
821  540 
821  171 
821  782 
822  739 
822  550 
822  819 
822  713 
823  715 
823  509 
823  39 
823  32 
824  64 
824  331 
824  591 
824  399 
825  489 
825  276 
825  674 
825  10 
826  284 
826  807 
826  261 
826  318 
827  35 
827  660 
827  592 
827  19 
828  124 
828  792 
828  386 
828  381 
829  796 
829  788 
829  32 
829  35 
830  815 
830  572 
830  649 
830  704 
831  782 
831  571 
831  233 
831  273 
832  824 
832  187 
832  608 
832  739 
833  304 
833  594 
833  638 
833  622 
834  353 
834  19 
834  339 
834  209 
835  177 
835  37 
835  124 
835  276 
836  505 
836  296 
836  272 
836  487 
837  440 
837  812 
837  658 
837  646 
838  458 
838  744 
838  790 
838  559 
839  177 
839  311 
839  260 
839  212 
840  734 
840  610 
840  209 
840  4 
841  811 
841  695 
841  73 
841  213 
842  471 
842  744 
842  412 
842  594 
843  457 
843  342 
843  764 
843  346 
844  815 
844  833 
844  823 
844  206 
845  839 
845  40 
845  586 
845  814 
846  232 
846  827 
846  306 
846  162 
847  748 
847  325 
847  816 
847  589 
848  412 
848  833 
848  174 
848  810 
849  60 
849  679 
849  438 
849  176 
850  106 
850  60 
850  491 
850  166 
851  811 
851  762 
851  483 
851  198 
852  191 
852  75 
852  427 
852  791 
853  638 
853  11 
853  424 
853  162 
854  580 
854  375 
854  625 
854  705 
855  335 
855  697 
855  279 
855  306 
856  618 
856  840 
856  457 
856  584 
857  809 
857  615 
857  58 
857  438 
858  77 
858  817 
858  813 
858  335 
859  54 
859  505 
859  569 
859  776 
860  466 
860  224 
860  595 
860  844 
861  834 
861  109 
861  619 
861  267 
862  309 
862  860 
862  447 
862  239 
863  679 
863  774 
863  753 
863  595 
864  742 
864  454 
864  411 
864  593 
865  424 
865  7 
865  740 
865  647 
866  862 
866  706 
866  837 
866  537 
867  308 
867  380 
867  173 
867  131 
868  389 
868  827 
868  401 
868  355 
869  374 
869  429 
869  635 
869  860 
870  197 
870  235 
870  527 
870  308 
871  424 
871  576 
871  640 
871  859 
872  410 
872  269 
872  148 
872  654 
873  246 
873  123 
873  269 
873  8 
874  235 
874  500 
874  204 
874  834 
875  789 
875  760 
875  662 
875  225 
876  726 
876  874 
876  225 
876  602 
877  420 
877  869 
877  812 
877  86 
878  871 
878  781 
878  63 
878  477 
879  116 
879  410 
879  138 
879  866 
880  845 
880  75 
880  258 
880  784 
881  680 
881  395 
881  431 
881  46 
882  246 
882  134 
882  80 
882  272 
883  272 
883  861 
883  59 
883  873 
884  252 
884  554 
884  227 
884  121 
885  498 
885  587 
885  859 
885  568 
886  128 
886  74 
886  662 
886  616 
887  506 
887  742 
887  440 
887  461 
888  750 
888  529 
888  293 
888  268 
889  279 
889  834 
889  311 
889  721 
890  542 
890  198 
890  865 
890  536 
891  849 
891  46 
891  523 
891  744 
892  65 
892  335 
892  279 
892  200 
893  259 
893  183 
893  460 
893  820 
894  204 
894  859 
894  693 
894  517 
895  280 
895  599 
895  849 
895  207 
896  65 
896  175 
896  885 
896  606 
897  767 
897  401 
897  227 
897  859 
898  223 
898  524 
898  700 
898  379 
899  660 
899  45 
899  264 
899  38 
900  462 
900  246 
900  890 
900  430 
901  663 
901  525 
901  834 
901  343 
902  384 
902  760 
902  900 
902  49 
903  640 
903  41 
903  871 
903  765 
904  858 
904  497 
904  293 
904  678 
905  690 
905  777 
905  335 
905  230 
906  503 
906  501 
906  889 
906  576 
907  694 
907  859 
907  876 
907  726 
908  860 
908  386 
908  201 
908  837 
909  907 
909  865 
909  130 
909  53 
910  880 
910  835 
910  585 
910  723 
911  564 
911  614 
911  757 
911  186 
912  290 
912  689 
912  737 
912  758 
913  687 
913  607 
913  620 
913  101 
914  673 
914  235 
914  217 
914  911 
915  585 
915  853 
915  284 
915  673 
916  816 
916  662 
916  576 
916  53 
917  119 
917  158 
917  769 
917  170 
918  775 
918  865 
918  11 
918  359 
919  172 
919  403 
919  293 
919  815 
920  627 
920  521 
920  189 
920  235 
921  175 
921  386 
921  911 
921  290 
922  804 
922  526 
922  859 
922  285 
923  718 
923  255 
923  270 
923  811 
924  889 
924  885 
924  480 
924  26 
925  499 
925  844 
925  460 
925  715 
926  216 
926  134 
926  625 
926  580 
927  83 
927  166 
927  826 
927  911 
928  305 
928  393 
928  246 
928  297 
929  665 
929  115 
929  386 
929  711 
930  7 
930  158 
930  691 
930  100 
931  267 
931  344 
931  917 
931  724 
932  339 
932  627 
932  535 
932  579 
933  685 
933  30 
933  556 
933  593 
934  70 
934  414 
934  44 
934  271 
935  934 
935  294 
935  777 
935  208 
936  275 
936  717 
936  134 
936  592 
937  23 
937  275 
937  377 
937  61 
938  339 
938  523 
938  284 
938  922 
939  620 
939  232 
939  376 
939  794 
940  373 
940  746 
940  250 
940  919 
941  220 
941  593 
941  836 
941  559 
942  270 
942  269 
942  488 
942  846 
943  627 
943  20 
943  192 
943  445 
944  203 
944  913 
944  673 
944  919 
945  672 
945  769 
945  621 
945  371 
946  236 
946  861 
946  807 
946  476 
947  501 
947  255 
947  920 
947  589 
948  593 
948  791 
948  13 
948  314 
949  367 
949  507 
949  60 
949  463 
950  52 
950  59 
950  788 
950  331 
951  678 
951  923 
951  757 
951  931 
952  939 
952  724 
952  255 
952  202 
953  335 
953  606 
953  47 
953  634 
954  83 
954  500 
954  414 
954  938 
955  706 
955  467 
955  911 
955  131 
956  759 
956  366 
956  576 
956  523 
957  760 
957  747 
957  129 
957  78 
958  929 
958  759 
958  642 
958  757 
959  39 
959  11 
959  464 
959  351 
960  590 
960  560 
960  732 
960  563 
961  628 
961  206 
961  775 
961  372 
962  431 
962  617 
962  445 
962  155 
963  377 
963  431 
963  819 
963  652 
964  126 
964  323 
964  379 
964  696 
965  306 
965  940 
965  794 
965  156 
966  667 
966  955 
966  950 
966  66 
967  650 
967  829 
967  523 
967  818 
968  901 
968  663 
968  918 
968  543 
969  774 
969  936 
969  341 
969  750 
970  104 
970  144 
970  713 
970  652 
971  138 
971  592 
971  157 
971  520 
972  295 
972  212 
972  519 
972  78 
973  127 
973  538 
973  970 
973  820 
974  101 
974  557 
974  971 
974  630 
975  372 
975  355 
975  244 
975  949 
976  607 
976  199 
976  961 
976  934 
977  969 
977  184 
977  396 
977  117 
978  519 
978  93 
978  644 
978  820 
979  550 
979  58 
979  416 
979  155 
980  765 
980  499 
980  743 
980  2 
981  484 
981  629 
981  304 
981  883 
982  488 
982  565 
982  781 
982  563 
983  543 
983  319 
983  4 
983  228 
984  543 
984  20 
984  5 
984  557 
985  473 
985  168 
985  967 
985  247 
986  728 
986  478 
986  979 
986  118 
987  345 
987  542 
987  819 
987  972 
988  19 
988  526 
988  963 
988  38 
989  793 
989  428 
989  622 
989  552 
990  319 
990  531 
990  293 
990  786 
991  629 
991  877 
991  261 
991  488 
992  173 
992  323 
992  354 
992  122 
993  984 
993  626 
993  871 
993  959 
994  75 
994  389 
994  824 
994  14 
995  136 
995  977 
995  463 
995  696 
996  298 
996  936 
996  687 
996  253 
997  813 
997  992 
997  354 
997  434 
998  84 
998  588 
998  510 
998  11 
999  173 
999  375 
999  254 
999  468 
1000  840 
1000  402 
1000  835 
1000  238 
1001  365 
1001  990 
1001  463 
1001  445 
1002  406 
1002  421 
1002  99 
1002  488 
1003  787 
1003  106 
1003  438 
1003  581 
1004  137 
1004  145 
1004  428 
1004  995 
1005  936 
1005  650 
1005  664 
1005  661 
1006  306 
1006  304 
1006  496 
1006  244 
1007  533 
1007  60 
1007  173 
1007  443 
1008  940 
1008  985 
1008  646 
1008  542 
1009  714 
1009  153 
1009  636 
1009  766 
1010  172 
1010  20 
1010  241 
1010  987 
1011  103 
1011  554 
1011  104 
1011  486 
1012  85 
1012  993 
1012  854 
1012  779 
1013  406 
1013  525 
1013  965 
1013  392 
1014  398 
1014  941 
1014  5 
1014  538 
1015  896 
1015  794 
1015  387 
1015  469 
1016  687 
1016  518 
1016  179 
1016  782 
1017  910 
1017  324 
1017  216 
1017  542 
1018  126 
1018  226 
1018  960 
1018  1013 
1019  700 
1019  264 
1019  762 
1019  161 
1020  871 
1020  108 
1020  483 
1020  1010 
1021  639 
1021  1017 
1021  439 
1021  725 
1022  281 
1022  821 
1022  869 
1022  697 
1023  639 
1023  462 
1023  116 
1023  642 
1024  580 
1024  13 
1024  705 
1024  969 
1025  477 
1025  347 
1025  699 
1025  523 
1026  59 
1026  793 
1026  389 
1026  502 
1027  989 
1027  974 
1027  586 
1027  637 
1028  595 
1028  540 
1028  336 
1028  989 
1029  909 
1029  678 
1029  986 
1029  23 
1030  130 
1030  192 
1030  561 
1030  441 
1031  508 
1031  1015 
1031  1029 
1031  106 
1032  224 
1032  678 
1032  302 
1032  580 
1033  947 
1033  727 
1033  959 
1033  680 
1034  152 
1034  733 
1034  634 
1034  394 
1035  367 
1035  999 
1035  134 
1035  719 
1036  855 
1036  699 
1036  924 
1036  1018 
1037  940 
1037  9 
1037  154 
1037  1012 
1038  556 
1038  946 
1038  270 
1038  671 
1039  427 
1039  165 
1039  469 
1039  290 
1040  582 
1040  342 
1040  540 
1040  44 
1041  308 
1041  262 
1041  910 
1041  91 
1042  921 
1042  871 
1042  577 
1042  158 
1043  636 
1043  960 
1043  1 
1043  259 
1044  88 
1044  1010 
1044  845 
1044  157 
1045  112 
1045  593 
1045  929 
1045  1022 
1046  1031 
1046  463 
1046  736 
1046  397 
1047  464 
1047  1019 
1047  1034 
1047  561 
1048  731 
1048  1020 
1048  687 
1048  445 
1049  836 
1049  644 
1049  969 
1049  526 
1050  401 
1050  811 
1050  104 
1050  900 
1051  50 
1051  708 
1051  728 
1051  868 
1052  826 
1052  584 
1052  1048 
1052  996 
1053  733 
1053  1047 
1053  565 
1053  760 
1054  917 
1054  410 
1054  11 
1054  1031 
1055  1053 
1055  283 
1055  274 
1055  258 
1056  770 
1056  255 
1056  1013 
1056  489 
1057  679 
1057  411 
1057  419 
1057  1047 
1058  132 
1058  926 
1058  983 
1058  98 
 

