1  2 
1  3 
1  4 
1  5 
1  6 
1  7 
1  8 
1  9 
1  10 
2  3 
2  4 
2  5 
2  6 
2  7 
2  8 
2  9 
2  10 
3  4 
3  5 
3  6 
3  7 
3  8 
3  9 
3  10 
4  5 
4  6 
4  7 
4  8 
4  9 
4  10 
5  6 
5  7 
5  8 
5  9 
5  10 
6  7 
6  8 
6  9 
6  10 
7  8 
7  9 
7  10 
8  9 
8  10 
9  10 
11  2 
11  3 
11  1 
11  8 
12  3 
12  6 
12  7 
12  2 
13  5 
13  2 
13  4 
13  10 
14  5 
14  4 
14  10 
14  8 
15  3 
15  5 
15  11 
15  4 
16  3 
16  11 
16  1 
16  7 
17  4 
17  1 
17  9 
17  7 
18  3 
18  12 
18  10 
18  17 
19  10 
19  13 
19  5 
19  12 
20  2 
20  10 
20  16 
20  14 
21  3 
21  7 
21  1 
21  2 
22  11 
22  2 
22  17 
22  5 
23  5 
23  4 
23  8 
23  9 
24  9 
24  14 
24  8 
24  11 
25  21 
25  7 
25  9 
25  19 
26  8 
26  3 
26  25 
26  24 
27  19 
27  10 
27  5 
27  13 
28  17 
28  26 
28  2 
28  1 
29  2 
29  3 
29  5 
29  10 
30  26 
30  11 
30  2 
30  13 
31  20 
31  9 
31  3 
31  10 
32  17 
32  7 
32  11 
32  4 
33  16 
33  1 
33  10 
33  8 
34  4 
34  19 
34  2 
34  17 
35  11 
35  8 
35  10 
35  12 
36  8 
36  2 
36  17 
36  3 
37  13 
37  11 
37  6 
37  3 
38  8 
38  11 
38  29 
38  20 
39  6 
39  15 
39  11 
39  18 
40  24 
40  25 
40  10 
40  35 
41  10 
41  6 
41  20 
41  1 
42  1 
42  19 
42  11 
42  38 
43  23 
43  34 
43  18 
43  1 
44  1 
44  21 
44  7 
44  24 
45  15 
45  2 
45  16 
45  10 
46  2 
46  5 
46  45 
46  41 
47  30 
47  28 
47  34 
47  20 
48  10 
48  19 
48  5 
48  7 
49  47 
49  13 
49  34 
49  30 
50  4 
50  31 
50  17 
50  1 
51  17 
51  22 
51  8 
51  19 
52  20 
52  13 
52  7 
52  3 
53  5 
53  11 
53  17 
53  14 
54  2 
54  9 
54  28 
54  3 
55  10 
55  40 
55  23 
55  22 
56  9 
56  11 
56  2 
56  8 
57  25 
57  4 
57  17 
57  49 
58  37 
58  25 
58  52 
58  9 
59  16 
59  15 
59  42 
59  11 
60  7 
60  45 
60  1 
60  24 
61  8 
61  16 
61  20 
61  41 
62  25 
62  13 
62  1 
62  28 
63  3 
63  9 
63  29 
63  16 
64  30 
64  17 
64  14 
64  27 
65  41 
65  9 
65  13 
65  33 
66  3 
66  17 
66  40 
66  62 
67  11 
67  51 
67  63 
67  14 
68  3 
68  4 
68  6 
68  18 
69  22 
69  26 
69  5 
69  29 
70  10 
70  8 
70  64 
70  50 
71  10 
71  9 
71  24 
71  49 
72  4 
72  1 
72  33 
72  3 
73  55 
73  42 
73  36 
73  8 
74  16 
74  4 
74  9 
74  62 
75  11 
75  10 
75  29 
75  15 
76  40 
76  2 
76  9 
76  7 
77  33 
77  30 
77  37 
77  4 
78  21 
78  35 
78  2 
78  14 
79  24 
79  6 
79  61 
79  33 
80  9 
80  1 
80  10 
80  38 
81  42 
81  11 
81  13 
81  14 
82  39 
82  1 
82  79 
82  42 
83  30 
83  24 
83  6 
83  69 
84  5 
84  1 
84  7 
84  3 
85  2 
85  29 
85  76 
85  10 
86  62 
86  40 
86  55 
86  3 
87  9 
87  1 
87  3 
87  27 
88  84 
88  45 
88  8 
88  51 
89  3 
89  36 
89  79 
89  55 
90  47 
90  13 
90  24 
90  4 
91  13 
91  14 
91  74 
91  5 
92  3 
92  19 
92  13 
92  21 
93  47 
93  11 
93  9 
93  54 
94  50 
94  69 
94  9 
94  19 
95  24 
95  7 
95  73 
95  11 
96  65 
96  80 
96  13 
96  42 
97  3 
97  8 
97  33 
97  71 
98  25 
98  1 
98  19 
98  78 
99  11 
99  83 
99  65 
99  5 
100  6 
100  5 
100  25 
100  3 
101  11 
101  27 
101  4 
101  47 
102  74 
102  96 
102  36 
102  2 
103  50 
103  70 
103  34 
103  86 
104  36 
104  17 
104  1 
104  89 
105  41 
105  2 
105  9 
105  7 
106  15 
106  66 
106  47 
106  13 
107  36 
107  34 
107  38 
107  70 
108  14 
108  8 
108  3 
108  2 
109  2 
109  3 
109  33 
109  108 
110  2 
110  7 
110  10 
110  12 
111  1 
111  28 
111  103 
111  69 
112  64 
112  51 
112  7 
112  59 
113  19 
113  88 
113  15 
113  86 
114  1 
114  9 
114  46 
114  22 
115  1 
115  9 
115  20 
115  7 
116  11 
116  46 
116  114 
116  85 
117  2 
117  9 
117  5 
117  72 
118  110 
118  17 
118  4 
118  10 
119  81 
119  23 
119  30 
119  10 
120  30 
120  39 
120  26 
120  10 
121  7 
121  106 
121  70 
121  24 
122  55 
122  13 
122  2 
122  119 
123  44 
123  62 
123  3 
123  7 
124  42 
124  6 
124  25 
124  64 
125  11 
125  13 
125  9 
125  27 
126  30 
126  17 
126  51 
126  2 
127  23 
127  4 
127  3 
127  15 
128  70 
128  17 
128  19 
128  50 
129  8 
129  24 
129  9 
129  25 
130  1 
130  6 
130  119 
130  5 
131  59 
131  103 
131  45 
131  70 
132  106 
132  81 
132  9 
132  7 
133  18 
133  86 
133  19 
133  64 
134  5 
134  34 
134  51 
134  126 
135  4 
135  10 
135  2 
135  5 
136  36 
136  59 
136  28 
136  7 
137  22 
137  8 
137  15 
137  76 
138  15 
138  20 
138  30 
138  95 
139  102 
139  2 
139  46 
139  58 
140  38 
140  126 
140  3 
140  41 
141  10 
141  8 
141  91 
141  76 
142  12 
142  140 
142  16 
142  3 
143  65 
143  140 
143  55 
143  64 
144  89 
144  10 
144  11 
144  62 
145  64 
145  101 
145  49 
145  133 
146  5 
146  4 
146  103 
146  13 
147  30 
147  7 
147  86 
147  25 
148  47 
148  17 
148  24 
148  2 
149  8 
149  50 
149  10 
149  11 
150  28 
150  17 
150  129 
150  11 
151  9 
151  148 
151  1 
151  2 
152  5 
152  3 
152  79 
152  105 
153  115 
153  14 
153  3 
153  103 
154  57 
154  33 
154  46 
154  107 
155  62 
155  4 
155  34 
155  32 
156  3 
156  5 
156  17 
156  47 
157  100 
157  50 
157  2 
157  33 
158  7 
158  48 
158  4 
158  50 
159  110 
159  18 
159  13 
159  14 
160  40 
160  7 
160  11 
160  60 
161  7 
161  107 
161  10 
161  70 
162  135 
162  136 
162  97 
162  17 
163  145 
163  79 
163  9 
163  87 
164  79 
164  6 
164  1 
164  64 
165  144 
165  33 
165  4 
165  50 
166  22 
166  3 
166  14 
166  2 
167  67 
167  126 
167  3 
167  24 
168  30 
168  88 
168  17 
168  42 
169  22 
169  24 
169  7 
169  76 
170  1 
170  17 
170  140 
170  10 
171  138 
171  57 
171  103 
171  26 
172  158 
172  49 
172  24 
172  148 
173  148 
173  9 
173  1 
173  17 
174  30 
174  41 
174  113 
174  15 
175  3 
175  100 
175  95 
175  45 
176  140 
176  47 
176  3 
176  26 
177  2 
177  4 
177  163 
177  40 
178  45 
178  50 
178  88 
178  1 
179  88 
179  17 
179  45 
179  100 
180  38 
180  36 
180  52 
180  142 
181  8 
181  91 
181  31 
181  78 
182  38 
182  143 
182  65 
182  47 
183  2 
183  163 
183  89 
183  25 
184  10 
184  132 
184  5 
184  105 
185  18 
185  35 
185  43 
185  1 
186  152 
186  94 
186  2 
186  140 
187  172 
187  9 
187  4 
187  26 
188  50 
188  28 
188  100 
188  22 
189  62 
189  17 
189  54 
189  102 
190  108 
190  96 
190  134 
190  81 
191  14 
191  8 
191  94 
191  104 
192  3 
192  185 
192  9 
192  114 
193  124 
193  17 
193  5 
193  57 
194  7 
194  46 
194  100 
194  43 
195  117 
195  7 
195  87 
195  91 
196  63 
196  32 
196  7 
196  50 
197  95 
197  143 
197  91 
197  147 
198  89 
198  74 
198  21 
198  109 
199  41 
199  3 
199  4 
199  2 
200  51 
200  21 
200  4 
200  161 
1  201 
1  202 
1  203 
2  204 
2  201 
2  205 
2  206 
2  203 
3  204 
3  201 
3  206 
3  207 
3  202 
4  201 
4  206 
4  207 
4  203 
5  201 
5  205 
5  207 
5  202 
6  204 
6  205 
6  206 
6  202 
6  203 
7  205 
7  206 
7  207 
8  201 
8  207 
9  203 
10  206 
10  208 
10  203 
11  204 
11  201 
11  205 
11  202 
12  204 
12  201 
12  203 
13  204 
13  207 
13  202 
13  203 
14  201 
14  205 
14  208 
15  204 
15  201 
15  208 
15  202 
15  203 
16  204 
16  205 
16  206 
16  203 
17  201 
17  205 
17  202 
18  204 
18  201 
18  205 
18  206 
18  207 
18  208 
18  203 
19  205 
19  208 
19  202 
20  204 
20  205 
20  208 
20  202 
20  203 
21  204 
21  206 
21  208 
21  202 
22  201 
22  208 
22  202 
23  204 
23  201 
23  206 
23  207 
23  208 
23  202 
23  203 
24  204 
24  205 
24  202 
25  204 
25  201 
25  205 
25  206 
25  208 
25  203 
26  206 
26  208 
26  202 
27  204 
27  201 
27  205 
27  206 
27  208 
27  202 
28  201 
28  206 
28  207 
28  202 
28  203 
29  205 
29  207 
29  208 
29  202 
30  204 
30  205 
30  206 
30  207 
30  208 
30  202 
30  203 
31  204 
31  207 
31  202 
32  204 
32  201 
32  205 
32  206 
32  207 
32  208 
33  204 
33  201 
33  207 
33  208 
33  202 
33  203 
34  206 
34  202 
35  206 
36  201 
36  206 
36  208 
37  201 
37  206 
37  208 
37  202 
37  203 
38  204 
38  201 
38  202 
38  203 
39  204 
39  201 
39  206 
40  201 
40  207 
40  208 
40  203 
41  204 
41  205 
41  206 
41  207 
42  204 
42  201 
42  206 
42  207 
42  202 
42  203 
43  208 
43  203 
44  201 
44  205 
44  206 
44  202 
45  204 
45  205 
45  208 
45  203 
46  204 
46  201 
46  205 
46  208 
46  203 
47  204 
47  201 
47  206 
47  202 
47  203 
48  207 
48  203 
49  204 
49  207 
50  205 
50  206 
50  207 
50  202 
204  201 
201  205 
205  206 
206  207 
207  208 
208  202 
202  203 
201  206 
201  208 
201  202 
205  204 
205  208 
205  202 
206  204 
206  208 
206  202 
207  205 
207  202 
208  204 
203  204 
203  201 
203  205 
203  206 
203  208 
51  204 
51  201 
51  206 
51  202 
52  204 
52  207 
52  208 
52  203 
209  141 
209  93 
209  103 
209  145 
210  199 
210  198 
210  128 
210  42 
211  66 
211  28 
211  23 
211  108 
212  71 
212  156 
212  20 
212  63 
213  23 
213  8 
213  126 
213  130 
214  23 
214  176 
214  130 
214  17 
215  37 
215  93 
215  36 
215  10 
216  29 
216  196 
216  194 
216  189 
217  104 
217  108 
217  23 
217  143 
218  163 
218  108 
218  144 
218  83 
219  182 
219  215 
219  203 
219  101 
220  28 
220  103 
220  211 
220  188 
221  213 
221  209 
221  133 
221  186 
222  87 
222  219 
222  43 
222  78 
223  92 
223  151 
223  149 
223  102 
224  100 
224  194 
224  221 
224  33 
225  105 
225  109 
225  222 
225  58 
226  105 
226  219 
226  103 
226  113 
227  215 
227  120 
227  21 
227  209 
228  125 
228  102 
228  95 
228  221 
53  204 
53  201 
53  205 
53  206 
53  207 
53  202 
54  205 
54  203 
55  208 
229  17 
229  7 
229  55 
229  207 
230  58 
230  149 
230  110 
230  208 
231  145 
231  229 
231  25 
231  223 
232  88 
232  113 
232  167 
232  91 
233  212 
233  232 
233  219 
233  193 
234  88 
234  196 
234  177 
234  229 
235  102 
235  231 
235  34 
235  143 
236  160 
236  186 
236  77 
236  115 
237  131 
237  144 
237  164 
237  26 
238  126 
238  60 
238  19 
238  145 
239  116 
239  67 
239  164 
239  117 
240  230 
240  25 
240  86 
240  134 
241  233 
241  181 
241  57 
241  108 
242  105 
242  230 
242  240 
242  31 
243  91 
243  52 
243  2 
243  134 
244  158 
244  130 
244  2 
244  196 
245  236 
245  57 
245  166 
245  117 
246  62 
246  241 
246  75 
246  232 
247  149 
247  73 
247  10 
247  102 
248  186 
248  5 
248  226 
248  70 
56  204 
56  201 
56  205 
56  206 
56  207 
56  202 
56  203 
249  221 
249  9 
249  236 
249  230 
250  125 
250  27 
250  107 
250  239 
251  65 
251  105 
251  218 
251  5 
252  63 
252  158 
252  74 
252  45 
253  251 
253  233 
253  139 
253  244 
254  155 
254  84 
254  135 
254  215 
255  139 
255  67 
255  39 
255  33 
256  254 
256  116 
256  54 
256  191 
257  230 
257  79 
257  20 
257  67 
258  68 
258  251 
258  220 
258  42 
259  219 
259  46 
259  203 
259  114 
260  132 
260  104 
260  36 
260  244 
261  251 
261  221 
261  136 
261  118 
262  233 
262  197 
262  252 
262  243 
263  105 
263  230 
263  188 
263  255 
264  3 
264  253 
264  76 
264  102 
265  157 
265  93 
265  78 
265  20 
266  241 
266  198 
266  264 
266  39 
267  146 
267  63 
267  147 
267  254 
268  72 
268  78 
268  102 
268  94 
57  205 
57  206 
57  208 
57  202 
58  204 
58  201 
58  205 
58  206 
58  207 
59  201 
59  205 
59  206 
59  207 
59  208 
60  205 
60  206 
60  207 
60  203 
61  205 
61  206 
61  207 
61  208 
61  202 
1  269 
2  269 
3  269 
7  269 
8  269 
10  269 
11  269 
12  269 
13  269 
14  269 
15  269 
16  269 
19  269 
21  269 
23  269 
24  269 
25  269 
26  269 
27  269 
28  269 
29  269 
30  269 
33  269 
35  269 
37  269 
38  269 
39  269 
40  269 
42  269 
43  269 
45  269 
47  269 
48  269 
50  269 
51  269 
53  269 
55  269 
56  269 
204  202 
207  203 
269  205 
269  207 
269  203 
270  208 
270  244 
270  152 
270  82 
271  167 
271  150 
271  33 
271  59 
272  204 
272  9 
272  225 
272  172 
273  216 
273  137 
273  141 
273  257 
274  110 
274  235 
274  29 
274  192 
275  191 
275  248 
275  118 
275  170 
276  97 
276  233 
276  44 
276  221 
277  130 
277  3 
277  124 
277  95 
278  256 
278  200 
278  39 
278  167 
279  223 
279  157 
279  213 
279  7 
280  68 
280  219 
280  275 
280  228 
281  221 
281  99 
281  142 
281  64 
282  227 
282  99 
282  239 
282  234 
283  214 
283  234 
283  44 
283  113 
284  119 
284  65 
284  19 
284  170 
285  23 
285  277 
285  109 
285  220 
286  147 
286  273 
286  221 
286  26 
287  160 
287  3 
287  167 
287  20 
288  167 
288  119 
288  159 
288  244 
289  65 
289  204 
289  223 
289  3 
62  205 
62  208 
62  202 
62  203 
290  65 
290  191 
290  73 
290  226 
291  286 
291  94 
291  144 
291  215 
292  16 
292  259 
292  154 
292  56 
293  212 
293  152 
293  30 
293  292 
294  127 
294  186 
294  39 
294  76 
295  18 
295  173 
295  271 
295  80 
296  293 
296  174 
296  56 
296  123 
297  16 
297  180 
297  131 
297  83 
298  190 
298  153 
298  105 
298  19 
299  171 
299  227 
299  250 
299  31 
300  4 
300  141 
300  297 
300  193 
301  147 
301  21 
301  86 
301  193 
302  196 
302  27 
302  241 
302  6 
303  186 
303  157 
303  300 
303  17 
304  239 
304  75 
304  171 
304  123 
305  173 
305  57 
305  299 
305  199 
306  300 
306  193 
306  38 
306  181 
307  30 
307  21 
307  292 
307  170 
308  50 
308  28 
308  57 
308  21 
309  291 
309  31 
309  6 
309  202 
63  204 
63  201 
63  207 
63  202 
63  203 
64  204 
64  206 
64  207 
64  202 
64  203 
65  201 
65  207 
65  208 
65  269 
66  201 
66  205 
66  206 
66  202 
66  203 
66  269 
310  202 
310  54 
310  74 
310  181 
311  175 
311  285 
311  4 
311  284 
312  177 
312  255 
312  130 
312  102 
313  145 
313  154 
313  130 
313  311 
314  191 
314  87 
314  135 
314  89 
315  311 
315  293 
315  230 
315  34 
316  285 
316  52 
316  153 
316  282 
317  59 
317  122 
317  104 
317  58 
318  176 
318  67 
318  36 
318  134 
319  100 
319  241 
319  230 
319  193 
320  227 
320  172 
320  280 
320  245 
321  10 
321  241 
321  104 
321  108 
322  194 
322  31 
322  231 
322  82 
323  321 
323  297 
323  289 
323  270 
324  312 
324  301 
324  90 
324  231 
325  85 
325  29 
325  133 
325  242 
326  28 
326  186 
326  148 
326  307 
327  232 
327  270 
327  122 
327  302 
328  227 
328  58 
328  128 
328  236 
329  139 
329  306 
329  310 
329  322 
67  205 
67  202 
67  203 
67  269 
68  204 
68  201 
69  204 
69  207 
69  203 
70  204 
70  207 
70  208 
330  206 
330  183 
330  54 
330  6 
331  90 
331  57 
331  234 
331  27 
332  153 
332  236 
332  79 
332  159 
333  61 
333  109 
333  64 
333  272 
334  131 
334  314 
334  11 
334  104 
335  150 
335  278 
335  121 
335  90 
336  44 
336  173 
336  247 
336  171 
337  68 
337  127 
337  30 
337  233 
338  332 
338  236 
338  29 
338  3 
339  293 
339  198 
339  168 
339  268 
340  174 
340  56 
340  92 
340  43 
341  324 
341  195 
341  151 
341  150 
342  28 
342  283 
342  341 
342  340 
343  54 
343  336 
343  278 
343  260 
344  266 
344  255 
344  124 
344  327 
345  49 
345  331 
345  306 
345  116 
346  209 
346  222 
346  233 
346  61 
347  66 
347  170 
347  280 
347  328 
348  340 
348  56 
348  171 
348  288 
349  92 
349  20 
349  40 
349  247 
71  201 
71  205 
71  207 
71  203 
72  204 
72  205 
72  206 
72  207 
72  202 
72  269 
73  204 
73  201 
73  205 
73  208 
73  203 
73  269 
350  9 
350  265 
350  165 
350  302 
351  172 
351  330 
351  266 
351  145 
352  198 
352  243 
352  178 
352  90 
353  340 
353  136 
353  65 
353  105 
354  13 
354  110 
354  294 
354  21 
355  212 
355  152 
355  19 
355  70 
356  306 
356  67 
356  285 
356  69 
357  195 
357  261 
357  52 
357  317 
358  86 
358  239 
358  51 
358  215 
359  107 
359  350 
359  203 
359  237 
360  149 
360  74 
360  104 
360  314 
361  348 
361  105 
361  132 
361  78 
362  177 
362  306 
362  147 
362  55 
363  322 
363  177 
363  361 
363  293 
364  363 
364  243 
364  79 
364  92 
365  359 
365  149 
365  177 
365  174 
366  342 
366  327 
366  132 
366  361 
367  341 
367  201 
367  292 
367  105 
368  4 
368  149 
368  152 
368  352 
369  150 
369  152 
369  38 
369  271 
74  201 
74  205 
74  207 
74  208 
74  202 
74  203 
370  134 
370  1 
370  224 
370  161 
371  58 
371  272 
371  345 
371  236 
372  244 
372  103 
372  256 
372  366 
373  63 
373  107 
373  372 
373  206 
374  89 
374  37 
374  372 
374  96 
375  359 
375  38 
375  103 
375  63 
376  257 
376  63 
376  238 
376  158 
377  243 
377  218 
377  294 
377  307 
378  287 
378  28 
378  58 
378  143 
379  372 
379  346 
379  290 
379  287 
380  125 
380  361 
380  55 
380  189 
381  294 
381  169 
381  66 
381  62 
382  101 
382  65 
382  20 
382  249 
383  246 
383  230 
383  339 
383  373 
384  333 
384  343 
384  374 
384  145 
385  333 
385  89 
385  13 
385  357 
386  213 
386  63 
386  59 
386  222 
387  82 
387  377 
387  72 
387  106 
388  25 
388  189 
388  157 
388  360 
389  287 
389  377 
389  206 
389  382 
75  204 
75  201 
75  205 
75  207 
75  202 
75  269 
76  204 
76  201 
76  207 
76  208 
76  203 
76  269 
390  327 
390  136 
390  184 
390  17 
391  390 
391  361 
391  50 
391  329 
392  69 
392  308 
392  258 
392  185 
393  69 
393  257 
393  63 
393  46 
394  365 
394  213 
394  249 
394  335 
395  319 
395  220 
395  302 
395  64 
396  217 
396  247 
396  375 
396  348 
397  364 
397  310 
397  66 
397  59 
398  341 
398  2 
398  390 
398  51 
399  368 
399  259 
399  179 
399  149 
400  126 
400  16 
400  64 
400  363 
401  298 
401  324 
401  111 
401  365 
402  19 
402  368 
402  214 
402  239 
403  301 
403  198 
403  203 
403  241 
404  42 
404  194 
404  180 
404  324 
405  46 
405  156 
405  178 
405  154 
406  1 
406  402 
406  204 
406  403 
407  405 
407  180 
407  11 
407  320 
408  266 
408  161 
408  399 
408  225 
409  395 
409  198 
409  64 
409  128 
77  201 
77  205 
77  208 
77  203 
78  204 
78  205 
78  207 
78  208 
78  203 
78  269 
79  201 
79  205 
79  206 
79  208 
80  204 
80  206 
80  207 
80  208 
80  202 
80  203 
80  269 
410  263 
410  228 
410  138 
410  307 
411  239 
411  176 
411  145 
411  343 
412  268 
412  246 
412  219 
412  108 
413  250 
413  163 
413  88 
413  347 
414  135 
414  353 
414  147 
414  264 
415  31 
415  329 
415  114 
415  301 
416  63 
416  358 
416  271 
416  352 
417  108 
417  377 
417  233 
417  63 
418  185 
418  327 
418  295 
418  56 
419  347 
419  159 
419  103 
419  149 
420  148 
420  64 
420  160 
420  108 
421  352 
421  26 
421  391 
421  153 
422  335 
422  349 
422  108 
422  418 
423  149 
423  417 
423  282 
423  185 
424  14 
424  128 
424  71 
424  387 
425  290 
425  55 
425  321 
425  347 
426  14 
426  394 
426  339 
426  411 
427  209 
427  419 
427  229 
427  341 
428  26 
428  231 
428  423 
428  389 
429  301 
429  411 
429  400 
429  418 
81  204 
81  201 
81  207 
81  208 
81  203 
82  204 
82  206 
82  203 
83  206 
83  202 
83  203 
84  204 
84  205 
84  207 
84  202 
84  203 
85  204 
85  269 
430  111 
430  424 
430  257 
430  107 
431  178 
431  291 
431  237 
431  132 
432  247 
432  316 
432  103 
432  298 
433  238 
433  385 
433  38 
433  115 
434  93 
434  165 
434  22 
434  390 
435  9 
435  169 
435  367 
435  270 
436  39 
436  376 
436  322 
436  71 
437  95 
437  432 
437  296 
437  50 
438  403 
438  305 
438  66 
438  185 
439  278 
439  260 
439  434 
439  310 
440  160 
440  210 
440  26 
440  382 
441  31 
441  158 
441  160 
441  165 
442  236 
442  264 
442  154 
442  8 
443  405 
443  238 
443  235 
443  243 
444  392 
444  92 
444  326 
444  172 
445  405 
445  235 
445  366 
445  145 
446  190 
446  69 
446  104 
446  221 
447  336 
447  210 
447  443 
447  141 
448  322 
448  385 
448  444 
448  312 
449  147 
449  130 
449  32 
449  149 
86  204 
86  201 
86  207 
86  208 
86  202 
86  269 
87  204 
87  205 
87  206 
87  207 
87  208 
88  204 
88  201 
88  205 
88  202 
88  203 
88  269 
89  204 
89  201 
89  205 
89  206 
90  204 
90  201 
90  205 
90  206 
90  207 
90  208 
90  269 
450  178 
450  9 
450  412 
450  20 
451  209 
451  223 
451  49 
451  136 
452  432 
452  155 
452  437 
452  43 
453  125 
453  283 
453  167 
453  209 
454  254 
454  444 
454  133 
454  24 
455  142 
455  293 
455  296 
455  3 
456  340 
456  313 
456  156 
456  307 
457  363 
457  365 
457  314 
457  398 
458  438 
458  151 
458  106 
458  312 
459  456 
459  341 
459  457 
459  313 
460  452 
460  430 
460  20 
460  244 
461  420 
461  268 
461  364 
461  145 
462  415 
462  147 
462  311 
462  459 
463  307 
463  28 
463  169 
463  456 
464  96 
464  337 
464  310 
464  232 
465  351 
465  238 
465  115 
465  317 
466  465 
466  238 
466  414 
466  349 
467  408 
467  16 
467  149 
467  242 
468  119 
468  395 
468  418 
468  89 
469  452 
469  126 
469  435 
469  456 
91  201 
91  206 
91  202 
91  269 
92  205 
92  202 
92  203 
470  64 
470  320 
470  219 
470  349 
471  346 
471  46 
471  152 
471  373 
472  63 
472  342 
472  419 
472  452 
473  439 
473  13 
473  333 
473  256 
474  109 
474  447 
474  110 
474  129 
475  259 
475  262 
475  293 
475  11 
476  376 
476  7 
476  310 
476  259 
477  437 
477  410 
477  206 
477  384 
478  143 
478  208 
478  251 
478  234 
479  202 
479  416 
479  352 
479  453 
480  185 
480  63 
480  465 
480  217 
481  384 
481  43 
481  23 
481  368 
482  278 
482  397 
482  62 
482  106 
483  234 
483  384 
483  153 
483  419 
484  333 
484  417 
484  50 
484  25 
485  10 
485  124 
485  133 
485  2 
486  220 
486  402 
486  67 
486  188 
487  380 
487  17 
487  124 
487  296 
488  50 
488  477 
488  313 
488  133 
489  333 
489  146 
489  213 
489  130 
93  204 
93  201 
93  206 
93  208 
93  203 
93  269 
94  204 
94  201 
94  206 
94  207 
94  208 
94  203 
94  269 
95  205 
95  207 
95  202 
95  269 
490  451 
490  224 
490  223 
490  258 
491  399 
491  201 
491  252 
491  311 
492  31 
492  156 
492  102 
492  155 
493  104 
493  69 
493  37 
493  415 
494  179 
494  389 
494  220 
494  432 
495  488 
495  217 
495  93 
495  105 
496  389 
496  253 
496  11 
496  335 
497  295 
497  396 
497  456 
497  90 
498  24 
498  409 
498  497 
498  18 
499  211 
499  65 
499  422 
499  104 
500  291 
500  497 
500  2 
500  41 
501  446 
501  493 
501  263 
501  28 
502  496 
502  108 
502  191 
502  282 
503  267 
503  490 
503  61 
503  66 
504  318 
504  497 
504  188 
504  465 
505  214 
505  248 
505  401 
505  367 
506  318 
506  61 
506  494 
506  220 
507  376 
507  247 
507  53 
507  33 
508  326 
508  199 
508  179 
508  499 
509  479 
509  327 
509  472 
509  320 
96  207 
97  204 
97  207 
97  202 
97  203 
98  204 
98  201 
98  208 
98  203 
98  269 
99  204 
99  201 
99  205 
99  206 
99  207 
99  269 
510  67 
510  336 
510  189 
510  15 
511  22 
511  322 
511  316 
511  314 
512  406 
512  247 
512  423 
512  190 
513  190 
513  156 
513  341 
513  251 
514  92 
514  77 
514  490 
514  16 
515  351 
515  510 
515  504 
515  271 
516  207 
516  395 
516  477 
516  364 
517  309 
517  212 
517  50 
517  281 
518  402 
518  209 
518  158 
518  21 
519  361 
519  230 
519  279 
519  341 
520  334 
520  20 
520  413 
520  27 
521  518 
521  511 
521  160 
521  100 
522  250 
522  15 
522  194 
522  257 
523  487 
523  3 
523  195 
523  67 
524  204 
524  344 
524  488 
524  60 
525  341 
525  101 
525  9 
525  170 
526  412 
526  106 
526  426 
526  510 
527  379 
527  450 
527  160 
527  127 
528  121 
528  524 
528  170 
528  156 
529  19 
529  419 
529  311 
529  49 
100  201 
100  205 
100  206 
101  204 
101  201 
101  205 
101  206 
101  207 
101  202 
101  203 
102  205 
102  207 
102  208 
102  202 
102  203 
102  269 
1  530 
3  530 
5  530 
9  530 
14  530 
15  530 
16  530 
17  530 
19  530 
20  530 
23  530 
25  530 
26  530 
27  530 
28  530 
29  530 
32  530 
33  530 
35  530 
42  530 
43  530 
44  530 
45  530 
46  530 
47  530 
51  530 
53  530 
54  530 
55  530 
56  530 
57  530 
58  530 
62  530 
66  530 
67  530 
70  530 
71  530 
73  530 
74  530 
76  530 
78  530 
79  530 
81  530 
82  530 
83  530 
84  530 
85  530 
86  530 
87  530 
90  530 
91  530 
94  530 
95  530 
98  530 
99  530 
100  530 
101  530 
102  530 
207  204 
269  206 
269  208 
269  202 
530  204 
530  203 
530  269 
531  66 
531  231 
531  384 
531  67 
532  368 
532  324 
532  89 
532  470 
533  424 
533  197 
533  382 
533  61 
534  221 
534  407 
534  194 
534  503 
535  42 
535  360 
535  228 
535  49 
536  134 
536  389 
536  97 
536  280 
537  271 
537  387 
537  99 
537  316 
538  329 
538  119 
538  1 
538  231 
539  14 
539  10 
539  332 
539  422 
540  314 
540  46 
540  471 
540  321 
541  537 
541  198 
541  536 
541  533 
542  386 
542  10 
542  428 
542  251 
543  403 
543  531 
543  472 
543  147 
544  148 
544  480 
544  422 
544  167 
545  411 
545  469 
545  11 
545  318 
546  479 
546  64 
546  258 
546  83 
547  531 
547  462 
547  270 
547  347 
548  223 
548  419 
548  163 
548  162 
549  392 
549  83 
549  136 
549  532 
550  385 
550  382 
550  85 
550  288 
 

