1  2 
1  3 
1  4 
1  5 
1  6 
1  7 
1  8 
1  9 
1  10 
2  3 
2  4 
2  5 
2  6 
2  7 
2  8 
2  9 
2  10 
3  4 
3  5 
3  6 
3  7 
3  8 
3  9 
3  10 
4  5 
4  6 
4  7 
4  8 
4  9 
4  10 
5  6 
5  7 
5  8 
5  9 
5  10 
6  7 
6  8 
6  9 
6  10 
7  8 
7  9 
7  10 
8  9 
8  10 
9  10 
11  4 
11  1 
11  10 
11  2 
12  8 
12  2 
12  6 
12  3 
13  9 
13  2 
13  12 
13  8 
14  12 
14  5 
14  6 
14  11 
15  9 
15  5 
15  11 
15  1 
16  2 
16  1 
16  7 
16  3 
17  7 
17  1 
17  9 
17  4 
18  16 
18  7 
18  3 
18  6 
19  13 
19  9 
19  15 
19  5 
20  9 
20  16 
20  10 
20  4 
21  6 
21  10 
21  1 
21  2 
22  21 
22  13 
22  10 
22  6 
23  13 
23  9 
23  5 
23  8 
24  21 
24  13 
24  1 
24  8 
25  17 
25  24 
25  23 
25  2 
26  19 
26  4 
26  14 
26  10 
27  19 
27  10 
27  16 
27  5 
28  1 
28  6 
28  16 
28  14 
29  3 
29  18 
29  1 
29  6 
30  17 
30  27 
30  15 
30  6 
31  2 
31  7 
31  10 
31  3 
32  8 
32  2 
32  29 
32  24 
33  12 
33  25 
33  32 
33  4 
34  29 
34  6 
34  13 
34  5 
35  22 
35  17 
35  9 
35  8 
36  7 
36  10 
36  16 
36  8 
37  3 
37  10 
37  5 
37  33 
38  34 
38  17 
38  23 
38  6 
39  12 
39  29 
39  2 
39  7 
40  8 
40  13 
40  19 
40  24 
41  6 
41  11 
41  2 
41  27 
42  16 
42  4 
42  7 
42  26 
43  2 
43  32 
43  1 
43  6 
44  10 
44  5 
44  4 
44  12 
45  4 
45  6 
45  3 
45  10 
46  24 
46  1 
46  25 
46  38 
47  46 
47  32 
47  2 
47  8 
48  31 
48  10 
48  1 
48  5 
49  7 
49  3 
49  2 
49  14 
50  47 
50  6 
50  4 
50  5 
51  16 
51  6 
51  8 
51  7 
52  21 
52  36 
52  7 
52  3 
53  32 
53  3 
53  6 
53  4 
54  36 
54  53 
54  4 
54  19 
55  2 
55  18 
55  5 
55  7 
56  8 
56  41 
56  17 
56  15 
57  33 
57  22 
57  32 
57  15 
58  4 
58  25 
58  8 
58  26 
59  4 
59  9 
59  16 
59  8 
60  6 
60  16 
60  10 
60  21 
61  53 
61  6 
61  4 
61  25 
62  48 
62  29 
62  16 
62  52 
63  32 
63  2 
63  5 
63  36 
64  25 
64  1 
64  24 
64  20 
65  9 
65  16 
65  13 
65  25 
66  17 
66  27 
66  2 
66  12 
67  15 
67  22 
67  40 
67  33 
68  13 
68  30 
68  39 
68  7 
69  16 
69  3 
69  32 
69  37 
70  29 
70  7 
70  17 
70  62 
71  3 
71  4 
71  1 
71  5 
72  4 
72  40 
72  10 
72  64 
73  64 
73  9 
73  8 
73  16 
74  70 
74  5 
74  3 
74  72 
75  9 
75  53 
75  15 
75  36 
76  18 
76  66 
76  25 
76  10 
77  44 
77  23 
77  1 
77  39 
78  8 
78  9 
78  36 
78  64 
79  8 
79  70 
79  32 
79  10 
80  19 
80  75 
80  73 
80  6 
81  4 
81  64 
81  7 
81  9 
82  15 
82  21 
82  2 
82  34 
83  26 
83  3 
83  40 
83  24 
84  7 
84  42 
84  61 
84  2 
85  17 
85  13 
85  6 
85  46 
86  4 
86  33 
86  60 
86  64 
87  12 
87  10 
87  13 
87  2 
88  29 
88  5 
88  40 
88  7 
89  73 
89  7 
89  80 
89  43 
90  83 
90  54 
90  20 
90  10 
91  10 
91  72 
91  19 
91  86 
92  22 
92  73 
92  44 
92  1 
93  10 
93  77 
93  20 
93  4 
94  36 
94  32 
94  26 
94  41 
95  13 
95  72 
95  82 
95  74 
96  16 
96  22 
96  21 
96  90 
97  62 
97  84 
97  19 
97  41 
98  57 
98  49 
98  60 
98  52 
99  5 
99  9 
99  64 
99  72 
100  6 
100  4 
100  8 
100  13 
101  38 
101  83 
101  15 
101  3 
102  5 
102  2 
102  13 
102  3 
103  10 
103  4 
103  22 
103  35 
104  100 
104  102 
104  4 
104  7 
105  104 
105  48 
105  4 
105  2 
106  94 
106  3 
106  51 
106  4 
107  10 
107  73 
107  65 
107  12 
108  2 
108  67 
108  3 
108  18 
109  25 
109  75 
109  22 
109  48 
110  75 
110  36 
110  88 
110  1 
111  16 
111  9 
111  109 
111  40 
112  5 
112  13 
112  42 
112  15 
113  90 
113  33 
113  65 
113  25 
114  9 
114  25 
114  2 
114  104 
115  8 
115  40 
115  54 
115  106 
116  106 
116  46 
116  30 
116  25 
117  98 
117  20 
117  36 
117  105 
118  39 
118  22 
118  1 
118  5 
119  36 
119  13 
119  16 
119  64 
120  10 
120  57 
120  20 
120  112 
121  18 
121  80 
121  10 
121  50 
122  46 
122  3 
122  33 
122  66 
123  55 
123  11 
123  108 
123  2 
124  16 
124  20 
124  60 
124  108 
125  23 
125  110 
125  52 
125  26 
126  13 
126  124 
126  38 
126  20 
127  28 
127  88 
127  11 
127  9 
128  45 
128  32 
128  10 
128  105 
129  28 
129  4 
129  13 
129  10 
130  118 
130  3 
130  127 
130  100 
131  37 
131  52 
131  22 
131  3 
132  54 
132  112 
132  51 
132  27 
133  7 
133  9 
133  16 
133  27 
134  85 
134  99 
134  70 
134  13 
135  133 
135  37 
135  128 
135  107 
136  10 
136  88 
136  72 
136  104 
137  16 
137  38 
137  92 
137  93 
138  34 
138  136 
138  25 
138  22 
139  106 
139  14 
139  33 
139  17 
140  123 
140  38 
140  88 
140  87 
141  85 
141  14 
141  20 
141  4 
142  86 
142  96 
142  22 
142  1 
143  68 
143  3 
143  73 
143  16 
144  10 
144  122 
144  93 
144  29 
145  19 
145  1 
145  77 
145  22 
146  10 
146  1 
146  65 
146  9 
147  58 
147  12 
147  32 
147  13 
148  105 
148  26 
148  92 
148  2 
149  34 
149  32 
149  63 
149  106 
150  9 
150  83 
150  3 
150  26 
151  40 
151  30 
151  32 
151  36 
152  135 
152  38 
152  83 
152  88 
153  94 
153  112 
153  1 
153  28 
154  3 
154  8 
154  40 
154  101 
155  10 
155  38 
155  24 
155  27 
156  149 
156  8 
156  29 
156  138 
157  14 
157  32 
157  109 
157  3 
158  99 
158  5 
158  24 
158  60 
159  60 
159  137 
159  35 
159  68 
160  135 
160  152 
160  159 
160  144 
161  154 
161  32 
161  31 
161  54 
162  98 
162  12 
162  1 
162  143 
163  4 
163  70 
163  130 
163  50 
164  148 
164  16 
164  5 
164  60 
165  16 
165  24 
165  20 
165  3 
166  29 
166  37 
166  4 
166  12 
167  150 
167  12 
167  47 
167  8 
168  87 
168  32 
168  73 
168  12 
169  64 
169  4 
169  90 
169  135 
170  114 
170  79 
170  3 
170  32 
171  102 
171  68 
171  1 
171  64 
172  151 
172  72 
172  67 
172  74 
173  117 
173  106 
173  121 
173  16 
174  27 
174  1 
174  50 
174  142 
175  86 
175  36 
175  164 
175  126 
176  8 
176  97 
176  21 
176  4 
177  32 
177  11 
177  2 
177  37 
178  26 
178  85 
178  100 
178  90 
179  1 
179  93 
179  52 
179  118 
180  20 
180  90 
180  73 
180  16 
181  18 
181  124 
181  150 
181  87 
182  98 
182  25 
182  17 
182  7 
183  78 
183  3 
183  4 
183  10 
184  34 
184  45 
184  76 
184  35 
185  79 
185  17 
185  73 
185  95 
186  94 
186  40 
186  57 
186  77 
187  13 
187  32 
187  149 
187  104 
188  96 
188  1 
188  186 
188  3 
189  154 
189  132 
189  16 
189  123 
190  109 
190  4 
190  14 
190  25 
191  42 
191  5 
191  65 
191  109 
192  111 
192  103 
192  50 
192  105 
193  16 
193  160 
193  4 
193  92 
194  79 
194  81 
194  172 
194  152 
195  185 
195  57 
195  5 
195  47 
196  3 
196  21 
196  137 
196  50 
197  13 
197  171 
197  30 
197  60 
198  148 
198  86 
198  163 
198  161 
199  2 
199  150 
199  22 
199  83 
200  1 
200  176 
200  32 
200  179 
1  201 
1  202 
1  203 
2  201 
2  204 
2  205 
3  203 
3  206 
4  207 
4  204 
4  203 
4  206 
4  208 
5  201 
5  204 
5  202 
5  205 
5  208 
6  207 
6  201 
6  204 
6  206 
7  207 
7  204 
7  202 
7  203 
7  206 
8  204 
8  202 
8  205 
8  206 
9  204 
9  202 
9  203 
9  205 
9  208 
10  207 
10  201 
10  202 
10  203 
10  205 
11  201 
11  202 
11  203 
11  205 
11  208 
12  201 
12  202 
12  203 
12  206 
13  201 
13  204 
13  203 
13  206 
13  208 
14  207 
14  201 
14  202 
14  205 
14  206 
15  201 
15  204 
15  202 
15  203 
15  206 
16  201 
16  204 
16  202 
16  205 
16  206 
17  207 
17  201 
17  203 
17  206 
18  201 
18  204 
18  205 
18  206 
19  207 
19  203 
19  206 
20  204 
20  202 
20  203 
207  201 
201  204 
204  202 
202  203 
203  205 
205  206 
206  208 
207  204 
207  202 
207  205 
207  206 
201  205 
202  205 
202  206 
203  207 
205  204 
206  204 
206  203 
208  207 
208  201 
208  204 
208  202 
208  205 
209  56 
209  203 
209  39 
209  45 
210  19 
210  22 
210  188 
210  154 
211  138 
211  149 
211  107 
211  80 
212  156 
212  5 
212  211 
212  185 
213  14 
213  46 
213  133 
213  139 
214  53 
214  33 
214  60 
214  87 
215  18 
215  70 
215  212 
215  6 
216  189 
216  209 
216  22 
216  102 
217  144 
217  162 
217  157 
217  209 
218  5 
218  169 
218  207 
218  51 
219  204 
219  157 
219  198 
219  169 
220  209 
220  12 
220  146 
220  204 
221  162 
221  13 
221  105 
221  54 
222  220 
222  118 
222  185 
222  214 
223  116 
223  67 
223  17 
223  137 
224  132 
224  100 
224  210 
224  144 
225  170 
225  137 
225  162 
225  55 
226  144 
226  124 
226  162 
226  87 
227  169 
227  222 
227  211 
227  180 
228  212 
228  129 
228  216 
228  12 
229  168 
229  205 
229  215 
229  144 
230  110 
230  3 
230  188 
230  133 
231  129 
231  21 
231  207 
231  15 
232  218 
232  154 
232  216 
232  33 
233  22 
233  208 
233  44 
233  211 
234  77 
234  198 
234  150 
234  210 
235  213 
235  157 
235  230 
235  27 
236  152 
236  210 
236  233 
236  213 
237  12 
237  191 
237  234 
237  146 
238  13 
238  107 
238  205 
238  72 
239  100 
239  134 
239  168 
239  85 
240  86 
240  230 
240  238 
240  233 
241  6 
241  226 
241  219 
241  135 
242  133 
242  212 
242  209 
242  231 
243  240 
243  139 
243  199 
243  163 
244  5 
244  217 
244  9 
244  183 
245  45 
245  137 
245  54 
245  226 
246  118 
246  205 
246  238 
246  55 
247  113 
247  152 
247  18 
247  209 
248  53 
248  212 
248  46 
248  33 
249  84 
249  21 
249  219 
249  150 
250  5 
250  191 
250  205 
250  176 
251  222 
251  235 
251  231 
251  225 
252  60 
252  229 
252  248 
252  163 
253  44 
253  94 
253  107 
253  74 
254  174 
254  60 
254  21 
254  179 
255  232 
255  71 
255  5 
255  222 
256  9 
256  129 
256  117 
256  5 
257  229 
257  228 
257  217 
257  144 
258  154 
258  252 
258  211 
258  215 
 

