1  2 
1  3 
1  4 
1  5 
1  6 
1  7 
1  8 
1  9 
1  10 
2  3 
2  4 
2  5 
2  6 
2  7 
2  8 
2  9 
2  10 
3  4 
3  5 
3  6 
3  7 
3  8 
3  9 
3  10 
4  5 
4  6 
4  7 
4  8 
4  9 
4  10 
5  6 
5  7 
5  8 
5  9 
5  10 
6  7 
6  8 
6  9 
6  10 
7  8 
7  9 
7  10 
8  9 
8  10 
9  10 
11  5 
11  2 
11  9 
11  1 
12  8 
12  5 
12  1 
12  11 
13  10 
13  11 
13  4 
13  9 
14  5 
14  8 
14  10 
14  4 
15  2 
15  9 
15  4 
15  8 
16  15 
16  9 
16  6 
16  2 
17  3 
17  8 
17  5 
17  10 
18  14 
18  6 
18  1 
18  11 
19  9 
19  2 
19  7 
19  5 
20  5 
20  2 
20  6 
20  19 
21  6 
21  15 
21  2 
21  3 
22  5 
22  16 
22  1 
22  15 
23  3 
23  1 
23  7 
23  2 
24  3 
24  5 
24  22 
24  6 
25  17 
25  18 
25  8 
25  3 
26  24 
26  4 
26  1 
26  5 
27  9 
27  1 
27  10 
27  4 
28  17 
28  12 
28  26 
28  8 
29  11 
29  9 
29  2 
29  6 
30  2 
30  4 
30  21 
30  3 
31  3 
31  12 
31  22 
31  16 
32  25 
32  18 
32  19 
32  8 
33  9 
33  4 
33  3 
33  26 
34  2 
34  9 
34  28 
34  13 
35  2 
35  26 
35  10 
35  1 
36  17 
36  15 
36  5 
36  18 
37  7 
37  15 
37  21 
37  5 
38  25 
38  26 
38  14 
38  16 
39  4 
39  20 
39  33 
39  34 
40  38 
40  6 
40  5 
40  18 
41  2 
41  5 
41  12 
41  25 
42  7 
42  22 
42  36 
42  15 
43  1 
43  8 
43  5 
43  13 
44  19 
44  34 
44  22 
44  41 
45  34 
45  15 
45  44 
45  6 
46  3 
46  5 
46  42 
46  1 
47  34 
47  21 
47  5 
47  40 
48  4 
48  8 
48  17 
48  21 
49  8 
49  40 
49  18 
49  1 
50  5 
50  2 
50  3 
50  1 
51  22 
51  8 
51  21 
51  6 
52  26 
52  2 
52  3 
52  22 
53  4 
53  3 
53  8 
53  25 
54  8 
54  26 
54  40 
54  9 
55  48 
55  39 
55  5 
55  1 
56  8 
56  12 
56  44 
56  5 
57  7 
57  5 
57  43 
57  33 
58  52 
58  26 
58  8 
58  15 
59  46 
59  44 
59  22 
59  4 
60  27 
60  26 
60  18 
60  8 
61  58 
61  9 
61  3 
61  15 
62  6 
62  15 
62  36 
62  13 
63  16 
63  8 
63  29 
63  4 
64  8 
64  4 
64  3 
64  43 
65  10 
65  44 
65  63 
65  59 
66  3 
66  35 
66  49 
66  61 
67  51 
67  16 
67  33 
67  8 
68  66 
68  16 
68  46 
68  8 
69  1 
69  46 
69  2 
69  34 
70  38 
70  44 
70  32 
70  34 
71  8 
71  6 
71  36 
71  1 
72  67 
72  4 
72  38 
72  27 
73  56 
73  5 
73  25 
73  1 
74  72 
74  11 
74  3 
74  38 
75  12 
75  3 
75  2 
75  9 
76  7 
76  4 
76  37 
76  44 
77  13 
77  45 
77  62 
77  55 
78  10 
78  1 
78  23 
78  54 
79  4 
79  43 
79  29 
79  1 
80  56 
80  58 
80  8 
80  55 
81  6 
81  51 
81  43 
81  58 
82  18 
82  21 
82  3 
82  5 
83  1 
83  2 
83  4 
83  39 
84  2 
84  33 
84  4 
84  79 
85  3 
85  18 
85  68 
85  32 
86  1 
86  4 
86  9 
86  3 
87  36 
87  46 
87  59 
87  5 
88  3 
88  72 
88  15 
88  10 
89  2 
89  21 
89  45 
89  29 
90  44 
90  43 
90  67 
90  34 
91  5 
91  3 
91  16 
91  2 
92  86 
92  37 
92  57 
92  5 
93  42 
93  61 
93  9 
93  10 
94  53 
94  38 
94  1 
94  24 
95  8 
95  67 
95  4 
95  7 
96  11 
96  16 
96  37 
96  40 
97  9 
97  46 
97  2 
97  5 
98  90 
98  1 
98  6 
98  14 
99  14 
99  18 
99  88 
99  80 
100  1 
100  37 
100  12 
100  71 
101  26 
101  5 
101  37 
101  98 
102  68 
102  75 
102  67 
102  11 
103  3 
103  84 
103  74 
103  1 
104  33 
104  74 
104  6 
104  5 
105  18 
105  2 
105  85 
105  72 
106  1 
106  58 
106  5 
106  20 
107  67 
107  16 
107  13 
107  1 
108  51 
108  5 
108  28 
108  2 
109  87 
109  25 
109  79 
109  74 
110  93 
110  82 
110  18 
110  80 
111  5 
111  108 
111  1 
111  109 
112  2 
112  16 
112  22 
112  72 
113  15 
113  13 
113  78 
113  105 
114  3 
114  22 
114  110 
114  109 
115  37 
115  19 
115  15 
115  54 
116  7 
116  2 
116  38 
116  75 
117  1 
117  20 
117  105 
117  15 
118  59 
118  19 
118  1 
118  37 
119  44 
119  1 
119  36 
119  24 
120  6 
120  109 
120  110 
120  80 
121  68 
121  10 
121  78 
121  106 
122  3 
122  11 
122  49 
122  6 
123  105 
123  78 
123  6 
123  104 
124  104 
124  15 
124  55 
124  5 
125  7 
125  8 
125  12 
125  1 
126  5 
126  88 
126  1 
126  7 
127  32 
127  7 
127  2 
127  105 
128  11 
128  36 
128  126 
128  10 
129  10 
129  27 
129  8 
129  126 
130  32 
130  79 
130  102 
130  22 
131  4 
131  78 
131  10 
131  62 
132  65 
132  42 
132  1 
132  116 
133  67 
133  8 
133  17 
133  44 
134  32 
134  124 
134  97 
134  73 
135  55 
135  10 
135  110 
135  115 
136  41 
136  57 
136  8 
136  21 
137  130 
137  126 
137  15 
137  69 
138  4 
138  6 
138  93 
138  10 
139  16 
139  80 
139  25 
139  15 
140  138 
140  9 
140  1 
140  34 
141  133 
141  85 
141  75 
141  140 
142  2 
142  99 
142  51 
142  125 
143  86 
143  48 
143  15 
143  2 
144  1 
144  7 
144  6 
144  62 
145  5 
145  4 
145  124 
145  9 
146  45 
146  26 
146  63 
146  5 
147  3 
147  136 
147  100 
147  139 
148  3 
148  22 
148  112 
148  89 
149  93 
149  5 
149  4 
149  38 
150  139 
150  19 
150  55 
150  130 
151  106 
151  100 
151  36 
151  30 
152  19 
152  134 
152  8 
152  2 
153  52 
153  41 
153  50 
153  3 
154  6 
154  35 
154  103 
154  4 
155  25 
155  44 
155  89 
155  5 
156  50 
156  5 
156  72 
156  20 
157  100 
157  34 
157  69 
157  78 
158  35 
158  45 
158  90 
158  41 
159  133 
159  24 
159  96 
159  7 
160  74 
160  132 
160  2 
160  93 
161  43 
161  5 
161  98 
161  124 
162  15 
162  2 
162  6 
162  18 
163  120 
163  137 
163  19 
163  4 
164  61 
164  55 
164  99 
164  88 
165  10 
165  7 
165  82 
165  22 
166  155 
166  34 
166  160 
166  5 
167  71 
167  70 
167  46 
167  1 
168  6 
168  85 
168  161 
168  68 
169  102 
169  7 
169  130 
169  68 
170  79 
170  32 
170  18 
170  60 
171  169 
171  11 
171  14 
171  126 
172  39 
172  8 
172  16 
172  2 
173  26 
173  84 
173  97 
173  3 
174  46 
174  156 
174  15 
174  90 
175  1 
175  22 
175  125 
175  12 
176  38 
176  89 
176  2 
176  172 
177  86 
177  5 
177  75 
177  26 
178  117 
178  2 
178  39 
178  12 
179  38 
179  10 
179  5 
179  8 
180  156 
180  4 
180  55 
180  5 
181  58 
181  8 
181  3 
181  2 
182  123 
182  104 
182  8 
182  11 
183  8 
183  7 
183  6 
183  46 
184  34 
184  101 
184  22 
184  155 
185  18 
185  155 
185  129 
185  55 
186  77 
186  146 
186  178 
186  165 
187  1 
187  184 
187  2 
187  94 
188  81 
188  87 
188  93 
188  7 
189  91 
189  148 
189  51 
189  149 
190  10 
190  44 
190  94 
190  74 
191  59 
191  3 
191  91 
191  15 
192  147 
192  13 
192  1 
192  7 
193  76 
193  1 
193  115 
193  105 
194  51 
194  22 
194  78 
194  2 
195  189 
195  12 
195  7 
195  45 
196  39 
196  195 
196  182 
196  25 
197  135 
197  9 
197  89 
197  95 
198  36 
198  14 
198  118 
198  1 
199  193 
199  1 
199  5 
199  177 
200  151 
200  63 
200  47 
200  5 
1  201 
1  202 
2  203 
2  204 
2  205 
2  201 
2  206 
2  202 
2  207 
3  205 
3  207 
4  205 
4  206 
4  202 
4  207 
5  203 
5  205 
6  203 
6  205 
6  201 
6  206 
6  207 
7  202 
7  207 
8  208 
8  203 
8  204 
8  201 
8  206 
8  207 
9  203 
9  205 
9  201 
9  206 
9  202 
10  205 
10  201 
10  202 
11  208 
11  203 
11  206 
11  202 
11  207 
12  203 
12  204 
12  201 
12  206 
12  202 
12  207 
13  204 
13  206 
13  202 
14  208 
14  203 
14  204 
14  205 
14  202 
15  203 
15  204 
15  207 
16  203 
16  201 
16  206 
16  207 
17  208 
18  203 
18  204 
18  205 
18  201 
18  206 
19  203 
19  205 
19  206 
19  202 
20  208 
20  204 
20  206 
21  203 
21  206 
21  202 
22  208 
22  203 
22  204 
22  201 
22  206 
23  208 
23  203 
23  205 
23  207 
24  208 
24  204 
24  201 
24  206 
25  204 
25  205 
25  206 
25  207 
26  208 
26  205 
26  201 
26  206 
26  202 
27  204 
27  206 
28  208 
28  204 
28  205 
29  208 
29  204 
29  201 
29  207 
30  201 
30  206 
30  202 
30  207 
31  208 
31  203 
31  205 
31  201 
31  206 
32  208 
32  204 
32  202 
33  203 
33  201 
34  208 
34  203 
34  205 
34  201 
34  202 
34  207 
35  203 
35  205 
35  201 
35  206 
35  202 
35  207 
36  203 
36  204 
36  205 
36  201 
37  208 
37  205 
37  201 
37  202 
37  207 
38  204 
38  205 
38  201 
38  206 
39  203 
39  205 
39  201 
39  207 
40  204 
40  201 
40  206 
40  207 
41  208 
41  204 
41  201 
41  202 
41  207 
42  208 
42  203 
42  204 
42  205 
42  201 
42  207 
43  204 
44  203 
44  204 
44  205 
44  202 
44  207 
45  208 
45  206 
45  202 
45  207 
46  203 
46  205 
46  207 
47  207 
48  208 
48  203 
48  204 
48  207 
49  205 
49  201 
49  206 
50  204 
50  205 
50  201 
50  206 
50  202 
50  207 
208  203 
203  204 
204  205 
205  201 
201  206 
206  202 
202  207 
208  204 
208  206 
203  205 
203  201 
203  206 
203  202 
205  208 
205  202 
201  208 
201  202 
206  205 
202  208 
202  204 
207  208 
207  203 
207  204 
207  205 
207  201 
51  208 
51  206 
52  204 
52  205 
52  201 
52  206 
52  207 
53  208 
53  203 
53  204 
53  201 
53  206 
53  202 
53  207 
54  208 
54  204 
54  201 
209  151 
209  39 
209  45 
209  153 
210  47 
210  192 
210  69 
210  139 
211  69 
211  164 
211  94 
211  44 
212  96 
212  207 
212  42 
212  130 
213  75 
213  130 
213  73 
213  121 
214  130 
214  44 
214  56 
214  108 
215  86 
215  90 
215  79 
215  88 
216  124 
216  148 
216  170 
216  118 
217  154 
217  73 
217  26 
217  84 
218  35 
218  84 
218  4 
218  204 
219  211 
219  187 
219  195 
219  55 
220  148 
220  46 
220  9 
220  120 
221  48 
221  24 
221  23 
221  209 
222  152 
222  45 
222  141 
222  220 
223  80 
223  126 
223  195 
223  221 
224  127 
224  76 
224  62 
224  112 
225  202 
225  179 
225  9 
225  145 
226  195 
226  152 
226  96 
226  211 
227  222 
227  79 
227  124 
227  195 
228  227 
228  1 
228  121 
228  149 
55  208 
55  205 
55  202 
56  208 
56  203 
56  202 
57  208 
57  201 
57  207 
229  141 
229  185 
229  52 
229  27 
230  173 
230  81 
230  181 
230  197 
231  162 
231  177 
231  33 
231  191 
232  16 
232  215 
232  178 
232  212 
233  98 
233  229 
233  74 
233  129 
234  127 
234  20 
234  108 
234  89 
235  227 
235  46 
235  165 
235  216 
236  31 
236  74 
236  36 
236  230 
237  85 
237  214 
237  228 
237  9 
238  91 
238  130 
238  8 
238  231 
239  155 
239  92 
239  70 
239  132 
240  228 
240  222 
240  99 
240  126 
241  92 
241  61 
241  234 
241  91 
242  103 
242  33 
242  84 
242  47 
243  28 
243  78 
243  94 
243  24 
244  225 
244  32 
244  22 
244  104 
245  223 
245  9 
245  22 
245  185 
246  244 
246  61 
246  13 
246  57 
247  216 
247  164 
247  52 
247  246 
248  246 
248  157 
248  72 
248  132 
58  203 
58  204 
58  205 
58  207 
59  208 
59  203 
59  204 
59  206 
59  202 
60  208 
60  203 
60  204 
60  205 
60  206 
60  202 
61  201 
61  202 
61  207 
249  2 
249  85 
249  140 
249  105 
250  77 
250  212 
250  243 
250  6 
251  181 
251  249 
251  208 
251  159 
252  121 
252  78 
252  249 
252  165 
253  108 
253  141 
253  74 
253  249 
254  1 
254  196 
254  237 
254  222 
255  249 
255  220 
255  46 
255  16 
256  227 
256  34 
256  164 
256  79 
257  96 
257  33 
257  172 
257  252 
258  213 
258  96 
258  69 
258  143 
259  32 
259  205 
259  40 
259  8 
260  142 
260  216 
260  195 
260  68 
261  49 
261  192 
261  144 
261  237 
262  90 
262  164 
262  249 
262  147 
263  180 
263  179 
263  92 
263  192 
264  252 
264  261 
264  255 
264  32 
265  255 
265  172 
265  258 
265  194 
266  164 
266  260 
266  249 
266  257 
267  12 
267  249 
267  15 
267  93 
268  233 
268  237 
268  82 
268  238 
62  208 
62  205 
62  207 
63  208 
63  204 
63  205 
63  202 
64  208 
64  206 
64  202 
65  208 
65  203 
65  204 
65  205 
65  201 
65  206 
65  207 
6  269 
7  269 
8  269 
9  269 
12  269 
18  269 
24  269 
27  269 
28  269 
34  269 
35  269 
39  269 
40  269 
41  269 
42  269 
43  269 
51  269 
52  269 
53  269 
54  269 
58  269 
59  269 
60  269 
63  269 
64  269 
65  269 
204  201 
206  204 
207  206 
269  208 
269  204 
269  206 
269  202 
269  207 
270  137 
270  232 
270  243 
270  239 
271  97 
271  38 
271  42 
271  72 
272  271 
272  175 
272  102 
272  170 
273  229 
273  220 
273  20 
273  242 
274  126 
274  158 
274  32 
274  270 
275  106 
275  141 
275  175 
275  144 
276  208 
276  206 
276  120 
276  273 
277  275 
277  273 
277  106 
277  46 
278  73 
278  243 
278  174 
278  13 
279  236 
279  35 
279  278 
279  226 
280  229 
280  206 
280  124 
280  275 
281  10 
281  184 
281  231 
281  157 
282  6 
282  222 
282  59 
282  78 
283  172 
283  123 
283  104 
283  43 
284  196 
284  50 
284  213 
284  166 
285  2 
285  188 
285  275 
285  67 
286  275 
286  210 
286  250 
286  185 
287  275 
287  107 
287  100 
287  98 
288  111 
288  27 
288  141 
288  52 
289  35 
289  275 
289  101 
289  39 
66  207 
66  269 
67  208 
67  204 
67  206 
67  207 
290  146 
290  127 
290  209 
290  91 
291  169 
291  113 
291  171 
291  272 
292  167 
292  208 
292  191 
292  75 
293  246 
293  162 
293  3 
293  98 
294  125 
294  209 
294  293 
294  23 
295  248 
295  161 
295  199 
295  175 
296  199 
296  143 
296  4 
296  102 
297  39 
297  246 
297  154 
297  259 
298  27 
298  291 
298  292 
298  209 
299  21 
299  154 
299  250 
299  100 
300  118 
300  256 
300  275 
300  28 
301  42 
301  294 
301  230 
301  88 
302  107 
302  163 
302  46 
302  295 
303  277 
303  68 
303  280 
303  294 
304  104 
304  35 
304  38 
304  125 
305  304 
305  285 
305  210 
305  294 
306  84 
306  291 
306  302 
306  38 
307  171 
307  74 
307  107 
307  167 
308  264 
308  294 
308  98 
308  18 
309  300 
309  125 
309  302 
309  291 
68  208 
68  201 
68  202 
68  207 
69  203 
69  205 
69  206 
69  202 
69  207 
69  269 
70  208 
70  204 
310  291 
310  221 
310  295 
310  277 
311  203 
311  106 
311  119 
311  113 
312  258 
312  25 
312  228 
312  209 
313  284 
313  204 
313  251 
313  167 
314  283 
314  272 
314  313 
314  213 
315  98 
315  209 
315  129 
315  132 
316  142 
316  21 
316  273 
316  36 
317  225 
317  246 
317  169 
317  10 
318  24 
318  14 
318  43 
318  209 
319  205 
319  285 
319  257 
319  36 
320  276 
320  198 
320  9 
320  234 
321  144 
321  191 
321  112 
321  237 
322  10 
322  143 
322  124 
322  194 
323  171 
323  132 
323  96 
323  40 
324  208 
324  244 
324  247 
324  184 
325  287 
325  314 
325  132 
325  163 
326  249 
326  129 
326  87 
326  175 
327  324 
327  244 
327  130 
327  53 
328  285 
328  312 
328  220 
328  52 
329  328 
329  280 
329  146 
329  172 
71  208 
71  205 
71  201 
71  206 
71  202 
71  207 
71  269 
72  208 
72  203 
72  204 
72  205 
72  202 
72  207 
72  269 
330  95 
330  215 
330  193 
330  285 
331  150 
331  125 
331  102 
331  238 
332  63 
332  278 
332  207 
332  132 
333  28 
333  199 
333  318 
333  133 
334  75 
334  90 
334  94 
334  161 
335  273 
335  28 
335  259 
335  73 
336  331 
336  128 
336  289 
336  207 
337  53 
337  312 
337  278 
337  271 
338  332 
338  243 
338  289 
338  263 
339  281 
339  115 
339  264 
339  26 
340  121 
340  22 
340  255 
340  170 
341  128 
341  331 
341  92 
341  295 
342  73 
342  332 
342  335 
342  273 
343  289 
343  103 
343  313 
343  341 
344  80 
344  181 
344  171 
344  335 
345  318 
345  343 
345  283 
345  146 
346  323 
346  332 
346  267 
346  339 
347  346 
347  302 
347  104 
347  292 
348  191 
348  339 
348  140 
348  340 
349  110 
349  80 
349  63 
349  22 
73  208 
73  201 
73  206 
73  207 
73  269 
74  208 
74  203 
74  204 
74  205 
74  206 
74  207 
75  206 
350  122 
350  146 
350  181 
350  56 
351  224 
351  73 
351  254 
351  258 
352  142 
352  170 
352  322 
352  209 
353  54 
353  203 
353  168 
353  312 
354  238 
354  128 
354  307 
354  259 
355  319 
355  229 
355  225 
355  340 
356  179 
356  191 
356  156 
356  327 
357  272 
357  10 
357  228 
357  52 
358  85 
358  82 
358  95 
358  230 
359  262 
359  257 
359  196 
359  352 
360  33 
360  344 
360  354 
360  117 
361  330 
361  247 
361  57 
361  297 
362  95 
362  154 
362  272 
362  354 
363  268 
363  348 
363  119 
363  64 
364  229 
364  94 
364  36 
364  286 
365  95 
365  303 
365  14 
365  364 
366  76 
366  146 
366  48 
366  13 
367  40 
367  75 
367  184 
367  273 
368  356 
368  7 
368  125 
368  162 
369  66 
369  268 
369  367 
369  78 
76  203 
76  204 
76  202 
76  207 
77  208 
77  205 
77  202 
77  207 
78  208 
78  204 
78  201 
78  206 
78  202 
78  269 
79  205 
79  201 
79  206 
79  207 
370  46 
370  251 
370  260 
370  17 
371  67 
371  223 
371  6 
371  202 
372  76 
372  191 
372  168 
372  237 
373  370 
373  159 
373  49 
373  150 
374  281 
374  49 
374  65 
374  237 
375  342 
375  201 
375  271 
375  372 
376  191 
376  197 
376  110 
376  270 
377  270 
377  346 
377  370 
377  231 
378  375 
378  287 
378  334 
378  221 
379  257 
379  80 
379  227 
379  293 
380  75 
380  52 
380  241 
380  41 
381  165 
381  30 
381  192 
381  116 
382  352 
382  133 
382  31 
382  23 
383  109 
383  256 
383  58 
383  36 
384  40 
384  80 
384  170 
384  36 
385  380 
385  314 
385  170 
385  321 
386  247 
386  370 
386  182 
386  271 
387  140 
387  110 
387  306 
387  28 
388  144 
388  367 
388  321 
388  113 
389  158 
389  48 
389  170 
389  285 
80  208 
80  203 
80  205 
80  206 
390  292 
390  235 
390  255 
390  191 
391  322 
391  188 
391  72 
391  39 
392  112 
392  109 
392  210 
392  60 
393  270 
393  15 
393  228 
393  9 
394  313 
394  321 
394  354 
394  155 
395  108 
395  95 
395  365 
395  133 
396  353 
396  228 
396  343 
396  92 
397  103 
397  394 
397  24 
397  305 
398  173 
398  144 
398  129 
398  64 
399  183 
399  2 
399  203 
399  66 
400  95 
400  386 
400  84 
400  365 
401  181 
401  392 
401  204 
401  23 
402  82 
402  180 
402  214 
402  308 
403  90 
403  106 
403  306 
403  187 
404  109 
404  60 
404  279 
404  260 
405  103 
405  397 
405  290 
405  313 
406  193 
406  46 
406  163 
406  344 
407  66 
407  193 
407  406 
407  397 
408  309 
408  344 
408  394 
408  230 
409  53 
409  153 
409  128 
409  394 
81  208 
81  203 
81  204 
81  202 
81  269 
82  203 
82  204 
82  202 
83  203 
83  204 
83  205 
83  202 
83  269 
410  30 
410  118 
410  328 
410  295 
411  72 
411  363 
411  135 
411  216 
412  52 
412  163 
412  138 
412  240 
413  25 
413  251 
413  391 
413  84 
414  71 
414  288 
414  33 
414  36 
415  179 
415  150 
415  319 
415  283 
416  115 
416  42 
416  255 
416  412 
417  52 
417  411 
417  138 
417  251 
418  158 
418  187 
418  142 
418  247 
419  20 
419  283 
419  210 
419  228 
420  312 
420  402 
420  393 
420  259 
421  283 
421  189 
421  263 
421  417 
422  115 
422  176 
422  17 
422  337 
423  89 
423  154 
423  52 
423  281 
424  387 
424  139 
424  335 
424  309 
425  375 
425  338 
425  377 
425  283 
426  333 
426  335 
426  254 
426  75 
427  149 
427  48 
427  257 
427  346 
428  199 
428  103 
428  411 
428  100 
429  411 
429  427 
429  321 
429  399 
84  203 
84  204 
84  206 
84  207 
430  364 
430  24 
430  122 
430  409 
431  316 
431  427 
431  245 
431  261 
432  361 
432  233 
432  256 
432  229 
433  56 
433  200 
433  198 
433  379 
434  129 
434  162 
434  284 
434  116 
435  64 
435  135 
435  361 
435  129 
436  432 
436  256 
436  300 
436  164 
437  153 
437  189 
437  326 
437  287 
438  432 
438  231 
438  189 
438  272 
439  284 
439  127 
439  437 
439  101 
440  253 
440  285 
440  164 
440  34 
441  304 
441  40 
441  192 
441  437 
442  127 
442  179 
442  221 
442  215 
443  436 
443  37 
443  385 
443  442 
444  4 
444  443 
444  154 
444  375 
445  225 
445  357 
445  2 
445  435 
446  436 
446  200 
446  189 
446  179 
447  52 
447  79 
447  142 
447  192 
448  306 
448  144 
448  39 
448  357 
449  64 
449  113 
449  274 
449  144 
85  206 
85  207 
86  208 
86  204 
86  205 
86  201 
86  206 
87  203 
87  205 
87  201 
87  202 
88  208 
88  203 
88  204 
88  205 
88  201 
88  202 
89  204 
89  205 
89  206 
89  269 
450  110 
450  395 
450  375 
450  76 
451  10 
451  18 
451  328 
451  388 
452  46 
452  441 
452  406 
452  205 
453  418 
453  6 
453  417 
453  77 
454  126 
454  112 
454  343 
454  367 
455  245 
455  319 
455  56 
455  177 
456  175 
456  407 
456  367 
456  215 
457  327 
457  215 
457  425 
457  134 
458  388 
458  399 
458  411 
458  186 
459  30 
459  452 
459  90 
459  458 
460  420 
460  45 
460  146 
460  223 
461  366 
461  417 
461  314 
461  317 
462  222 
462  13 
462  38 
462  55 
463  227 
463  131 
463  205 
463  111 
464  205 
464  437 
464  215 
464  337 
465  421 
465  4 
465  444 
465  80 
466  113 
466  11 
466  421 
466  310 
467  463 
467  269 
467  363 
467  296 
468  418 
468  346 
468  317 
468  325 
469  310 
469  397 
469  103 
469  265 
90  205 
90  202 
91  208 
91  203 
91  205 
91  201 
91  206 
91  202 
91  207 
91  269 
92  204 
92  205 
92  201 
92  206 
92  207 
470  35 
470  354 
470  412 
470  97 
471  224 
471  31 
471  351 
471  162 
472  69 
472  18 
472  219 
472  470 
473  282 
473  419 
473  325 
473  389 
474  179 
474  298 
474  461 
474  218 
475  87 
475  94 
475  23 
475  341 
476  219 
476  136 
476  472 
476  49 
477  18 
477  219 
477  434 
477  31 
478  95 
478  19 
478  67 
478  172 
479  471 
479  305 
479  266 
479  232 
480  128 
480  255 
480  458 
480  476 
481  242 
481  98 
481  11 
481  243 
482  129 
482  458 
482  464 
482  471 
483  185 
483  248 
483  254 
483  80 
484  242 
484  278 
484  81 
484  21 
485  156 
485  475 
485  114 
485  49 
486  464 
486  390 
486  186 
486  143 
487  358 
487  129 
487  340 
487  188 
488  364 
488  327 
488  479 
488  324 
489  98 
489  136 
489  337 
489  217 
93  208 
93  203 
93  205 
93  202 
94  208 
94  203 
94  204 
94  205 
94  202 
94  269 
95  201 
95  202 
95  269 
96  208 
96  203 
96  201 
490  231 
490  427 
490  450 
490  141 
491  265 
491  363 
491  141 
491  473 
492  47 
492  111 
492  376 
492  460 
493  406 
493  443 
493  234 
493  396 
494  176 
494  409 
494  340 
494  113 
495  323 
495  383 
495  302 
495  31 
496  439 
496  494 
496  163 
496  382 
497  493 
497  428 
497  70 
497  350 
498  121 
498  21 
498  71 
498  409 
499  340 
499  21 
499  490 
499  79 
500  324 
500  113 
500  306 
500  150 
501  314 
501  41 
501  93 
501  445 
502  397 
502  354 
502  165 
502  476 
503  469 
503  395 
503  60 
503  502 
504  394 
504  357 
504  396 
504  210 
505  404 
505  459 
505  45 
505  229 
506  424 
506  100 
506  447 
506  283 
507  72 
507  406 
507  502 
507  18 
508  499 
508  382 
508  201 
508  425 
509  83 
509  218 
509  113 
509  117 
97  208 
97  203 
97  201 
97  206 
97  202 
98  208 
98  204 
98  205 
98  207 
99  208 
99  203 
99  204 
99  205 
99  201 
99  206 
99  202 
99  207 
100  203 
100  206 
101  201 
101  269 
510  30 
510  82 
510  175 
510  41 
511  449 
511  485 
511  342 
511  327 
512  211 
512  331 
512  123 
512  421 
513  192 
513  45 
513  25 
513  244 
514  13 
514  394 
514  488 
514  252 
515  467 
515  225 
515  459 
515  45 
516  434 
516  400 
516  450 
516  195 
517  36 
517  209 
517  456 
517  514 
518  236 
518  241 
518  84 
518  200 
519  318 
519  103 
519  468 
519  179 
520  211 
520  415 
520  368 
520  199 
521  447 
521  180 
521  49 
521  386 
522  139 
522  71 
522  348 
522  236 
523  501 
523  166 
523  356 
523  405 
524  373 
524  410 
524  101 
524  464 
525  523 
525  162 
525  315 
525  309 
526  465 
526  117 
526  64 
526  492 
527  413 
527  349 
527  522 
527  49 
528  80 
528  192 
528  259 
528  109 
529  229 
529  47 
529  85 
529  162 
 

