1  2 
1  3 
1  4 
1  5 
1  6 
1  7 
1  8 
1  9 
1  10 
2  3 
2  4 
2  5 
2  6 
2  7 
2  8 
2  9 
2  10 
3  4 
3  5 
3  6 
3  7 
3  8 
3  9 
3  10 
4  5 
4  6 
4  7 
4  8 
4  9 
4  10 
5  6 
5  7 
5  8 
5  9 
5  10 
6  7 
6  8 
6  9 
6  10 
7  8 
7  9 
7  10 
8  9 
8  10 
9  10 
11  4 
11  1 
11  10 
11  2 
12  8 
12  2 
12  6 
12  3 
13  9 
13  2 
13  12 
13  8 
14  12 
14  5 
14  6 
14  11 
15  9 
15  5 
15  11 
15  1 
16  2 
16  1 
16  7 
16  3 
17  7 
17  1 
17  9 
17  4 
18  16 
18  7 
18  3 
18  6 
19  13 
19  9 
19  15 
19  5 
20  9 
20  16 
20  10 
20  4 
21  6 
21  10 
21  1 
21  2 
22  21 
22  13 
22  10 
22  6 
23  13 
23  9 
23  5 
23  8 
24  21 
24  13 
24  1 
24  8 
25  17 
25  24 
25  23 
25  2 
26  19 
26  4 
26  14 
26  10 
27  19 
27  10 
27  16 
27  5 
28  1 
28  6 
28  16 
28  14 
29  3 
29  18 
29  1 
29  6 
30  17 
30  27 
30  15 
30  6 
31  2 
31  7 
31  10 
31  3 
32  8 
32  2 
32  29 
32  24 
33  12 
33  25 
33  32 
33  4 
34  29 
34  6 
34  13 
34  5 
35  22 
35  17 
35  9 
35  8 
36  7 
36  10 
36  16 
36  8 
37  3 
37  10 
37  5 
37  33 
38  34 
38  17 
38  23 
38  6 
39  12 
39  29 
39  2 
39  7 
40  8 
40  13 
40  19 
40  24 
41  6 
41  11 
41  2 
41  27 
42  16 
42  4 
42  7 
42  26 
43  2 
43  32 
43  1 
43  6 
44  10 
44  5 
44  4 
44  12 
45  4 
45  6 
45  3 
45  10 
46  24 
46  1 
46  25 
46  38 
47  46 
47  32 
47  2 
47  8 
48  31 
48  10 
48  1 
48  5 
49  7 
49  3 
49  2 
49  14 
50  47 
50  6 
50  4 
50  5 
51  16 
51  6 
51  8 
51  7 
52  21 
52  36 
52  7 
52  3 
53  32 
53  3 
53  6 
53  4 
54  36 
54  53 
54  4 
54  19 
55  2 
55  18 
55  5 
55  7 
56  8 
56  41 
56  17 
56  15 
57  33 
57  22 
57  32 
57  15 
58  4 
58  25 
58  8 
58  26 
59  4 
59  9 
59  16 
59  8 
60  6 
60  16 
60  10 
60  21 
61  53 
61  6 
61  4 
61  25 
62  48 
62  29 
62  16 
62  52 
63  32 
63  2 
63  5 
63  36 
64  25 
64  1 
64  24 
64  20 
65  9 
65  16 
65  13 
65  25 
66  17 
66  27 
66  2 
66  12 
67  15 
67  22 
67  40 
67  33 
68  13 
68  30 
68  39 
68  7 
69  16 
69  3 
69  32 
69  37 
70  29 
70  7 
70  17 
70  62 
71  3 
71  4 
71  1 
71  5 
72  4 
72  40 
72  10 
72  64 
73  64 
73  9 
73  8 
73  16 
74  70 
74  5 
74  3 
74  72 
75  9 
75  53 
75  15 
75  36 
76  18 
76  66 
76  25 
76  10 
77  44 
77  23 
77  1 
77  39 
78  8 
78  9 
78  36 
78  64 
79  8 
79  70 
79  32 
79  10 
80  19 
80  75 
80  73 
80  6 
81  4 
81  64 
81  7 
81  9 
82  15 
82  21 
82  2 
82  34 
83  26 
83  3 
83  40 
83  24 
84  7 
84  42 
84  61 
84  2 
85  17 
85  13 
85  6 
85  46 
86  4 
86  33 
86  60 
86  64 
87  12 
87  10 
87  13 
87  2 
88  29 
88  5 
88  40 
88  7 
89  73 
89  7 
89  80 
89  43 
90  83 
90  54 
90  20 
90  10 
91  10 
91  72 
91  19 
91  86 
92  22 
92  73 
92  44 
92  1 
93  10 
93  77 
93  20 
93  4 
94  36 
94  32 
94  26 
94  41 
95  13 
95  72 
95  82 
95  74 
96  16 
96  22 
96  21 
96  90 
97  62 
97  84 
97  19 
97  41 
98  57 
98  49 
98  60 
98  52 
99  5 
99  9 
99  64 
99  72 
100  6 
100  4 
100  8 
100  13 
101  38 
101  83 
101  15 
101  3 
102  5 
102  2 
102  13 
102  3 
103  10 
103  4 
103  22 
103  35 
104  100 
104  102 
104  4 
104  7 
105  104 
105  48 
105  4 
105  2 
106  94 
106  3 
106  51 
106  4 
107  10 
107  73 
107  65 
107  12 
108  2 
108  67 
108  3 
108  18 
109  25 
109  75 
109  22 
109  48 
110  75 
110  36 
110  88 
110  1 
111  16 
111  9 
111  109 
111  40 
112  5 
112  13 
112  42 
112  15 
113  90 
113  33 
113  65 
113  25 
114  9 
114  25 
114  2 
114  104 
115  8 
115  40 
115  54 
115  106 
116  106 
116  46 
116  30 
116  25 
117  98 
117  20 
117  36 
117  105 
118  39 
118  22 
118  1 
118  5 
119  36 
119  13 
119  16 
119  64 
120  10 
120  57 
120  20 
120  112 
121  18 
121  80 
121  10 
121  50 
122  46 
122  3 
122  33 
122  66 
123  55 
123  11 
123  108 
123  2 
124  16 
124  20 
124  60 
124  108 
125  23 
125  110 
125  52 
125  26 
126  13 
126  124 
126  38 
126  20 
127  28 
127  88 
127  11 
127  9 
128  45 
128  32 
128  10 
128  105 
129  28 
129  4 
129  13 
129  10 
130  118 
130  3 
130  127 
130  100 
131  37 
131  52 
131  22 
131  3 
132  54 
132  112 
132  51 
132  27 
133  7 
133  9 
133  16 
133  27 
134  85 
134  99 
134  70 
134  13 
135  133 
135  37 
135  128 
135  107 
136  10 
136  88 
136  72 
136  104 
137  16 
137  38 
137  92 
137  93 
138  34 
138  136 
138  25 
138  22 
139  106 
139  14 
139  33 
139  17 
140  123 
140  38 
140  88 
140  87 
141  85 
141  14 
141  20 
141  4 
142  86 
142  96 
142  22 
142  1 
143  68 
143  3 
143  73 
143  16 
144  10 
144  122 
144  93 
144  29 
145  19 
145  1 
145  77 
145  22 
146  10 
146  1 
146  65 
146  9 
147  58 
147  12 
147  32 
147  13 
148  105 
148  26 
148  92 
148  2 
149  34 
149  32 
149  63 
149  106 
150  9 
150  83 
150  3 
150  26 
151  40 
151  30 
151  32 
151  36 
152  135 
152  38 
152  83 
152  88 
153  94 
153  112 
153  1 
153  28 
154  3 
154  8 
154  40 
154  101 
155  10 
155  38 
155  24 
155  27 
156  149 
156  8 
156  29 
156  138 
157  14 
157  32 
157  109 
157  3 
158  99 
158  5 
158  24 
158  60 
159  60 
159  137 
159  35 
159  68 
160  135 
160  152 
160  159 
160  144 
161  154 
161  32 
161  31 
161  54 
162  98 
162  12 
162  1 
162  143 
163  4 
163  70 
163  130 
163  50 
164  148 
164  16 
164  5 
164  60 
165  16 
165  24 
165  20 
165  3 
166  29 
166  37 
166  4 
166  12 
167  150 
167  12 
167  47 
167  8 
168  87 
168  32 
168  73 
168  12 
169  64 
169  4 
169  90 
169  135 
170  114 
170  79 
170  3 
170  32 
171  102 
171  68 
171  1 
171  64 
172  151 
172  72 
172  67 
172  74 
173  117 
173  106 
173  121 
173  16 
174  27 
174  1 
174  50 
174  142 
175  86 
175  36 
175  164 
175  126 
176  8 
176  97 
176  21 
176  4 
177  32 
177  11 
177  2 
177  37 
178  26 
178  85 
178  100 
178  90 
179  1 
179  93 
179  52 
179  118 
180  20 
180  90 
180  73 
180  16 
181  18 
181  124 
181  150 
181  87 
182  98 
182  25 
182  17 
182  7 
183  78 
183  3 
183  4 
183  10 
184  34 
184  45 
184  76 
184  35 
185  79 
185  17 
185  73 
185  95 
186  94 
186  40 
186  57 
186  77 
187  13 
187  32 
187  149 
187  104 
188  96 
188  1 
188  186 
188  3 
189  154 
189  132 
189  16 
189  123 
190  109 
190  4 
190  14 
190  25 
191  42 
191  5 
191  65 
191  109 
192  111 
192  103 
192  50 
192  105 
193  16 
193  160 
193  4 
193  92 
194  79 
194  81 
194  172 
194  152 
195  185 
195  57 
195  5 
195  47 
196  3 
196  21 
196  137 
196  50 
197  13 
197  171 
197  30 
197  60 
198  148 
198  86 
198  163 
198  161 
199  2 
199  150 
199  22 
199  83 
200  1 
200  176 
200  32 
200  179 
1  201 
1  202 
1  203 
2  201 
2  204 
2  205 
3  203 
3  206 
4  207 
4  204 
4  203 
4  206 
4  208 
5  201 
5  204 
5  202 
5  205 
5  208 
6  207 
6  201 
6  204 
6  206 
7  207 
7  204 
7  202 
7  203 
7  206 
8  204 
8  202 
8  205 
8  206 
9  204 
9  202 
9  203 
9  205 
9  208 
10  207 
10  201 
10  202 
10  203 
10  205 
11  201 
11  202 
11  203 
11  205 
11  208 
12  201 
12  202 
12  203 
12  206 
13  201 
13  204 
13  203 
13  206 
13  208 
14  207 
14  201 
14  202 
14  205 
14  206 
15  201 
15  204 
15  202 
15  203 
15  206 
16  201 
16  204 
16  202 
16  205 
16  206 
17  207 
17  201 
17  203 
17  206 
18  201 
18  204 
18  205 
18  206 
19  207 
19  203 
19  206 
20  204 
20  202 
20  203 
207  201 
201  204 
204  202 
202  203 
203  205 
205  206 
206  208 
207  204 
207  202 
207  205 
207  206 
201  205 
202  205 
202  206 
203  207 
205  204 
206  204 
206  203 
208  207 
208  201 
208  204 
208  202 
208  205 
209  56 
209  203 
209  39 
209  45 
210  19 
210  22 
210  188 
210  154 
211  138 
211  149 
211  107 
211  80 
212  156 
212  5 
212  211 
212  185 
213  14 
213  46 
213  133 
213  139 
214  53 
214  33 
214  60 
214  87 
215  18 
215  70 
215  212 
215  6 
216  189 
216  209 
216  22 
216  102 
217  144 
217  162 
217  157 
217  209 
218  5 
218  169 
218  207 
218  51 
219  204 
219  157 
219  198 
219  169 
220  209 
220  12 
220  146 
220  204 
221  162 
221  13 
221  105 
221  54 
222  220 
222  118 
222  185 
222  214 
223  116 
223  67 
223  17 
223  137 
224  132 
224  100 
224  210 
224  144 
225  170 
225  137 
225  162 
225  55 
226  144 
226  124 
226  162 
226  87 
227  169 
227  222 
227  211 
227  180 
228  212 
228  129 
228  216 
228  12 
229  168 
229  205 
229  215 
229  144 
230  110 
230  3 
230  188 
230  133 
231  129 
231  21 
231  207 
231  15 
232  218 
232  154 
232  216 
232  33 
233  22 
233  208 
233  44 
233  211 
234  77 
234  198 
234  150 
234  210 
235  213 
235  157 
235  230 
235  27 
236  152 
236  210 
236  233 
236  213 
237  12 
237  191 
237  234 
237  146 
238  13 
238  107 
238  205 
238  72 
239  100 
239  134 
239  168 
239  85 
240  86 
240  230 
240  238 
240  233 
241  6 
241  226 
241  219 
241  135 
242  133 
242  212 
242  209 
242  231 
243  240 
243  139 
243  199 
243  163 
244  5 
244  217 
244  9 
244  183 
245  45 
245  137 
245  54 
245  226 
246  118 
246  205 
246  238 
246  55 
247  113 
247  152 
247  18 
247  209 
248  53 
248  212 
248  46 
248  33 
249  84 
249  21 
249  219 
249  150 
250  5 
250  191 
250  205 
250  176 
251  222 
251  235 
251  231 
251  225 
252  60 
252  229 
252  248 
252  163 
253  44 
253  94 
253  107 
253  74 
254  174 
254  60 
254  21 
254  179 
255  232 
255  71 
255  5 
255  222 
256  9 
256  129 
256  117 
256  5 
257  229 
257  228 
257  217 
257  144 
258  154 
258  252 
258  211 
258  215 
259  94 
259  47 
259  249 
259  236 
260  28 
260  249 
260  180 
260  50 
261  207 
261  259 
261  126 
261  167 
262  115 
262  190 
262  41 
262  72 
263  144 
263  18 
263  2 
263  180 
264  248 
264  56 
264  183 
264  2 
265  36 
265  73 
265  192 
265  207 
266  26 
266  144 
266  72 
266  51 
267  34 
267  207 
267  200 
267  101 
268  45 
268  206 
268  259 
268  15 
269  9 
269  49 
269  247 
269  161 
270  264 
270  82 
270  108 
270  115 
271  81 
271  2 
271  212 
271  238 
272  11 
272  240 
272  129 
272  264 
273  265 
273  272 
273  63 
273  269 
274  247 
274  72 
274  266 
274  252 
275  262 
275  210 
275  131 
275  107 
276  270 
276  56 
276  264 
276  164 
277  157 
277  177 
277  72 
277  241 
278  138 
278  72 
278  259 
278  119 
279  39 
279  13 
279  272 
279  275 
280  208 
280  213 
280  272 
280  276 
281  278 
281  191 
281  267 
281  233 
282  271 
282  255 
282  269 
282  275 
283  87 
283  239 
283  53 
283  281 
284  103 
284  230 
284  61 
284  266 
285  108 
285  224 
285  264 
285  2 
286  208 
286  263 
286  182 
286  151 
287  85 
287  30 
287  255 
287  195 
288  161 
288  45 
288  224 
288  93 
289  65 
289  80 
289  156 
289  190 
290  210 
290  150 
290  59 
290  193 
291  264 
291  2 
291  71 
291  20 
292  240 
292  273 
292  241 
292  259 
293  285 
293  49 
293  30 
293  249 
294  246 
294  62 
294  275 
294  93 
295  261 
295  271 
295  50 
295  77 
296  192 
296  271 
296  248 
296  250 
297  269 
297  49 
297  69 
297  240 
298  87 
298  242 
298  265 
298  47 
299  233 
299  256 
299  297 
299  247 
300  259 
300  196 
300  295 
300  241 
301  259 
301  246 
301  281 
301  140 
302  272 
302  14 
302  265 
302  47 
303  262 
303  68 
303  96 
303  64 
304  276 
304  113 
304  37 
304  81 
305  210 
305  103 
305  204 
305  247 
306  201 
306  9 
306  290 
306  288 
307  285 
307  150 
307  72 
307  163 
308  234 
308  290 
308  304 
308  213 
309  4 
309  176 
309  125 
309  92 
310  17 
310  183 
310  57 
310  231 
311  251 
311  141 
311  300 
311  24 
312  150 
312  69 
312  128 
312  134 
313  291 
313  8 
313  64 
313  12 
314  30 
314  267 
314  241 
314  135 
315  154 
315  122 
315  270 
315  311 
316  39 
316  56 
316  313 
316  154 
317  23 
317  238 
317  269 
317  106 
318  237 
318  313 
318  34 
318  68 
319  190 
319  12 
319  271 
319  285 
320  246 
320  309 
320  184 
320  23 
321  223 
321  316 
321  263 
321  36 
322  36 
322  309 
322  93 
322  165 
323  310 
323  124 
323  70 
323  15 
324  219 
324  178 
324  224 
324  122 
325  17 
325  200 
325  311 
325  224 
326  286 
326  323 
326  45 
326  321 
327  321 
327  309 
327  320 
327  244 
328  327 
328  166 
328  258 
328  284 
329  316 
329  242 
329  118 
329  166 
330  57 
330  42 
330  166 
330  205 
331  86 
331  45 
331  276 
331  275 
332  67 
332  13 
332  331 
332  171 
333  285 
333  315 
333  177 
333  219 
334  272 
334  306 
334  213 
334  326 
335  296 
335  22 
335  135 
335  269 
336  93 
336  322 
336  39 
336  202 
337  306 
337  315 
337  294 
337  130 
338  326 
338  244 
338  134 
338  325 
339  24 
339  69 
339  295 
339  186 
340  311 
340  338 
340  237 
340  108 
341  231 
341  316 
341  25 
341  95 
342  47 
342  317 
342  309 
342  338 
343  83 
343  312 
343  210 
343  310 
344  300 
344  327 
344  205 
344  42 
345  209 
345  263 
345  76 
345  83 
346  37 
346  17 
346  306 
346  106 
347  200 
347  318 
347  85 
347  333 
348  127 
348  38 
348  276 
348  57 
349  336 
349  302 
349  275 
349  105 
350  56 
350  166 
350  81 
350  316 
351  61 
351  86 
351  68 
351  53 
352  325 
352  251 
352  333 
352  310 
353  92 
353  89 
353  271 
353  345 
354  323 
354  320 
354  344 
354  69 
355  324 
355  327 
355  89 
355  200 
356  36 
356  45 
356  190 
356  170 
357  353 
357  341 
357  219 
357  184 
358  313 
358  180 
358  231 
358  206 
359  121 
359  70 
359  102 
359  304 
360  12 
360  309 
360  137 
360  64 
361  222 
361  294 
361  360 
361  271 
362  361 
362  159 
362  236 
362  125 
363  262 
363  8 
363  320 
363  85 
364  238 
364  236 
364  141 
364  212 
365  364 
365  297 
365  363 
365  75 
366  308 
366  339 
366  224 
366  89 
367  196 
367  287 
367  299 
367  106 
368  287 
368  278 
368  101 
368  327 
369  270 
369  260 
369  245 
369  242 
370  59 
370  350 
370  2 
370  93 
371  341 
371  179 
371  337 
371  299 
372  25 
372  192 
372  283 
372  59 
373  215 
373  55 
373  133 
373  43 
374  256 
374  12 
374  359 
374  111 
375  204 
375  152 
375  89 
375  126 
376  236 
376  374 
376  62 
376  373 
377  140 
377  369 
377  141 
377  357 
378  365 
378  361 
378  370 
378  371 
379  326 
379  369 
379  178 
379  339 
380  162 
380  54 
380  109 
380  118 
381  235 
381  366 
381  4 
381  58 
382  378 
382  343 
382  359 
382  379 
383  363 
383  269 
383  367 
383  334 
384  216 
384  89 
384  382 
384  204 
385  369 
385  262 
385  383 
385  113 
386  269 
386  164 
386  144 
386  303 
387  339 
387  75 
387  105 
387  374 
388  277 
388  268 
388  373 
388  359 
389  362 
389  204 
389  118 
389  138 
390  319 
390  284 
390  153 
390  38 
391  319 
391  213 
391  284 
391  137 
392  133 
392  138 
392  36 
392  5 
393  85 
393  302 
393  166 
393  371 
394  251 
394  286 
394  365 
394  363 
395  383 
395  302 
395  205 
395  360 
396  128 
396  22 
396  133 
396  283 
397  127 
397  75 
397  357 
397  384 
398  251 
398  236 
398  3 
398  392 
399  249 
399  89 
399  128 
399  362 
400  8 
400  12 
400  338 
400  361 
401  245 
401  321 
401  127 
401  4 
402  362 
402  55 
402  196 
402  185 
403  299 
403  39 
403  400 
403  316 
404  373 
404  374 
404  71 
404  60 
405  167 
405  63 
405  222 
405  383 
406  363 
406  392 
406  393 
406  133 
407  345 
407  127 
407  4 
407  242 
408  4 
408  191 
408  308 
408  151 
409  271 
409  34 
409  95 
409  368 
410  275 
410  325 
410  281 
410  42 
411  381 
411  274 
411  212 
411  386 
412  257 
412  340 
412  67 
412  55 
413  328 
413  111 
413  52 
413  312 
414  316 
414  60 
414  32 
414  370 
415  273 
415  412 
415  211 
415  15 
416  154 
416  97 
416  19 
416  21 
417  412 
417  340 
417  125 
417  376 
418  417 
418  415 
418  274 
418  261 
419  6 
419  389 
419  417 
419  332 
420  340 
420  338 
420  412 
420  312 
421  173 
421  340 
421  145 
421  206 
422  286 
422  235 
422  258 
422  377 
423  294 
423  258 
423  420 
423  415 
424  252 
424  72 
424  410 
424  89 
425  338 
425  154 
425  18 
425  67 
426  179 
426  424 
426  63 
426  325 
427  423 
427  26 
427  398 
427  334 
428  192 
428  206 
428  47 
428  252 
429  404 
429  224 
429  416 
429  251 
430  161 
430  370 
430  1 
430  392 
431  268 
431  409 
431  302 
431  261 
432  402 
432  42 
432  131 
432  58 
433  47 
433  129 
433  153 
433  109 
434  412 
434  96 
434  226 
434  183 
435  258 
435  412 
435  188 
435  56 
436  338 
436  71 
436  239 
436  352 
437  95 
437  81 
437  32 
437  433 
438  151 
438  34 
438  362 
438  69 
439  232 
439  306 
439  407 
439  39 
440  250 
440  273 
440  204 
440  26 
441  420 
441  104 
441  151 
441  427 
442  335 
442  423 
442  437 
442  274 
443  345 
443  251 
443  74 
443  10 
444  4 
444  171 
444  244 
444  358 
445  349 
445  440 
445  258 
445  134 
446  421 
446  433 
446  188 
446  73 
447  207 
447  288 
447  424 
447  54 
448  404 
448  432 
448  431 
448  338 
449  130 
449  193 
449  398 
449  445 
450  125 
450  72 
450  55 
450  61 
451  75 
451  71 
451  300 
451  224 
452  243 
452  8 
452  400 
452  414 
453  205 
453  413 
453  229 
453  445 
454  312 
454  73 
454  161 
454  453 
455  402 
455  60 
455  428 
455  221 
456  415 
456  409 
456  240 
456  395 
457  372 
457  25 
457  62 
457  3 
458  258 
458  265 
458  47 
458  15 
459  55 
459  151 
459  158 
459  390 
460  45 
460  359 
460  71 
460  226 
461  164 
461  239 
461  400 
461  303 
462  5 
462  181 
462  385 
462  242 
463  138 
463  42 
463  79 
463  32 
464  136 
464  32 
464  71 
464  283 
465  33 
465  199 
465  6 
465  289 
466  464 
466  456 
466  152 
466  251 
467  381 
467  459 
467  401 
467  451 
468  463 
468  170 
468  156 
468  259 
469  47 
469  466 
469  302 
469  93 
470  465 
470  170 
470  198 
470  460 
471  465 
471  27 
471  255 
471  239 
472  149 
472  407 
472  95 
472  470 
473  333 
473  227 
473  170 
473  371 
474  321 
474  158 
474  338 
474  5 
475  465 
475  96 
475  460 
475  58 
476  263 
476  88 
476  438 
476  183 
477  359 
477  213 
477  462 
477  306 
478  282 
478  208 
478  462 
478  476 
479  348 
479  276 
479  443 
479  313 
480  235 
480  340 
480  382 
480  461 
481  123 
481  29 
481  476 
481  371 
482  363 
482  438 
482  456 
482  404 
483  47 
483  201 
483  156 
483  73 
484  403 
484  158 
484  459 
484  94 
485  480 
485  220 
485  159 
485  22 
486  35 
486  226 
486  387 
486  151 
487  292 
487  480 
487  459 
487  126 
488  33 
488  126 
488  445 
488  467 
489  121 
489  126 
489  453 
489  204 
490  120 
490  80 
490  402 
490  73 
491  369 
491  25 
491  73 
491  462 
492  119 
492  212 
492  489 
492  131 
493  85 
493  382 
493  174 
493  123 
494  271 
494  300 
494  273 
494  402 
495  308 
495  454 
495  422 
495  236 
496  236 
496  392 
496  173 
496  124 
497  478 
497  476 
497  370 
497  190 
498  153 
498  300 
498  255 
498  496 
499  483 
499  333 
499  462 
499  213 
500  340 
500  422 
500  449 
500  331 
501  470 
501  464 
501  156 
501  181 
502  81 
502  219 
502  59 
502  333 
503  221 
503  466 
503  55 
503  124 
504  442 
504  461 
504  430 
504  409 
505  490 
505  474 
505  113 
505  460 
506  364 
506  5 
506  68 
506  29 
507  461 
507  502 
507  460 
507  5 
508  410 
508  113 
508  14 
508  391 
509  487 
509  107 
509  210 
509  111 
510  165 
510  47 
510  508 
510  42 
511  149 
511  173 
511  292 
511  108 
512  1 
512  48 
512  25 
512  339 
513  83 
513  510 
513  170 
513  434 
514  456 
514  400 
514  11 
514  60 
515  271 
515  332 
515  159 
515  355 
516  66 
516  144 
516  387 
516  204 
517  507 
517  173 
517  490 
517  514 
518  252 
518  353 
518  315 
518  184 
519  361 
519  99 
519  461 
519  516 
520  345 
520  517 
520  341 
520  223 
521  184 
521  434 
521  459 
521  353 
522  148 
522  120 
522  55 
522  291 
523  30 
523  419 
523  147 
523  342 
524  97 
524  199 
524  191 
524  120 
525  258 
525  328 
525  412 
525  317 
526  466 
526  436 
526  409 
526  158 
527  281 
527  467 
527  173 
527  61 
528  372 
528  435 
528  358 
528  282 
529  170 
529  510 
529  367 
529  71 
530  513 
530  524 
530  405 
530  355 
531  388 
531  516 
531  491 
531  521 
532  328 
532  410 
532  429 
532  187 
533  492 
533  416 
533  183 
533  520 
534  438 
534  76 
534  192 
534  297 
535  289 
535  9 
535  473 
535  46 
536  284 
536  485 
536  387 
536  534 
537  237 
537  531 
537  454 
537  524 
538  484 
538  145 
538  136 
538  80 
539  513 
539  531 
539  487 
539  89 
540  307 
540  490 
540  275 
540  405 
541  16 
541  512 
541  83 
541  289 
542  258 
542  531 
542  535 
542  333 
543  336 
543  313 
543  484 
543  517 
544  24 
544  542 
544  46 
544  541 
545  459 
545  204 
545  539 
545  515 
546  523 
546  290 
546  69 
546  112 
547  141 
547  175 
547  172 
547  522 
548  154 
548  238 
548  401 
548  409 
549  507 
549  531 
549  264 
549  196 
550  297 
550  540 
550  531 
550  64 
551  489 
551  187 
551  544 
551  225 
552  390 
552  71 
552  170 
552  205 
553  546 
553  134 
553  405 
553  539 
554  144 
554  324 
554  66 
554  19 
555  126 
555  544 
555  152 
555  484 
556  15 
556  409 
556  192 
556  540 
557  240 
557  291 
557  60 
557  76 
558  249 
558  68 
558  507 
558  531 
559  454 
559  10 
559  17 
559  457 
560  248 
560  59 
560  206 
560  462 
561  445 
561  110 
561  148 
561  323 
562  322 
562  13 
562  318 
562  536 
563  122 
563  211 
563  362 
563  358 
564  457 
564  485 
564  454 
564  455 
565  245 
565  162 
565  390 
565  169 
566  354 
566  175 
566  305 
566  311 
567  427 
567  534 
567  540 
567  329 
568  116 
568  497 
568  336 
568  406 
569  43 
569  122 
569  269 
569  277 
570  135 
570  517 
570  167 
570  123 
571  490 
571  514 
571  405 
571  194 
572  415 
572  271 
572  116 
572  569 
573  311 
573  236 
573  123 
573  566 
574  68 
574  572 
574  183 
574  528 
575  535 
575  164 
575  192 
575  569 
576  570 
576  563 
576  250 
576  469 
577  277 
577  345 
577  135 
577  414 
578  303 
578  482 
578  454 
578  370 
579  568 
579  49 
579  75 
579  277 
580  142 
580  143 
580  575 
580  443 
581  65 
581  210 
581  575 
581  99 
582  62 
582  430 
582  54 
582  288 
583  495 
583  556 
583  370 
583  131 
584  561 
584  235 
584  118 
584  346 
585  114 
585  394 
585  245 
585  542 
586  568 
586  89 
586  229 
586  453 
587  455 
587  581 
587  493 
587  121 
588  285 
588  220 
588  162 
588  566 
589  376 
589  566 
589  544 
589  453 
590  208 
590  115 
590  241 
590  86 
591  521 
591  260 
591  11 
591  137 
592  402 
592  216 
592  560 
592  477 
593  526 
593  38 
593  4 
593  472 
594  128 
594  345 
594  554 
594  223 
595  393 
595  334 
595  241 
595  588 
596  416 
596  455 
596  255 
596  515 
597  10 
597  260 
597  187 
597  514 
598  387 
598  589 
598  6 
598  224 
599  446 
599  431 
599  588 
599  280 
600  75 
600  588 
600  274 
600  597 
601  492 
601  549 
601  455 
601  68 
602  586 
602  522 
602  470 
602  581 
603  535 
603  488 
603  570 
603  267 
604  525 
604  582 
604  574 
604  303 
605  593 
605  561 
605  577 
605  236 
606  123 
606  220 
606  161 
606  200 
607  483 
607  125 
607  512 
607  420 
608  30 
608  78 
608  349 
608  563 
609  547 
609  92 
609  137 
609  598 
610  379 
610  43 
610  523 
610  284 
611  289 
611  198 
611  109 
611  33 
612  100 
612  5 
612  388 
612  193 
613  132 
613  513 
613  320 
613  217 
614  267 
614  565 
614  205 
614  7 
615  50 
615  62 
615  468 
615  194 
616  344 
616  8 
616  561 
616  551 
617  66 
617  546 
617  375 
617  521 
618  415 
618  125 
618  421 
618  455 
619  618 
619  42 
619  509 
619  455 
620  351 
620  176 
620  334 
620  450 
621  532 
621  285 
621  407 
621  423 
622  226 
622  388 
622  105 
622  513 
623  551 
623  301 
623  56 
623  172 
624  553 
624  330 
624  174 
624  529 
625  610 
625  581 
625  308 
625  20 
626  622 
626  279 
626  13 
626  51 
627  504 
627  395 
627  121 
627  231 
628  370 
628  369 
628  115 
628  311 
629  348 
629  151 
629  223 
629  183 
630  76 
630  162 
630  36 
630  183 
631  194 
631  344 
631  626 
631  455 
632  138 
632  620 
632  96 
632  578 
633  136 
633  7 
633  444 
633  305 
634  80 
634  210 
634  423 
634  551 
635  226 
635  238 
635  293 
635  18 
636  511 
636  396 
636  535 
636  517 
637  554 
637  475 
637  619 
637  212 
638  446 
638  620 
638  19 
638  513 
639  559 
639  42 
639  37 
639  363 
640  287 
640  552 
640  91 
640  78 
641  529 
641  14 
641  279 
641  94 
642  546 
642  640 
642  80 
642  390 
643  552 
643  117 
643  246 
643  85 
644  138 
644  580 
644  37 
644  455 
645  234 
645  278 
645  162 
645  552 
646  619 
646  90 
646  585 
646  287 
647  555 
647  586 
647  376 
647  128 
648  468 
648  252 
648  562 
648  217 
649  116 
649  610 
649  624 
649  619 
650  610 
650  217 
650  553 
650  624 
651  562 
651  453 
651  87 
651  5 
652  25 
652  205 
652  649 
652  443 
653  91 
653  338 
653  352 
653  637 
654  72 
654  645 
654  7 
654  71 
655  217 
655  202 
655  373 
655  8 
656  619 
656  176 
656  649 
656  421 
657  109 
657  551 
657  631 
657  46 
658  617 
658  635 
658  532 
658  624 
659  408 
659  399 
659  128 
659  493 
660  616 
660  301 
660  348 
660  45 
661  11 
661  578 
661  184 
661  320 
662  221 
662  477 
662  6 
662  32 
663  16 
663  426 
663  462 
663  507 
664  299 
664  184 
664  452 
664  603 
665  4 
665  233 
665  555 
665  511 
666  53 
666  338 
666  11 
666  274 
667  189 
667  97 
667  72 
667  662 
668  625 
668  561 
668  27 
668  255 
669  302 
669  297 
669  419 
669  508 
670  517 
670  274 
670  12 
670  163 
671  638 
671  312 
671  154 
671  655 
672  415 
672  206 
672  297 
672  350 
673  624 
673  654 
673  151 
673  668 
674  190 
674  548 
674  19 
674  248 
675  25 
675  49 
675  585 
675  482 
676  352 
676  166 
676  478 
676  655 
677  274 
677  639 
677  205 
677  43 
678  281 
678  587 
678  663 
678  671 
679  475 
679  538 
679  208 
679  464 
680  555 
680  405 
680  6 
680  615 
681  166 
681  303 
681  360 
681  643 
682  12 
682  141 
682  531 
682  250 
683  380 
683  559 
683  128 
683  145 
684  404 
684  665 
684  403 
684  463 
685  437 
685  375 
685  242 
685  464 
686  357 
686  666 
686  255 
686  665 
687  301 
687  170 
687  463 
687  82 
688  554 
688  121 
688  532 
688  276 
689  163 
689  221 
689  403 
689  235 
690  633 
690  180 
690  669 
690  205 
691  181 
691  649 
691  659 
691  297 
692  68 
692  476 
692  670 
692  674 
693  643 
693  124 
693  483 
693  27 
694  218 
694  664 
694  393 
694  478 
695  687 
695  288 
695  694 
695  89 
696  681 
696  362 
696  331 
696  83 
697  341 
697  161 
697  356 
697  83 
698  478 
698  543 
698  507 
698  164 
699  294 
699  624 
699  374 
699  145 
700  388 
700  469 
700  164 
700  343 
701  554 
701  600 
701  469 
701  407 
702  221 
702  302 
702  383 
702  255 
703  156 
703  453 
703  465 
703  426 
704  388 
704  341 
704  211 
704  603 
705  19 
705  288 
705  27 
705  455 
706  658 
706  572 
706  505 
706  667 
707  629 
707  581 
707  83 
707  665 
708  249 
708  375 
708  314 
708  450 
709  96 
709  417 
709  506 
709  313 
710  18 
710  165 
710  523 
710  652 
711  317 
711  434 
711  666 
711  655 
712  1 
712  709 
712  296 
712  694 
713  709 
713  710 
713  163 
713  195 
714  442 
714  527 
714  515 
714  193 
715  5 
715  606 
715  714 
715  13 
716  635 
716  629 
716  521 
716  100 
717  686 
717  401 
717  558 
717  507 
718  284 
718  35 
718  184 
718  7 
719  264 
719  89 
719  586 
719  449 
720  34 
720  374 
720  668 
720  10 
721  507 
721  96 
721  281 
721  425 
722  192 
722  679 
722  518 
722  590 
723  172 
723  156 
723  527 
723  379 
724  369 
724  61 
724  261 
724  507 
725  672 
725  700 
725  183 
725  142 
726  538 
726  543 
726  50 
726  713 
727  485 
727  712 
727  285 
727  189 
728  303 
728  90 
728  413 
728  714 
729  85 
729  723 
729  635 
729  274 
730  15 
730  196 
730  543 
730  527 
731  552 
731  306 
731  693 
731  390 
732  246 
732  586 
732  363 
732  635 
733  636 
733  401 
733  609 
733  82 
734  536 
734  618 
734  721 
734  525 
735  240 
735  275 
735  521 
735  199 
736  120 
736  245 
736  431 
736  521 
737  431 
737  6 
737  639 
737  507 
738  412 
738  18 
738  120 
738  575 
739  652 
739  534 
739  711 
739  203 
740  385 
740  668 
740  229 
740  552 
741  233 
741  263 
741  689 
741  82 
742  13 
742  82 
742  9 
742  161 
743  538 
743  31 
743  731 
743  401 
744  315 
744  189 
744  373 
744  166 
745  160 
745  129 
745  79 
745  689 
746  499 
746  464 
746  711 
746  16 
747  161 
747  727 
747  731 
747  304 
748  736 
748  727 
748  730 
748  79 
749  367 
749  160 
749  499 
749  287 
750  158 
750  432 
750  552 
750  527 
751  581 
751  602 
751  3 
751  201 
752  82 
752  262 
752  153 
752  25 
753  209 
753  436 
753  586 
753  744 
754  187 
754  730 
754  354 
754  384 
755  148 
755  85 
755  748 
755  463 
756  379 
756  353 
756  81 
756  504 
757  483 
757  754 
757  309 
757  740 
758  748 
758  506 
758  36 
758  731 
759  113 
759  240 
759  49 
759  667 
760  213 
760  484 
760  541 
760  230 
761  302 
761  406 
761  511 
761  587 
762  691 
762  518 
762  302 
762  76 
763  14 
763  594 
763  328 
763  541 
764  130 
764  167 
764  291 
764  165 
765  153 
765  541 
765  762 
765  384 
766  217 
766  255 
766  143 
766  541 
767  653 
767  475 
767  34 
767  497 
768  464 
768  475 
768  334 
768  27 
769  123 
769  561 
769  76 
769  766 
770  210 
770  250 
770  349 
770  331 
771  665 
771  582 
771  764 
771  281 
772  248 
772  553 
772  764 
772  210 
773  17 
773  210 
773  105 
773  387 
774  761 
774  561 
774  132 
774  391 
775  561 
775  63 
775  181 
775  532 
776  81 
776  764 
776  758 
776  152 
777  362 
777  474 
777  69 
777  400 
778  330 
778  146 
778  496 
778  227 
779  425 
779  46 
779  461 
779  17 
780  761 
780  369 
780  768 
780  446 
781  46 
781  239 
781  228 
781  705 
782  779 
782  67 
782  75 
782  746 
783  599 
783  412 
783  608 
783  460 
784  664 
784  208 
784  65 
784  255 
785  325 
785  771 
785  140 
785  194 
786  393 
786  367 
786  140 
786  472 
787  280 
787  506 
787  579 
787  570 
788  116 
788  663 
788  592 
788  463 
789  248 
789  340 
789  418 
789  510 
790  46 
790  375 
790  474 
790  340 
791  623 
791  206 
791  30 
791  538 
792  461 
792  640 
792  109 
792  772 
793  501 
793  229 
793  765 
793  751 
794  37 
794  708 
794  761 
794  713 
795  473 
795  249 
795  787 
795  373 
796  17 
796  292 
796  442 
796  782 
797  793 
797  766 
797  69 
797  674 
798  141 
798  119 
798  210 
798  627 
799  670 
799  501 
799  482 
799  788 
800  446 
800  195 
800  678 
800  474 
801  598 
801  654 
801  767 
801  391 
802  763 
802  106 
802  777 
802  394 
803  217 
803  143 
803  153 
803  162 
804  784 
804  773 
804  100 
804  771 
805  777 
805  186 
805  753 
805  8 
806  711 
806  274 
806  793 
806  802 
807  655 
807  29 
807  111 
807  214 
808  802 
808  461 
808  226 
808  708 
809  259 
809  396 
809  794 
809  494 
810  7 
810  713 
810  563 
810  127 
811  617 
811  62 
811  100 
811  723 
812  269 
812  455 
812  38 
812  198 
813  100 
813  811 
813  810 
813  812 
814  366 
814  559 
814  210 
814  45 
815  711 
815  562 
815  752 
815  727 
816  289 
816  399 
816  101 
816  748 
817  684 
817  327 
817  241 
817  679 
818  789 
818  460 
818  369 
818  785 
819  559 
819  48 
819  121 
819  529 
820  511 
820  325 
820  281 
820  382 
821  771 
821  782 
821  329 
821  806 
822  415 
822  737 
822  658 
822  303 
823  326 
823  256 
823  235 
823  410 
824  418 
824  197 
824  348 
824  159 
825  1 
825  43 
825  419 
825  811 
826  60 
826  91 
826  816 
826  822 
827  804 
827  4 
827  824 
827  539 
828  43 
828  617 
828  719 
828  357 
829  547 
829  521 
829  745 
829  513 
830  183 
830  271 
830  570 
830  440 
831  417 
831  529 
831  139 
831  624 
832  486 
832  221 
832  369 
832  197 
833  570 
833  817 
833  543 
833  203 
834  151 
834  191 
834  814 
834  198 
835  455 
835  201 
835  821 
835  591 
836  818 
836  535 
836  165 
836  344 
837  827 
837  360 
837  251 
837  96 
838  786 
838  419 
838  100 
838  327 
839  345 
839  485 
839  511 
839  750 
840  159 
840  546 
840  163 
840  782 
841  186 
841  745 
841  430 
841  331 
842  92 
842  422 
842  828 
842  812 
843  810 
843  29 
843  163 
843  781 
844  703 
844  354 
844  747 
844  600 
845  779 
845  583 
845  750 
845  699 
846  465 
846  763 
846  751 
846  144 
847  412 
847  540 
847  840 
847  820 
848  62 
848  417 
848  612 
848  818 
849  749 
849  419 
849  69 
849  532 
850  117 
850  354 
850  360 
850  494 
851  838 
851  325 
851  786 
851  33 
852  836 
852  384 
852  574 
852  33 
853  294 
853  834 
853  737 
853  583 
854  446 
854  809 
854  200 
854  360 
855  542 
855  777 
855  734 
855  815 
856  600 
856  404 
856  809 
856  812 
857  537 
857  462 
857  750 
857  743 
858  325 
858  230 
858  564 
858  346 
859  32 
859  603 
859  157 
859  62 
860  854 
860  518 
860  269 
860  383 
861  304 
861  328 
861  834 
861  735 
862  161 
862  400 
862  201 
862  556 
863  454 
863  78 
863  357 
863  150 
864  358 
864  782 
864  496 
864  664 
865  569 
865  95 
865  225 
865  329 
866  457 
866  615 
866  29 
866  583 
867  122 
867  458 
867  641 
867  109 
868  156 
868  865 
868  321 
868  448 
869  170 
869  263 
869  227 
869  805 
870  7 
870  583 
870  56 
870  308 
871  584 
871  697 
871  118 
871  179 
872  389 
872  701 
872  309 
872  262 
873  571 
873  393 
873  736 
873  332 
874  869 
874  736 
874  415 
874  310 
875  615 
875  14 
875  646 
875  78 
876  27 
876  646 
876  709 
876  527 
877  590 
877  560 
877  803 
877  507 
878  817 
878  783 
878  310 
878  283 
879  166 
879  389 
879  423 
879  812 
880  861 
880  372 
880  34 
880  286 
881  307 
881  145 
881  543 
881  299 
882  726 
882  574 
882  312 
882  596 
883  286 
883  152 
883  799 
883  638 
884  63 
884  458 
884  491 
884  162 
885  711 
885  656 
885  782 
885  752 
886  555 
886  871 
886  544 
886  470 
887  868 
887  299 
887  807 
887  164 
888  576 
888  712 
888  583 
888  701 
889  651 
889  872 
889  373 
889  41 
890  555 
890  862 
890  727 
890  584 
891  541 
891  88 
891  887 
891  145 
892  555 
892  868 
892  458 
892  304 
893  58 
893  859 
893  863 
893  24 
894  71 
894  669 
894  672 
894  207 
895  548 
895  408 
895  330 
895  555 
896  388 
896  886 
896  683 
896  805 
897  894 
897  847 
897  892 
897  725 
898  700 
898  853 
898  808 
898  20 
899  621 
899  265 
899  759 
899  544 
900  721 
900  641 
900  582 
900  899 
901  805 
901  885 
901  491 
901  66 
902  98 
902  55 
902  884 
902  759 
903  763 
903  304 
903  574 
903  753 
904  780 
904  305 
904  709 
904  893 
905  452 
905  57 
905  33 
905  752 
906  847 
906  251 
906  860 
906  873 
907  833 
907  878 
907  127 
907  355 
908  174 
908  632 
908  660 
908  158 
909  767 
909  236 
909  33 
909  675 
910  522 
910  480 
910  41 
910  675 
911  527 
911  345 
911  404 
911  80 
912  220 
912  377 
912  464 
912  283 
913  475 
913  193 
913  529 
913  911 
914  374 
914  273 
914  308 
914  866 
915  911 
915  262 
915  399 
915  761 
916  563 
916  699 
916  344 
916  755 
917  86 
917  518 
917  727 
917  96 
918  429 
918  206 
918  126 
918  261 
919  480 
919  643 
919  192 
919  776 
920  583 
920  387 
920  35 
920  123 
921  646 
921  517 
921  48 
921  907 
922  497 
922  676 
922  695 
922  915 
923  472 
923  732 
923  875 
923  682 
924  908 
924  21 
924  608 
924  365 
925  706 
925  421 
925  213 
925  31 
926  8 
926  100 
926  769 
926  759 
927  902 
927  283 
927  510 
927  816 
928  674 
928  79 
928  317 
928  831 
929  918 
929  202 
929  788 
929  617 
930  8 
930  415 
930  819 
930  642 
931  152 
931  921 
931  443 
931  474 
932  147 
932  652 
932  620 
932  416 
933  642 
933  501 
933  558 
933  809 
934  692 
934  479 
934  627 
934  925 
935  929 
935  925 
935  716 
935  904 
936  788 
936  857 
936  93 
936  494 
937  928 
937  175 
937  739 
937  656 
938  264 
938  539 
938  925 
938  307 
939  116 
939  931 
939  938 
939  94 
940  441 
940  539 
940  794 
940  158 
941  47 
941  318 
941  290 
941  441 
942  639 
942  79 
942  382 
942  267 
943  403 
943  513 
943  395 
943  482 
944  231 
944  851 
944  915 
944  10 
945  283 
945  267 
945  879 
945  432 
946  305 
946  333 
946  727 
946  283 
947  892 
947  926 
947  585 
947  461 
948  99 
948  40 
948  425 
948  309 
949  351 
949  926 
949  928 
949  793 
950  10 
950  690 
950  27 
950  349 
951  932 
951  561 
951  898 
951  557 
952  582 
952  371 
952  905 
952  442 
953  539 
953  341 
953  868 
953  740 
954  427 
954  216 
954  475 
954  70 
955  365 
955  296 
955  368 
955  415 
956  183 
956  922 
956  152 
956  843 
957  925 
957  737 
957  239 
957  940 
958  945 
958  722 
958  719 
958  957 
959  387 
959  461 
959  612 
959  447 
960  203 
960  722 
960  353 
960  930 
961  6 
961  440 
961  526 
961  836 
962  308 
962  361 
962  163 
962  866 
963  361 
963  762 
963  84 
963  922 
964  560 
964  539 
964  411 
964  662 
965  714 
965  381 
965  94 
965  890 
966  157 
966  592 
966  87 
966  740 
967  136 
967  285 
967  767 
967  463 
968  201 
968  446 
968  380 
968  304 
969  742 
969  387 
969  41 
969  815 
970  872 
970  295 
970  163 
970  878 
971  415 
971  233 
971  559 
971  898 
972  318 
972  378 
972  895 
972  72 
973  819 
973  166 
973  174 
973  162 
974  650 
974  973 
974  19 
974  85 
975  51 
975  205 
975  828 
975  400 
976  659 
976  962 
976  353 
976  250 
977  463 
977  470 
977  296 
977  705 
978  496 
978  347 
978  900 
978  903 
979  217 
979  615 
979  678 
979  71 
980  266 
980  216 
980  511 
980  359 
981  35 
981  277 
981  483 
981  201 
982  867 
982  227 
982  173 
982  798 
983  157 
983  665 
983  774 
983  304 
984  879 
984  953 
984  169 
984  979 
985  137 
985  130 
985  836 
985  33 
986  764 
986  125 
986  137 
986  42 
987  793 
987  94 
987  864 
987  373 
988  446 
988  528 
988  274 
988  803 
989  77 
989  988 
989  879 
989  680 
990  43 
990  930 
990  984 
990  71 
991  798 
991  128 
991  217 
991  112 
992  676 
992  875 
992  236 
992  967 
993  395 
993  594 
993  356 
993  696 
994  94 
994  272 
994  129 
994  965 
995  6 
995  956 
995  734 
995  890 
996  965 
996  237 
996  722 
996  29 
997  946 
997  181 
997  104 
997  626 
998  116 
998  968 
998  22 
998  971 
999  895 
999  501 
999  524 
999  60 
1000  984 
1000  60 
1000  30 
1000  425 
1001  684 
1001  163 
1001  965 
1001  991 
1002  824 
1002  359 
1002  60 
1002  287 
1003  591 
1003  104 
1003  644 
1003  877 
1004  373 
1004  473 
1004  23 
1004  238 
1005  920 
1005  377 
1005  662 
1005  149 
1006  373 
1006  829 
1006  277 
1006  398 
1007  378 
1007  975 
1007  686 
1007  974 
1008  134 
1008  672 
1008  17 
1008  963 
1009  352 
1009  524 
1009  755 
1009  83 
1010  246 
1010  661 
1010  839 
1010  236 
1011  724 
1011  389 
1011  197 
1011  906 
1012  955 
1012  267 
1012  846 
1012  673 
1013  229 
1013  574 
1013  829 
1013  435 
1014  810 
1014  896 
1014  405 
1014  239 
1015  39 
1015  541 
1015  1011 
1015  848 
1016  35 
1016  814 
1016  259 
1016  135 
1017  644 
1017  335 
1017  170 
1017  591 
1018  732 
1018  154 
1018  457 
1018  20 
1019  516 
1019  341 
1019  154 
1019  222 
1020  239 
1020  411 
1020  1012 
1020  636 
1021  759 
1021  905 
1021  847 
1021  685 
1022  325 
1022  526 
1022  2 
1022  207 
1023  470 
1023  637 
1023  74 
1023  414 
1024  553 
1024  736 
1024  779 
1024  104 
1025  935 
1025  826 
1025  194 
1025  856 
1026  55 
1026  1006 
1026  182 
1026  852 
1027  673 
1027  966 
1027  677 
1027  543 
1028  314 
1028  940 
1028  712 
1028  1025 
1029  89 
1029  484 
1029  75 
1029  533 
1030  1028 
1030  666 
1030  669 
1030  106 
1031  972 
1031  696 
1031  752 
1031  380 
1032  845 
1032  336 
1032  752 
1032  20 
1033  259 
1033  976 
1033  1028 
1033  257 
1034  501 
1034  1022 
1034  540 
1034  558 
1035  1024 
1035  571 
1035  531 
1035  818 
1036  643 
1036  253 
1036  851 
1036  453 
1037  1032 
1037  653 
1037  624 
1037  906 
1038  309 
1038  1000 
1038  122 
1038  758 
1039  1030 
1039  1029 
1039  1028 
1039  646 
1040  705 
1040  867 
1040  111 
1040  316 
1041  268 
1041  397 
1041  152 
1041  471 
1042  40 
1042  859 
1042  590 
1042  309 
1043  950 
1043  353 
1043  895 
1043  1040 
1044  391 
1044  211 
1044  920 
1044  609 
1045  106 
1045  255 
1045  736 
1045  578 
1046  595 
1046  572 
1046  45 
1046  369 
1047  1038 
1047  692 
1047  45 
1047  878 
1048  1024 
1048  1015 
1048  916 
1048  1010 
1049  398 
1049  69 
1049  686 
1049  973 
1050  998 
1050  315 
1050  1040 
1050  413 
1051  423 
1051  1040 
1051  454 
1051  269 
1052  218 
1052  881 
1052  778 
1052  1032 
1053  1029 
1053  175 
1053  360 
1053  736 
1054  244 
1054  985 
1054  299 
1054  1053 
1055  373 
1055  974 
1055  358 
1055  155 
1056  331 
1056  33 
1056  1048 
1056  1009 
1057  359 
1057  725 
1057  1039 
1057  592 
1058  1038 
1058  1020 
1058  198 
1058  458 
 

