1  2 
1  3 
1  4 
1  5 
1  6 
1  7 
1  8 
1  9 
1  10 
2  3 
2  4 
2  5 
2  6 
2  7 
2  8 
2  9 
2  10 
3  4 
3  5 
3  6 
3  7 
3  8 
3  9 
3  10 
4  5 
4  6 
4  7 
4  8 
4  9 
4  10 
5  6 
5  7 
5  8 
5  9 
5  10 
6  7 
6  8 
6  9 
6  10 
7  8 
7  9 
7  10 
8  9 
8  10 
9  10 
11  6 
11  1 
11  9 
11  3 
12  4 
12  7 
12  10 
12  11 
13  2 
13  6 
13  7 
13  1 
14  2 
14  6 
14  5 
14  1 
15  10 
15  5 
15  8 
15  13 
16  2 
16  9 
16  10 
16  11 
17  8 
17  1 
17  9 
17  7 
18  12 
18  14 
18  13 
18  5 
19  5 
19  6 
19  4 
19  15 
20  14 
20  5 
20  1 
20  9 
21  3 
21  6 
21  7 
21  14 
22  15 
22  7 
22  5 
22  8 
23  7 
23  9 
23  20 
23  11 
24  8 
24  13 
24  10 
24  20 
25  22 
25  4 
25  7 
25  10 
26  10 
26  12 
26  25 
26  6 
27  1 
27  7 
27  8 
27  20 
28  3 
28  4 
28  7 
28  8 
29  8 
29  27 
29  7 
29  10 
30  24 
30  10 
30  7 
30  2 
31  6 
31  5 
31  17 
31  21 
32  10 
32  8 
32  20 
32  4 
33  14 
33  24 
33  7 
33  20 
34  17 
34  33 
34  7 
34  10 
35  6 
35  10 
35  13 
35  15 
36  6 
36  8 
36  5 
36  1 
37  11 
37  35 
37  14 
37  7 
38  6 
38  5 
38  33 
38  16 
39  21 
39  26 
39  5 
39  33 
40  2 
40  4 
40  16 
40  7 
41  8 
41  33 
41  7 
41  19 
42  40 
42  22 
42  36 
42  10 
43  19 
43  34 
43  9 
43  8 
44  38 
44  11 
44  5 
44  25 
45  5 
45  39 
45  7 
45  6 
46  7 
46  14 
46  25 
46  3 
47  2 
47  41 
47  19 
47  8 
48  22 
48  33 
48  42 
48  16 
49  44 
49  4 
49  7 
49  3 
50  16 
50  9 
50  3 
50  19 
51  5 
51  31 
51  4 
51  9 
52  9 
52  7 
52  49 
52  8 
53  3 
53  33 
53  47 
53  16 
54  36 
54  7 
54  47 
54  38 
55  45 
55  10 
55  11 
55  9 
56  15 
56  1 
56  33 
56  22 
57  9 
57  53 
57  1 
57  25 
58  35 
58  4 
58  27 
58  24 
59  13 
59  27 
59  25 
59  29 
60  6 
60  50 
60  29 
60  9 
61  55 
61  4 
61  60 
61  15 
62  54 
62  21 
62  46 
62  60 
63  5 
63  50 
63  61 
63  8 
64  23 
64  6 
64  25 
64  2 
65  13 
65  10 
65  38 
65  5 
66  5 
66  1 
66  50 
66  2 
67  50 
67  10 
67  13 
67  7 
68  60 
68  28 
68  1 
68  8 
69  22 
69  13 
69  8 
69  60 
70  33 
70  5 
70  20 
70  10 
71  5 
71  8 
71  22 
71  3 
72  24 
72  42 
72  51 
72  43 
73  7 
73  14 
73  46 
73  20 
74  68 
74  21 
74  1 
74  40 
75  19 
75  52 
75  5 
75  1 
76  9 
76  41 
76  20 
76  22 
77  59 
77  31 
77  23 
77  36 
78  77 
78  48 
78  7 
78  4 
79  9 
79  24 
79  37 
79  7 
80  32 
80  59 
80  17 
80  26 
81  66 
81  54 
81  9 
81  37 
82  66 
82  1 
82  58 
82  9 
83  6 
83  20 
83  56 
83  65 
84  7 
84  73 
84  45 
84  11 
85  19 
85  35 
85  22 
85  33 
86  35 
86  2 
86  11 
86  21 
87  72 
87  21 
87  84 
87  11 
88  23 
88  15 
88  49 
88  27 
89  4 
89  59 
89  77 
89  64 
90  12 
90  84 
90  89 
90  71 
91  15 
91  84 
91  8 
91  19 
92  73 
92  1 
92  30 
92  55 
93  28 
93  15 
93  36 
93  9 
94  1 
94  51 
94  5 
94  26 
95  7 
95  51 
95  20 
95  15 
96  4 
96  24 
96  7 
96  10 
97  3 
97  7 
97  22 
97  14 
98  12 
98  15 
98  83 
98  56 
99  55 
99  1 
99  83 
99  5 
100  33 
100  10 
100  82 
100  71 
101  98 
101  5 
101  3 
101  4 
102  2 
102  82 
102  22 
102  64 
103  45 
103  10 
103  3 
103  77 
104  77 
104  8 
104  10 
104  7 
105  32 
105  55 
105  34 
105  71 
106  93 
106  5 
106  4 
106  51 
107  102 
107  7 
107  10 
107  14 
108  7 
108  16 
108  6 
108  24 
109  50 
109  33 
109  59 
109  2 
110  56 
110  7 
110  16 
110  80 
111  8 
111  7 
111  35 
111  44 
112  36 
112  3 
112  1 
112  7 
113  84 
113  15 
113  59 
113  105 
114  74 
114  93 
114  53 
114  10 
115  10 
115  65 
115  7 
115  22 
116  5 
116  33 
116  86 
116  12 
117  16 
117  45 
117  98 
117  19 
118  33 
118  8 
118  3 
118  1 
119  33 
119  110 
119  50 
119  71 
120  6 
120  12 
120  45 
120  35 
121  33 
121  7 
121  4 
121  55 
122  41 
122  55 
122  13 
122  63 
123  1 
123  86 
123  6 
123  8 
124  58 
124  5 
124  83 
124  8 
125  1 
125  33 
125  9 
125  92 
126  60 
126  73 
126  8 
126  10 
127  3 
127  70 
127  102 
127  10 
128  47 
128  6 
128  30 
128  10 
129  100 
129  10 
129  31 
129  5 
130  123 
130  80 
130  15 
130  23 
131  54 
131  20 
131  6 
131  7 
132  20 
132  41 
132  22 
132  91 
133  109 
133  15 
133  2 
133  120 
134  57 
134  20 
134  6 
134  86 
135  70 
135  7 
135  3 
135  79 
136  60 
136  2 
136  39 
136  15 
137  123 
137  47 
137  79 
137  35 
138  7 
138  59 
138  73 
138  54 
139  56 
139  9 
139  2 
139  128 
140  15 
140  74 
140  32 
140  90 
141  2 
141  69 
141  35 
141  47 
142  96 
142  12 
142  7 
142  124 
143  83 
143  51 
143  10 
143  22 
144  3 
144  113 
144  126 
144  10 
145  19 
145  113 
145  92 
145  6 
146  20 
146  2 
146  4 
146  100 
147  90 
147  20 
147  108 
147  15 
148  60 
148  2 
148  146 
148  50 
149  8 
149  11 
149  25 
149  96 
150  52 
150  63 
150  17 
150  78 
151  112 
151  78 
151  114 
151  7 
152  10 
152  64 
152  109 
152  136 
153  55 
153  3 
153  16 
153  7 
154  90 
154  149 
154  118 
154  57 
155  84 
155  113 
155  109 
155  96 
156  106 
156  84 
156  24 
156  50 
157  6 
157  25 
157  74 
157  13 
158  92 
158  4 
158  128 
158  47 
159  64 
159  108 
159  93 
159  62 
160  128 
160  57 
160  35 
160  27 
161  148 
161  107 
161  7 
161  3 
162  28 
162  10 
162  12 
162  54 
163  2 
163  22 
163  46 
163  26 
164  10 
164  21 
164  149 
164  23 
165  42 
165  1 
165  7 
165  5 
166  24 
166  30 
166  165 
166  22 
167  139 
167  7 
167  5 
167  16 
168  8 
168  10 
168  22 
168  4 
169  161 
169  64 
169  107 
169  108 
170  3 
170  137 
170  145 
170  78 
171  89 
171  16 
171  9 
171  49 
172  8 
172  118 
172  82 
172  3 
173  125 
173  15 
173  9 
173  1 
174  16 
174  30 
174  77 
174  70 
175  1 
175  11 
175  50 
175  15 
176  5 
176  17 
176  93 
176  48 
177  132 
177  77 
177  26 
177  15 
178  20 
178  7 
178  12 
178  9 
179  63 
179  135 
179  126 
179  147 
180  139 
180  66 
180  1 
180  49 
181  8 
181  71 
181  10 
181  113 
182  178 
182  9 
182  131 
182  123 
183  176 
183  122 
183  9 
183  97 
184  139 
184  174 
184  73 
184  54 
185  26 
185  16 
185  124 
185  166 
186  8 
186  86 
186  19 
186  54 
187  97 
187  5 
187  90 
187  157 
188  94 
188  173 
188  144 
188  134 
189  4 
189  42 
189  140 
189  6 
190  1 
190  7 
190  22 
190  174 
191  27 
191  61 
191  171 
191  29 
192  37 
192  113 
192  133 
192  21 
193  127 
193  93 
193  62 
193  45 
194  185 
194  70 
194  10 
194  130 
195  100 
195  58 
195  24 
195  42 
196  84 
196  114 
196  7 
196  20 
197  162 
197  94 
197  20 
197  42 
198  115 
198  6 
198  182 
198  97 
199  127 
199  9 
199  172 
199  22 
200  170 
200  8 
200  112 
200  44 
1  201 
1  202 
1  203 
1  204 
2  205 
2  201 
2  202 
2  203 
2  204 
2  206 
3  207 
3  208 
3  203 
3  206 
4  205 
4  201 
4  204 
5  205 
5  202 
5  208 
5  203 
5  204 
6  207 
7  205 
7  208 
7  204 
8  207 
8  205 
8  203 
8  206 
9  205 
9  201 
9  202 
10  201 
10  202 
10  206 
11  207 
11  201 
11  202 
11  208 
11  203 
11  204 
12  207 
12  205 
12  204 
13  207 
13  202 
13  208 
14  207 
14  205 
14  201 
14  208 
14  203 
14  206 
15  207 
15  201 
15  208 
15  203 
15  204 
15  206 
16  207 
16  203 
16  204 
17  203 
17  206 
18  204 
19  207 
19  208 
19  203 
19  204 
19  206 
20  207 
20  205 
20  201 
20  202 
20  208 
20  204 
21  202 
21  208 
21  203 
21  204 
22  205 
22  208 
22  203 
22  206 
23  207 
23  205 
23  201 
23  208 
23  203 
23  204 
23  206 
24  207 
24  201 
24  202 
24  203 
24  206 
25  207 
25  205 
25  202 
25  206 
26  207 
26  205 
26  201 
26  202 
26  208 
26  203 
26  206 
27  207 
27  205 
27  202 
27  208 
27  203 
27  204 
28  201 
28  208 
28  203 
28  204 
28  206 
29  205 
29  202 
29  208 
29  204 
30  207 
30  205 
30  208 
30  206 
31  207 
31  205 
31  208 
31  203 
31  204 
32  205 
32  202 
32  204 
32  206 
33  201 
33  202 
33  208 
34  205 
34  202 
35  207 
35  205 
36  201 
36  202 
36  204 
36  206 
37  207 
37  205 
37  202 
37  208 
37  203 
37  204 
37  206 
38  203 
38  204 
39  205 
39  201 
39  202 
39  206 
40  201 
40  203 
40  206 
41  207 
41  201 
41  202 
41  203 
41  204 
42  207 
42  202 
42  204 
43  207 
43  201 
43  202 
43  208 
43  204 
44  207 
44  205 
44  201 
44  202 
44  203 
45  205 
45  201 
45  208 
45  203 
45  206 
46  207 
46  201 
46  202 
46  208 
47  207 
47  201 
47  208 
47  206 
48  208 
48  206 
49  207 
49  205 
49  201 
49  208 
50  202 
50  208 
50  206 
207  205 
205  201 
201  202 
202  208 
208  203 
203  204 
204  206 
207  201 
207  208 
207  203 
207  204 
205  203 
205  204 
201  208 
201  203 
202  207 
202  203 
208  205 
204  201 
206  201 
206  202 
51  207 
51  205 
51  208 
51  204 
209  147 
209  41 
209  184 
209  88 
210  31 
210  178 
210  137 
210  89 
211  103 
211  57 
211  41 
211  208 
212  91 
212  19 
212  90 
212  72 
213  150 
213  167 
213  6 
213  103 
214  21 
214  40 
214  107 
214  167 
215  107 
215  102 
215  34 
215  138 
216  102 
216  200 
216  91 
216  48 
217  136 
217  210 
217  83 
217  74 
218  48 
218  125 
218  113 
218  100 
219  133 
219  20 
219  190 
219  192 
220  74 
220  217 
220  212 
220  150 
221  219 
221  29 
221  69 
221  157 
222  9 
222  41 
222  168 
222  135 
223  107 
223  11 
223  122 
223  114 
224  217 
224  91 
224  150 
224  161 
225  13 
225  171 
225  90 
225  32 
226  28 
226  105 
226  56 
226  132 
227  179 
227  30 
227  109 
227  221 
228  161 
228  222 
228  91 
228  217 
52  201 
53  205 
53  201 
53  208 
53  204 
54  207 
54  205 
54  208 
54  204 
54  206 
229  40 
229  95 
229  30 
229  129 
230  203 
230  16 
230  149 
230  109 
231  26 
231  39 
231  82 
231  208 
232  163 
232  106 
232  69 
232  121 
233  220 
233  21 
233  30 
233  57 
234  230 
234  80 
234  85 
234  227 
235  135 
235  212 
235  152 
235  101 
236  148 
236  15 
236  115 
236  20 
237  92 
237  94 
237  235 
237  1 
238  48 
238  232 
238  186 
238  130 
239  167 
239  112 
239  17 
239  206 
240  237 
240  1 
240  124 
240  92 
241  43 
241  220 
241  134 
241  185 
242  216 
242  20 
242  199 
242  123 
243  240 
243  232 
243  32 
243  134 
244  121 
244  40 
244  127 
244  61 
245  234 
245  88 
245  80 
245  192 
246  195 
246  125 
246  237 
246  101 
247  163 
247  118 
247  246 
247  125 
248  61 
248  231 
248  22 
248  27 
55  205 
55  202 
55  208 
55  203 
55  204 
55  206 
56  207 
56  205 
56  203 
56  204 
57  202 
57  208 
57  204 
58  207 
58  205 
58  208 
59  207 
59  208 
249  206 
249  30 
249  43 
249  205 
250  162 
250  196 
250  114 
250  43 
251  174 
251  142 
251  199 
251  221 
252  62 
252  121 
252  129 
252  99 
253  136 
253  101 
253  16 
253  72 
254  206 
254  174 
254  153 
254  136 
255  12 
255  113 
255  133 
255  17 
256  251 
256  212 
256  181 
256  46 
257  37 
257  13 
257  56 
257  225 
258  251 
258  255 
258  66 
258  67 
259  235 
259  247 
259  137 
259  12 
260  28 
260  251 
260  207 
260  170 
261  225 
261  106 
261  23 
261  224 
262  191 
262  122 
262  107 
262  46 
263  56 
263  40 
263  102 
263  255 
264  261 
264  61 
264  67 
264  131 
265  249 
265  237 
265  170 
265  246 
266  257 
266  229 
266  63 
266  120 
267  188 
267  129 
267  154 
267  23 
268  267 
268  257 
268  254 
268  265 
 

