1  2 
1  3 
1  4 
1  5 
1  6 
1  7 
1  8 
1  9 
1  10 
2  3 
2  4 
2  5 
2  6 
2  7 
2  8 
2  9 
2  10 
3  4 
3  5 
3  6 
3  7 
3  8 
3  9 
3  10 
4  5 
4  6 
4  7 
4  8 
4  9 
4  10 
5  6 
5  7 
5  8 
5  9 
5  10 
6  7 
6  8 
6  9 
6  10 
7  8 
7  9 
7  10 
8  9 
8  10 
9  10 
11  2 
11  3 
11  1 
11  8 
12  3 
12  6 
12  7 
12  2 
13  5 
13  2 
13  4 
13  10 
14  5 
14  4 
14  10 
14  8 
15  3 
15  5 
15  11 
15  4 
16  3 
16  11 
16  1 
16  7 
17  4 
17  1 
17  9 
17  7 
18  3 
18  12 
18  10 
18  17 
19  10 
19  13 
19  5 
19  12 
20  2 
20  10 
20  16 
20  14 
21  3 
21  7 
21  1 
21  2 
22  11 
22  2 
22  17 
22  5 
23  5 
23  4 
23  8 
23  9 
24  9 
24  14 
24  8 
24  11 
25  21 
25  7 
25  9 
25  19 
26  8 
26  3 
26  25 
26  24 
27  19 
27  10 
27  5 
27  13 
28  17 
28  26 
28  2 
28  1 
29  2 
29  3 
29  5 
29  10 
30  26 
30  11 
30  2 
30  13 
31  20 
31  9 
31  3 
31  10 
32  17 
32  7 
32  11 
32  4 
33  16 
33  1 
33  10 
33  8 
34  4 
34  19 
34  2 
34  17 
35  11 
35  8 
35  10 
35  12 
36  8 
36  2 
36  17 
36  3 
37  13 
37  11 
37  6 
37  3 
38  8 
38  11 
38  29 
38  20 
39  6 
39  15 
39  11 
39  18 
40  24 
40  25 
40  10 
40  35 
41  10 
41  6 
41  20 
41  1 
42  1 
42  19 
42  11 
42  38 
43  23 
43  34 
43  18 
43  1 
44  1 
44  21 
44  7 
44  24 
45  15 
45  2 
45  16 
45  10 
46  2 
46  5 
46  45 
46  41 
47  30 
47  28 
47  34 
47  20 
48  10 
48  19 
48  5 
48  7 
49  47 
49  13 
49  34 
49  30 
50  4 
50  31 
50  17 
50  1 
51  17 
51  22 
51  8 
51  19 
52  20 
52  13 
52  7 
52  3 
53  5 
53  11 
53  17 
53  14 
54  2 
54  9 
54  28 
54  3 
55  10 
55  40 
55  23 
55  22 
56  9 
56  11 
56  2 
56  8 
57  25 
57  4 
57  17 
57  49 
58  37 
58  25 
58  52 
58  9 
59  16 
59  15 
59  42 
59  11 
60  7 
60  45 
60  1 
60  24 
61  8 
61  16 
61  20 
61  41 
62  25 
62  13 
62  1 
62  28 
63  3 
63  9 
63  29 
63  16 
64  30 
64  17 
64  14 
64  27 
65  41 
65  9 
65  13 
65  33 
66  3 
66  17 
66  40 
66  62 
67  11 
67  51 
67  63 
67  14 
68  3 
68  4 
68  6 
68  18 
69  22 
69  26 
69  5 
69  29 
70  10 
70  8 
70  64 
70  50 
71  10 
71  9 
71  24 
71  49 
72  4 
72  1 
72  33 
72  3 
73  55 
73  42 
73  36 
73  8 
74  16 
74  4 
74  9 
74  62 
75  11 
75  10 
75  29 
75  15 
76  40 
76  2 
76  9 
76  7 
77  33 
77  30 
77  37 
77  4 
78  21 
78  35 
78  2 
78  14 
79  24 
79  6 
79  61 
79  33 
80  9 
80  1 
80  10 
80  38 
81  42 
81  11 
81  13 
81  14 
82  39 
82  1 
82  79 
82  42 
83  30 
83  24 
83  6 
83  69 
84  5 
84  1 
84  7 
84  3 
85  2 
85  29 
85  76 
85  10 
86  62 
86  40 
86  55 
86  3 
87  9 
87  1 
87  3 
87  27 
88  84 
88  45 
88  8 
88  51 
89  3 
89  36 
89  79 
89  55 
90  47 
90  13 
90  24 
90  4 
91  13 
91  14 
91  74 
91  5 
92  3 
92  19 
92  13 
92  21 
93  47 
93  11 
93  9 
93  54 
94  50 
94  69 
94  9 
94  19 
95  24 
95  7 
95  73 
95  11 
96  65 
96  80 
96  13 
96  42 
97  3 
97  8 
97  33 
97  71 
98  25 
98  1 
98  19 
98  78 
99  11 
99  83 
99  65 
99  5 
100  6 
100  5 
100  25 
100  3 
101  11 
101  27 
101  4 
101  47 
102  74 
102  96 
102  36 
102  2 
103  50 
103  70 
103  34 
103  86 
104  36 
104  17 
104  1 
104  89 
105  41 
105  2 
105  9 
105  7 
106  15 
106  66 
106  47 
106  13 
107  36 
107  34 
107  38 
107  70 
108  14 
108  8 
108  3 
108  2 
109  2 
109  3 
109  33 
109  108 
110  2 
110  7 
110  10 
110  12 
111  1 
111  28 
111  103 
111  69 
112  64 
112  51 
112  7 
112  59 
113  19 
113  88 
113  15 
113  86 
114  1 
114  9 
114  46 
114  22 
115  1 
115  9 
115  20 
115  7 
116  11 
116  46 
116  114 
116  85 
117  2 
117  9 
117  5 
117  72 
118  110 
118  17 
118  4 
118  10 
119  81 
119  23 
119  30 
119  10 
120  30 
120  39 
120  26 
120  10 
121  7 
121  106 
121  70 
121  24 
122  55 
122  13 
122  2 
122  119 
123  44 
123  62 
123  3 
123  7 
124  42 
124  6 
124  25 
124  64 
125  11 
125  13 
125  9 
125  27 
126  30 
126  17 
126  51 
126  2 
127  23 
127  4 
127  3 
127  15 
128  70 
128  17 
128  19 
128  50 
129  8 
129  24 
129  9 
129  25 
130  1 
130  6 
130  119 
130  5 
131  59 
131  103 
131  45 
131  70 
132  106 
132  81 
132  9 
132  7 
133  18 
133  86 
133  19 
133  64 
134  5 
134  34 
134  51 
134  126 
135  4 
135  10 
135  2 
135  5 
136  36 
136  59 
136  28 
136  7 
137  22 
137  8 
137  15 
137  76 
138  15 
138  20 
138  30 
138  95 
139  102 
139  2 
139  46 
139  58 
140  38 
140  126 
140  3 
140  41 
141  10 
141  8 
141  91 
141  76 
142  12 
142  140 
142  16 
142  3 
143  65 
143  140 
143  55 
143  64 
144  89 
144  10 
144  11 
144  62 
145  64 
145  101 
145  49 
145  133 
146  5 
146  4 
146  103 
146  13 
147  30 
147  7 
147  86 
147  25 
148  47 
148  17 
148  24 
148  2 
149  8 
149  50 
149  10 
149  11 
150  28 
150  17 
150  129 
150  11 
151  9 
151  148 
151  1 
151  2 
152  5 
152  3 
152  79 
152  105 
153  115 
153  14 
153  3 
153  103 
154  57 
154  33 
154  46 
154  107 
155  62 
155  4 
155  34 
155  32 
156  3 
156  5 
156  17 
156  47 
157  100 
157  50 
157  2 
157  33 
158  7 
158  48 
158  4 
158  50 
159  110 
159  18 
159  13 
159  14 
160  40 
160  7 
160  11 
160  60 
161  7 
161  107 
161  10 
161  70 
162  135 
162  136 
162  97 
162  17 
163  145 
163  79 
163  9 
163  87 
164  79 
164  6 
164  1 
164  64 
165  144 
165  33 
165  4 
165  50 
166  22 
166  3 
166  14 
166  2 
167  67 
167  126 
167  3 
167  24 
168  30 
168  88 
168  17 
168  42 
169  22 
169  24 
169  7 
169  76 
170  1 
170  17 
170  140 
170  10 
171  138 
171  57 
171  103 
171  26 
172  158 
172  49 
172  24 
172  148 
173  148 
173  9 
173  1 
173  17 
174  30 
174  41 
174  113 
174  15 
175  3 
175  100 
175  95 
175  45 
176  140 
176  47 
176  3 
176  26 
177  2 
177  4 
177  163 
177  40 
178  45 
178  50 
178  88 
178  1 
179  88 
179  17 
179  45 
179  100 
180  38 
180  36 
180  52 
180  142 
181  8 
181  91 
181  31 
181  78 
182  38 
182  143 
182  65 
182  47 
183  2 
183  163 
183  89 
183  25 
184  10 
184  132 
184  5 
184  105 
185  18 
185  35 
185  43 
185  1 
186  152 
186  94 
186  2 
186  140 
187  172 
187  9 
187  4 
187  26 
188  50 
188  28 
188  100 
188  22 
189  62 
189  17 
189  54 
189  102 
190  108 
190  96 
190  134 
190  81 
191  14 
191  8 
191  94 
191  104 
192  3 
192  185 
192  9 
192  114 
193  124 
193  17 
193  5 
193  57 
194  7 
194  46 
194  100 
194  43 
195  117 
195  7 
195  87 
195  91 
196  63 
196  32 
196  7 
196  50 
197  95 
197  143 
197  91 
197  147 
198  89 
198  74 
198  21 
198  109 
199  41 
199  3 
199  4 
199  2 
200  51 
200  21 
200  4 
200  161 
1  201 
1  202 
1  203 
2  204 
2  201 
2  205 
2  206 
2  203 
3  204 
3  201 
3  206 
3  207 
3  202 
4  201 
4  206 
4  207 
4  203 
5  201 
5  205 
5  207 
5  202 
6  204 
6  205 
6  206 
6  202 
6  203 
7  205 
7  206 
7  207 
8  201 
8  207 
9  203 
10  206 
10  208 
10  203 
11  204 
11  201 
11  205 
11  202 
12  204 
12  201 
12  203 
13  204 
13  207 
13  202 
13  203 
14  201 
14  205 
14  208 
15  204 
15  201 
15  208 
15  202 
15  203 
16  204 
16  205 
16  206 
16  203 
17  201 
17  205 
17  202 
18  204 
18  201 
18  205 
18  206 
18  207 
18  208 
18  203 
19  205 
19  208 
19  202 
20  204 
20  205 
20  208 
20  202 
20  203 
21  204 
21  206 
21  208 
21  202 
22  201 
22  208 
22  202 
23  204 
23  201 
23  206 
23  207 
23  208 
23  202 
23  203 
24  204 
24  205 
24  202 
25  204 
25  201 
25  205 
25  206 
25  208 
25  203 
26  206 
26  208 
26  202 
27  204 
27  201 
27  205 
27  206 
27  208 
27  202 
28  201 
28  206 
28  207 
28  202 
28  203 
29  205 
29  207 
29  208 
29  202 
30  204 
30  205 
30  206 
30  207 
30  208 
30  202 
30  203 
31  204 
31  207 
31  202 
32  204 
32  201 
32  205 
32  206 
32  207 
32  208 
33  204 
33  201 
33  207 
33  208 
33  202 
33  203 
34  206 
34  202 
35  206 
36  201 
36  206 
36  208 
37  201 
37  206 
37  208 
37  202 
37  203 
38  204 
38  201 
38  202 
38  203 
39  204 
39  201 
39  206 
40  201 
40  207 
40  208 
40  203 
41  204 
41  205 
41  206 
41  207 
42  204 
42  201 
42  206 
42  207 
42  202 
42  203 
43  208 
43  203 
44  201 
44  205 
44  206 
44  202 
45  204 
45  205 
45  208 
45  203 
46  204 
46  201 
46  205 
46  208 
46  203 
47  204 
47  201 
47  206 
47  202 
47  203 
48  207 
48  203 
49  204 
49  207 
50  205 
50  206 
50  207 
50  202 
204  201 
201  205 
205  206 
206  207 
207  208 
208  202 
202  203 
201  206 
201  208 
201  202 
205  204 
205  208 
205  202 
206  204 
206  208 
206  202 
207  205 
207  202 
208  204 
203  204 
203  201 
203  205 
203  206 
203  208 
51  204 
51  201 
51  206 
51  202 
52  204 
52  207 
52  208 
52  203 
209  141 
209  93 
209  103 
209  145 
210  199 
210  198 
210  128 
210  42 
211  66 
211  28 
211  23 
211  108 
212  71 
212  156 
212  20 
212  63 
213  23 
213  8 
213  126 
213  130 
214  23 
214  176 
214  130 
214  17 
215  37 
215  93 
215  36 
215  10 
216  29 
216  196 
216  194 
216  189 
217  104 
217  108 
217  23 
217  143 
218  163 
218  108 
218  144 
218  83 
219  182 
219  215 
219  203 
219  101 
220  28 
220  103 
220  211 
220  188 
221  213 
221  209 
221  133 
221  186 
222  87 
222  219 
222  43 
222  78 
223  92 
223  151 
223  149 
223  102 
224  100 
224  194 
224  221 
224  33 
225  105 
225  109 
225  222 
225  58 
226  105 
226  219 
226  103 
226  113 
227  215 
227  120 
227  21 
227  209 
228  125 
228  102 
228  95 
228  221 
53  204 
53  201 
53  205 
53  206 
53  207 
53  202 
54  205 
54  203 
55  208 
229  17 
229  7 
229  55 
229  207 
230  58 
230  149 
230  110 
230  208 
231  145 
231  229 
231  25 
231  223 
232  88 
232  113 
232  167 
232  91 
233  212 
233  232 
233  219 
233  193 
234  88 
234  196 
234  177 
234  229 
235  102 
235  231 
235  34 
235  143 
236  160 
236  186 
236  77 
236  115 
237  131 
237  144 
237  164 
237  26 
238  126 
238  60 
238  19 
238  145 
239  116 
239  67 
239  164 
239  117 
240  230 
240  25 
240  86 
240  134 
241  233 
241  181 
241  57 
241  108 
242  105 
242  230 
242  240 
242  31 
243  91 
243  52 
243  2 
243  134 
244  158 
244  130 
244  2 
244  196 
245  236 
245  57 
245  166 
245  117 
246  62 
246  241 
246  75 
246  232 
247  149 
247  73 
247  10 
247  102 
248  186 
248  5 
248  226 
248  70 
 

