1  2 
1  3 
1  4 
1  5 
1  6 
1  7 
1  8 
1  9 
1  10 
2  3 
2  4 
2  5 
2  6 
2  7 
2  8 
2  9 
2  10 
3  4 
3  5 
3  6 
3  7 
3  8 
3  9 
3  10 
4  5 
4  6 
4  7 
4  8 
4  9 
4  10 
5  6 
5  7 
5  8 
5  9 
5  10 
6  7 
6  8 
6  9 
6  10 
7  8 
7  9 
7  10 
8  9 
8  10 
9  10 
11  8 
11  10 
11  4 
11  2 
12  10 
12  1 
12  3 
12  6 
13  5 
13  1 
13  8 
13  11 
14  6 
14  9 
14  13 
14  2 
15  8 
15  5 
15  9 
15  4 
16  8 
16  4 
16  9 
16  7 
17  6 
17  2 
17  1 
17  11 
18  5 
18  9 
18  10 
18  2 
19  15 
19  3 
19  4 
19  5 
20  4 
20  6 
20  14 
20  13 
21  1 
21  5 
21  7 
21  20 
22  16 
22  9 
22  5 
22  3 
23  4 
23  2 
23  20 
23  17 
24  2 
24  3 
24  11 
24  5 
25  4 
25  5 
25  7 
25  6 
26  3 
26  11 
26  25 
26  8 
27  1 
27  5 
27  7 
27  4 
28  12 
28  25 
28  9 
28  4 
29  2 
29  10 
29  23 
29  15 
30  4 
30  20 
30  5 
30  15 
31  5 
31  11 
31  16 
31  13 
32  28 
32  10 
32  4 
32  9 
33  23 
33  13 
33  26 
33  4 
34  33 
34  10 
34  17 
34  8 
35  17 
35  11 
35  34 
35  9 
36  2 
36  12 
36  6 
36  11 
37  6 
37  1 
37  2 
37  32 
38  12 
38  6 
38  9 
38  33 
39  26 
39  11 
39  16 
39  8 
40  20 
40  11 
40  28 
40  6 
41  3 
41  13 
41  33 
41  2 
42  17 
42  24 
42  18 
42  16 
43  16 
43  22 
43  29 
43  9 
44  28 
44  26 
44  41 
44  9 
45  29 
45  27 
45  9 
45  13 
46  1 
46  6 
46  23 
46  28 
47  10 
47  13 
47  1 
47  46 
48  9 
48  29 
48  1 
48  5 
49  6 
49  8 
49  31 
49  38 
50  39 
50  33 
50  7 
50  3 
51  1 
51  3 
51  10 
51  19 
52  13 
52  5 
52  44 
52  29 
53  15 
53  2 
53  6 
53  27 
54  20 
54  47 
54  25 
54  10 
55  26 
55  6 
55  7 
55  51 
56  25 
56  2 
56  20 
56  28 
57  4 
57  34 
57  44 
57  45 
58  4 
58  37 
58  9 
58  6 
59  33 
59  25 
59  5 
59  47 
60  12 
60  4 
60  2 
60  46 
61  5 
61  3 
61  58 
61  6 
62  16 
62  24 
62  1 
62  14 
63  24 
63  2 
63  32 
63  13 
64  47 
64  10 
64  59 
64  13 
65  39 
65  12 
65  11 
65  48 
66  4 
66  6 
66  33 
66  35 
67  46 
67  5 
67  17 
67  38 
68  1 
68  9 
68  5 
68  21 
69  18 
69  22 
69  13 
69  5 
70  29 
70  59 
70  27 
70  5 
71  38 
71  6 
71  45 
71  8 
72  29 
72  38 
72  47 
72  27 
73  2 
73  6 
73  29 
73  8 
74  6 
74  24 
74  29 
74  27 
75  61 
75  5 
75  2 
75  30 
76  8 
76  59 
76  39 
76  50 
77  41 
77  9 
77  3 
77  8 
78  3 
78  7 
78  48 
78  8 
79  33 
79  11 
79  29 
79  8 
80  4 
80  77 
80  63 
80  6 
81  6 
81  11 
81  8 
81  32 
82  79 
82  39 
82  7 
82  76 
83  47 
83  5 
83  12 
83  61 
84  5 
84  9 
84  13 
84  39 
85  35 
85  5 
85  40 
85  6 
86  35 
86  40 
86  26 
86  5 
87  46 
87  52 
87  16 
87  86 
88  13 
88  26 
88  2 
88  72 
89  2 
89  54 
89  26 
89  29 
90  34 
90  49 
90  16 
90  75 
91  7 
91  24 
91  80 
91  9 
92  54 
92  6 
92  4 
92  47 
93  6 
93  21 
93  9 
93  38 
94  5 
94  72 
94  87 
94  20 
95  80 
95  5 
95  28 
95  7 
96  82 
96  4 
96  31 
96  72 
97  12 
97  52 
97  5 
97  11 
98  93 
98  24 
98  9 
98  89 
99  56 
99  51 
99  3 
99  26 
100  13 
100  34 
100  92 
100  83 
101  10 
101  2 
101  71 
101  8 
102  9 
102  38 
102  26 
102  21 
103  55 
103  61 
103  92 
103  6 
104  33 
104  52 
104  77 
104  9 
105  13 
105  16 
105  12 
105  44 
106  2 
106  5 
106  6 
106  8 
107  102 
107  57 
107  38 
107  69 
108  94 
108  77 
108  10 
108  20 
109  38 
109  43 
109  19 
109  10 
110  16 
110  13 
110  78 
110  15 
111  35 
111  31 
111  8 
111  2 
112  51 
112  73 
112  93 
112  16 
113  16 
113  34 
113  71 
113  4 
114  22 
114  2 
114  13 
114  73 
115  1 
115  44 
115  16 
115  91 
116  47 
116  24 
116  80 
116  6 
117  88 
117  3 
117  13 
117  72 
118  11 
118  12 
118  50 
118  56 
119  6 
119  39 
119  28 
119  54 
120  34 
120  107 
120  102 
120  69 
121  6 
121  2 
121  13 
121  7 
122  6 
122  11 
122  9 
122  59 
123  47 
123  83 
123  6 
123  8 
124  2 
124  42 
124  11 
124  6 
125  122 
125  11 
125  17 
125  3 
126  3 
126  97 
126  81 
126  9 
127  80 
127  26 
127  25 
127  36 
128  3 
128  105 
128  26 
128  49 
129  110 
129  13 
129  6 
129  55 
130  103 
130  1 
130  6 
130  20 
131  72 
131  39 
131  1 
131  92 
132  71 
132  4 
132  11 
132  5 
133  47 
133  16 
133  119 
133  2 
134  34 
134  48 
134  42 
134  53 
135  56 
135  6 
135  10 
135  100 
136  38 
136  72 
136  26 
136  56 
137  2 
137  42 
137  93 
137  74 
138  110 
138  63 
138  48 
138  91 
139  40 
139  57 
139  14 
139  1 
140  5 
140  58 
140  45 
140  8 
141  36 
141  80 
141  61 
141  44 
142  18 
142  24 
142  13 
142  80 
143  28 
143  53 
143  65 
143  24 
144  47 
144  28 
144  108 
144  2 
145  7 
145  39 
145  47 
145  78 
146  142 
146  3 
146  81 
146  8 
147  5 
147  6 
147  69 
147  26 
148  102 
148  116 
148  4 
148  29 
149  10 
149  28 
149  8 
149  47 
150  93 
150  13 
150  20 
150  5 
151  12 
151  115 
151  42 
151  65 
152  87 
152  55 
152  72 
152  106 
153  10 
153  45 
153  3 
153  146 
154  122 
154  5 
154  140 
154  77 
155  51 
155  115 
155  94 
155  20 
156  2 
156  52 
156  29 
156  125 
157  116 
157  148 
157  156 
157  35 
158  8 
158  1 
158  87 
158  57 
159  65 
159  102 
159  100 
159  5 
160  137 
160  149 
160  13 
160  9 
161  10 
161  5 
161  13 
161  150 
162  146 
162  150 
162  43 
162  5 
163  7 
163  18 
163  22 
163  140 
164  12 
164  31 
164  58 
164  34 
165  157 
165  55 
165  31 
165  8 
166  28 
166  19 
166  157 
166  75 
167  28 
167  103 
167  24 
167  123 
168  3 
168  49 
168  1 
168  5 
169  73 
169  58 
169  40 
169  5 
170  18 
170  29 
170  9 
170  53 
171  20 
171  67 
171  29 
171  130 
172  93 
172  81 
172  13 
172  34 
173  77 
173  83 
173  16 
173  43 
174  7 
174  140 
174  118 
174  153 
175  165 
175  90 
175  8 
175  33 
176  98 
176  4 
176  72 
176  127 
177  126 
177  47 
177  157 
177  15 
178  7 
178  97 
178  153 
178  158 
179  49 
179  16 
179  28 
179  37 
180  6 
180  20 
180  65 
180  73 
181  30 
181  64 
181  9 
181  142 
182  42 
182  6 
182  30 
182  107 
183  139 
183  46 
183  1 
183  2 
184  31 
184  16 
184  49 
184  6 
185  48 
185  179 
185  140 
185  67 
186  16 
186  4 
186  87 
186  134 
187  7 
187  16 
187  34 
187  1 
188  9 
188  102 
188  115 
188  122 
189  8 
189  1 
189  69 
189  184 
190  133 
190  6 
190  3 
190  132 
191  47 
191  6 
191  112 
191  139 
192  44 
192  163 
192  121 
192  4 
193  70 
193  49 
193  136 
193  4 
194  49 
194  42 
194  24 
194  137 
195  5 
195  65 
195  72 
195  182 
196  175 
196  5 
196  178 
196  50 
197  8 
197  113 
197  9 
197  80 
198  85 
198  158 
198  187 
198  10 
199  4 
199  7 
199  34 
199  47 
200  182 
200  26 
200  94 
200  148 
1  201 
2  201 
2  202 
2  203 
2  204 
2  205 
2  206 
3  201 
3  202 
3  205 
3  206 
3  207 
4  201 
4  206 
4  207 
5  201 
5  208 
5  202 
5  204 
5  205 
6  201 
6  208 
6  202 
6  203 
6  204 
6  206 
6  207 
7  201 
7  203 
7  204 
7  205 
7  206 
7  207 
8  201 
8  208 
9  208 
9  205 
9  206 
10  202 
10  207 
11  201 
11  208 
11  202 
11  203 
11  205 
11  206 
11  207 
12  208 
12  203 
13  201 
13  202 
13  203 
14  201 
14  208 
14  204 
14  205 
15  201 
15  208 
15  202 
15  203 
15  204 
15  206 
16  208 
16  205 
17  202 
17  203 
17  205 
18  201 
18  204 
18  205 
18  206 
19  208 
19  202 
19  203 
19  204 
20  202 
20  203 
20  205 
20  207 
21  208 
21  204 
21  207 
22  202 
22  203 
23  201 
23  208 
23  203 
23  204 
23  205 
23  206 
23  207 
24  203 
24  204 
24  206 
24  207 
25  201 
25  208 
25  203 
25  205 
26  201 
26  203 
26  204 
26  205 
26  207 
27  201 
27  202 
27  206 
28  208 
28  203 
28  207 
29  202 
29  204 
30  208 
30  204 
30  205 
30  206 
31  205 
31  206 
31  207 
32  202 
32  203 
32  204 
32  206 
33  206 
34  201 
34  208 
34  202 
34  203 
34  205 
34  207 
35  201 
35  203 
35  204 
35  205 
35  206 
36  201 
36  208 
36  202 
36  206 
36  207 
37  201 
37  208 
37  206 
37  207 
38  208 
38  202 
38  203 
38  206 
39  208 
39  202 
39  205 
39  207 
40  201 
40  208 
40  203 
40  204 
40  207 
41  201 
41  208 
41  205 
41  207 
42  208 
42  203 
42  204 
42  205 
42  206 
43  201 
43  205 
43  207 
44  201 
44  208 
44  204 
44  205 
44  207 
45  203 
45  204 
45  205 
46  208 
46  202 
46  204 
46  205 
47  208 
47  202 
47  204 
48  201 
48  208 
48  202 
48  204 
48  206 
48  207 
49  208 
49  207 
50  201 
50  202 
50  203 
50  204 
50  207 
201  208 
208  202 
202  203 
203  204 
204  205 
205  206 
206  207 
201  203 
201  205 
208  204 
202  201 
202  205 
202  206 
203  205 
203  206 
204  202 
206  201 
206  208 
207  208 
207  203 
209  87 
209  204 
209  52 
209  69 
210  9 
210  115 
210  149 
210  6 
211  110 
211  36 
211  151 
211  137 
212  41 
212  20 
212  116 
212  202 
213  110 
213  21 
213  11 
213  59 
214  57 
214  163 
214  114 
214  70 
215  132 
215  1 
215  212 
215  108 
216  211 
216  171 
216  108 
216  205 
217  109 
217  211 
217  67 
217  43 
218  166 
218  214 
218  31 
218  3 
219  81 
219  110 
219  25 
219  22 
220  215 
220  2 
220  115 
220  50 
221  78 
221  6 
221  108 
221  48 
222  108 
222  162 
222  49 
222  41 
223  189 
223  48 
223  50 
223  147 
224  124 
224  51 
224  43 
224  48 
225  108 
225  83 
225  210 
225  218 
226  78 
226  60 
226  50 
226  122 
227  225 
227  78 
227  148 
227  220 
228  224 
228  212 
228  201 
228  214 
229  108 
229  150 
229  187 
229  93 
230  214 
230  78 
230  23 
230  141 
231  74 
231  228 
231  213 
231  175 
232  31 
232  211 
232  28 
232  18 
233  131 
233  216 
233  18 
233  202 
234  111 
234  104 
234  232 
234  117 
235  82 
235  211 
235  210 
235  152 
236  57 
236  212 
236  168 
236  48 
237  46 
237  220 
237  236 
237  185 
238  218 
238  108 
238  13 
238  110 
239  44 
239  148 
239  220 
239  113 
240  111 
240  104 
240  46 
240  137 
241  215 
241  20 
241  220 
241  43 
242  220 
242  212 
242  232 
242  214 
243  11 
243  3 
243  23 
243  152 
244  104 
244  31 
244  102 
244  162 
245  240 
245  212 
245  13 
245  152 
246  221 
246  219 
246  233 
246  57 
247  51 
247  110 
247  104 
247  235 
248  152 
248  211 
248  125 
248  20 
249  101 
249  132 
249  240 
249  63 
250  76 
250  183 
250  228 
250  240 
251  214 
251  78 
251  86 
251  138 
252  233 
252  234 
252  213 
252  215 
253  138 
253  216 
253  19 
253  48 
254  197 
254  20 
254  54 
254  214 
255  132 
255  104 
255  189 
255  226 
256  228 
256  104 
256  226 
256  108 
257  64 
257  212 
257  246 
257  225 
258  148 
258  115 
258  251 
258  93 
259  101 
259  128 
259  111 
259  242 
260  246 
260  115 
260  187 
260  224 
261  101 
261  192 
261  127 
261  92 
262  25 
262  100 
262  147 
262  231 
263  27 
263  136 
263  31 
263  248 
264  239 
264  207 
264  96 
264  214 
265  117 
265  59 
265  171 
265  49 
266  68 
266  263 
266  185 
266  27 
267  8 
267  258 
267  25 
267  159 
268  235 
268  228 
268  1 
268  181 
269  216 
269  105 
269  114 
269  250 
270  228 
270  59 
270  191 
270  196 
271  261 
271  70 
271  205 
271  158 
272  95 
272  75 
272  263 
272  237 
273  148 
273  261 
273  267 
273  165 
274  162 
274  27 
274  70 
274  80 
275  216 
275  42 
275  258 
275  111 
276  24 
276  241 
276  258 
276  32 
277  260 
277  50 
277  95 
277  77 
278  275 
278  190 
278  110 
278  117 
279  86 
279  27 
279  115 
279  30 
280  167 
280  109 
280  70 
280  214 
281  273 
281  41 
281  272 
281  279 
282  219 
282  270 
282  263 
282  56 
283  80 
283  171 
283  10 
283  232 
284  260 
284  269 
284  49 
284  36 
285  68 
285  56 
285  277 
285  278 
286  135 
286  239 
286  53 
286  196 
287  41 
287  256 
287  286 
287  27 
288  71 
288  279 
288  278 
288  283 
289  38 
289  286 
289  191 
289  91 
290  1 
290  163 
290  253 
290  17 
291  214 
291  256 
291  287 
291  248 
292  78 
292  290 
292  111 
292  270 
293  176 
293  53 
293  136 
293  127 
294  173 
294  113 
294  207 
294  134 
295  281 
295  4 
295  70 
295  275 
296  292 
296  274 
296  68 
296  46 
297  23 
297  295 
297  70 
297  68 
298  212 
298  220 
298  77 
298  89 
299  266 
299  146 
299  86 
299  46 
300  212 
300  146 
300  278 
300  269 
301  275 
301  286 
301  148 
301  105 
302  207 
302  277 
302  22 
302  114 
303  183 
303  277 
303  84 
303  262 
304  299 
304  6 
304  300 
304  26 
305  274 
305  17 
305  266 
305  64 
306  259 
306  128 
306  284 
306  282 
307  27 
307  264 
307  281 
307  265 
308  91 
308  263 
308  64 
308  277 
309  282 
309  213 
309  224 
309  103 
310  116 
310  213 
310  161 
310  10 
311  58 
311  68 
311  81 
311  147 
312  26 
312  307 
312  80 
312  145 
313  145 
313  310 
313  204 
313  280 
314  98 
314  208 
314  311 
314  86 
315  129 
315  11 
315  98 
315  252 
316  86 
316  14 
316  221 
316  195 
317  292 
317  129 
317  8 
317  62 
318  210 
318  239 
318  176 
318  116 
319  125 
319  210 
319  225 
319  193 
320  278 
320  213 
320  318 
320  2 
321  75 
321  205 
321  272 
321  149 
322  74 
322  171 
322  310 
322  314 
323  32 
323  119 
323  149 
323  125 
324  90 
324  133 
324  88 
324  244 
325  220 
325  292 
325  209 
325  106 
326  45 
326  324 
326  250 
326  194 
327  76 
327  313 
327  17 
327  14 
328  236 
328  73 
328  299 
328  268 
329  313 
329  310 
329  19 
329  217 
330  61 
330  320 
330  256 
330  96 
331  236 
331  326 
331  186 
331  274 
332  208 
332  324 
332  323 
332  177 
333  149 
333  39 
333  143 
333  166 
334  331 
334  191 
334  42 
334  41 
335  221 
335  14 
335  210 
335  194 
336  106 
336  190 
336  307 
336  17 
337  143 
337  89 
337  88 
337  241 
338  155 
338  196 
338  213 
338  297 
339  338 
339  333 
339  68 
339  336 
340  319 
340  239 
340  326 
340  202 
341  312 
341  320 
341  80 
341  200 
342  340 
342  210 
342  70 
342  236 
343  31 
343  205 
343  148 
343  193 
344  299 
344  6 
344  133 
344  149 
345  41 
345  49 
345  16 
345  6 
346  336 
346  112 
346  277 
346  126 
347  75 
347  119 
347  133 
347  118 
348  95 
348  332 
348  271 
348  147 
349  239 
349  318 
349  307 
349  332 
350  86 
350  339 
350  307 
350  68 
351  304 
351  320 
351  232 
351  157 
352  128 
352  316 
352  350 
352  113 
353  114 
353  138 
353  332 
353  336 
354  251 
354  176 
354  325 
354  10 
355  238 
355  61 
355  200 
355  31 
356  341 
356  293 
356  346 
356  106 
357  355 
357  208 
357  84 
357  86 
358  319 
358  49 
358  68 
358  208 
359  288 
359  6 
359  59 
359  235 
360  116 
360  51 
360  216 
360  187 
361  138 
361  187 
361  127 
361  66 
362  182 
362  111 
362  29 
362  37 
363  182 
363  360 
363  81 
363  62 
364  263 
364  160 
364  69 
364  234 
365  148 
365  114 
365  204 
365  308 
366  251 
366  360 
366  42 
366  90 
367  145 
367  228 
367  181 
367  171 
368  168 
368  157 
368  337 
368  359 
369  65 
369  357 
369  347 
369  278 
370  182 
370  132 
370  29 
370  307 
371  23 
371  58 
371  73 
371  20 
372  366 
372  181 
372  95 
372  10 
373  158 
373  171 
373  38 
373  269 
374  227 
374  156 
374  209 
374  66 
375  358 
375  316 
375  38 
375  182 
376  367 
376  147 
376  34 
376  22 
377  21 
377  358 
377  171 
377  182 
378  148 
378  315 
378  344 
378  174 
379  145 
379  34 
379  359 
379  10 
380  196 
380  367 
380  84 
380  70 
381  374 
381  333 
381  209 
381  58 
382  209 
382  339 
382  145 
382  342 
383  376 
383  380 
383  317 
383  182 
384  86 
384  18 
384  197 
384  199 
385  384 
385  22 
385  130 
385  284 
386  294 
386  83 
386  20 
386  111 
387  156 
387  377 
387  282 
387  209 
388  232 
388  91 
388  119 
388  22 
389  10 
389  360 
389  236 
389  145 
390  12 
390  241 
390  356 
390  151 
391  222 
391  301 
391  368 
391  132 
392  182 
392  173 
392  253 
392  382 
393  173 
393  230 
393  175 
393  349 
394  139 
394  20 
394  226 
394  130 
395  92 
395  234 
395  344 
395  240 
396  73 
396  387 
396  198 
396  79 
397  373 
397  292 
397  377 
397  382 
398  294 
398  62 
398  391 
398  322 
399  59 
399  229 
399  202 
399  167 
400  79 
400  377 
400  237 
400  390 
401  226 
401  196 
401  26 
401  306 
402  199 
402  346 
402  390 
402  389 
403  182 
403  46 
403  372 
403  125 
404  145 
404  308 
404  18 
404  328 
405  398 
405  206 
405  100 
405  368 
406  228 
406  148 
406  378 
406  102 
407  182 
407  170 
407  75 
407  157 
408  78 
408  197 
408  365 
408  22 
409  27 
409  379 
409  264 
409  13 
410  176 
410  369 
410  88 
410  365 
411  387 
411  167 
411  278 
411  272 
412  142 
412  271 
412  173 
412  298 
413  85 
413  130 
413  124 
413  2 
414  200 
414  93 
414  244 
414  412 
415  254 
415  20 
415  43 
415  269 
416  61 
416  239 
416  297 
416  352 
417  168 
417  368 
417  304 
417  259 
418  210 
418  189 
418  24 
418  98 
419  319 
419  412 
419  264 
419  254 
420  74 
420  104 
420  81 
420  9 
421  81 
421  332 
421  412 
421  367 
422  349 
422  196 
422  236 
422  412 
423  61 
423  16 
423  26 
423  300 
424  41 
424  310 
424  245 
424  413 
425  116 
425  275 
425  254 
425  51 
426  419 
426  126 
426  48 
426  230 
427  420 
427  188 
427  381 
427  201 
428  143 
428  379 
428  204 
428  48 
429  406 
429  30 
429  1 
429  334 
430  107 
430  355 
430  53 
430  264 
431  318 
431  66 
431  419 
431  409 
432  201 
432  82 
432  42 
432  35 
433  92 
433  412 
433  138 
433  191 
434  352 
434  71 
434  426 
434  289 
435  412 
435  35 
435  378 
435  347 
436  216 
436  20 
436  69 
436  60 
437  424 
437  109 
437  278 
437  244 
438  271 
438  29 
438  200 
438  423 
439  429 
439  49 
439  176 
439  91 
440  101 
440  269 
440  349 
440  328 
441  2 
441  133 
441  440 
441  332 
442  349 
442  254 
442  239 
442  367 
443  163 
443  239 
443  34 
443  362 
444  234 
444  375 
444  260 
444  135 
445  332 
445  375 
445  343 
445  213 
446  77 
446  431 
446  80 
446  50 
447  279 
447  373 
447  431 
447  245 
448  411 
448  254 
448  41 
448  287 
449  60 
449  254 
449  48 
449  77 
450  412 
450  433 
450  213 
450  410 
451  278 
451  365 
451  418 
451  416 
452  416 
452  176 
452  24 
452  335 
453  341 
453  452 
453  9 
453  292 
454  360 
454  232 
454  437 
454  15 
455  326 
455  163 
455  48 
455  352 
456  259 
456  180 
456  436 
456  254 
457  93 
457  451 
457  445 
457  421 
458  276 
458  414 
458  409 
458  278 
459  186 
459  215 
459  333 
459  339 
460  294 
460  224 
460  367 
460  363 
461  2 
461  423 
461  173 
461  340 
462  213 
462  309 
462  249 
462  123 
463  152 
463  442 
463  399 
463  95 
464  140 
464  247 
464  4 
464  180 
465  152 
465  266 
465  225 
465  446 
466  383 
466  77 
466  152 
466  32 
467  84 
467  112 
467  309 
467  365 
468  466 
468  449 
468  446 
468  186 
469  369 
469  269 
469  93 
469  90 
470  9 
470  90 
470  459 
470  108 
471  307 
471  90 
471  180 
471  359 
472  357 
472  452 
472  20 
472  353 
473  418 
473  414 
473  140 
473  256 
474  206 
474  467 
474  149 
474  237 
475  116 
475  93 
475  402 
475  469 
476  211 
476  288 
476  86 
476  434 
477  131 
477  132 
477  383 
477  394 
478  131 
478  350 
478  286 
478  77 
479  177 
479  152 
479  210 
479  329 
480  223 
480  476 
480  316 
480  381 
481  360 
481  311 
481  90 
481  356 
482  37 
482  459 
482  72 
482  77 
483  381 
483  283 
483  60 
483  166 
484  60 
484  166 
484  455 
484  473 
485  460 
485  293 
485  334 
485  36 
486  370 
486  460 
486  453 
486  430 
487  126 
487  113 
487  376 
487  425 
488  473 
488  286 
488  70 
488  119 
489  103 
489  309 
489  415 
489  248 
490  472 
490  293 
490  365 
490  131 
491  131 
491  20 
491  228 
491  89 
492  261 
492  426 
492  151 
492  481 
493  119 
493  360 
493  87 
493  414 
494  145 
494  155 
494  387 
494  402 
495  383 
495  208 
495  376 
495  449 
496  399 
496  454 
496  489 
496  478 
497  368 
497  455 
497  133 
497  452 
498  88 
498  332 
498  90 
498  430 
499  174 
499  299 
499  329 
499  14 
500  110 
500  72 
500  247 
500  208 
501  140 
501  206 
501  380 
501  133 
502  149 
502  85 
502  391 
502  151 
503  433 
503  100 
503  88 
503  461 
504  23 
504  237 
504  496 
504  475 
505  347 
505  459 
505  72 
505  77 
506  235 
506  383 
506  293 
506  247 
507  7 
507  383 
507  488 
507  455 
508  73 
508  424 
508  471 
508  461 
509  273 
509  219 
509  236 
509  497 
510  311 
510  394 
510  275 
510  256 
511  283 
511  161 
511  253 
511  320 
512  204 
512  23 
512  410 
512  25 
513  101 
513  36 
513  168 
513  120 
514  259 
514  393 
514  232 
514  36 
515  63 
515  355 
515  340 
515  404 
516  451 
516  154 
516  63 
516  221 
517  350 
517  461 
517  324 
517  158 
518  373 
518  504 
518  86 
518  475 
519  306 
519  30 
519  68 
519  334 
520  136 
520  394 
520  427 
520  171 
521  410 
521  52 
521  449 
521  108 
522  263 
522  200 
522  129 
522  95 
523  517 
523  404 
523  519 
523  328 
524  82 
524  508 
524  248 
524  198 
525  500 
525  240 
525  328 
525  277 
526  26 
526  409 
526  207 
526  509 
527  336 
527  412 
527  424 
527  364 
528  172 
528  332 
528  42 
528  52 
529  285 
529  115 
529  509 
529  404 
530  374 
530  524 
530  281 
530  277 
531  215 
531  530 
531  345 
531  97 
532  262 
532  224 
532  516 
532  335 
533  499 
533  76 
533  30 
533  522 
534  476 
534  509 
534  275 
534  63 
535  504 
535  132 
535  225 
535  422 
536  332 
536  103 
536  63 
536  3 
537  154 
537  115 
537  511 
537  203 
538  177 
538  238 
538  475 
538  476 
539  483 
539  512 
539  364 
539  380 
540  449 
540  318 
540  262 
540  385 
541  351 
541  36 
541  516 
541  507 
542  264 
542  515 
542  71 
542  40 
543  340 
543  518 
543  95 
543  517 
544  90 
544  477 
544  537 
544  364 
545  225 
545  436 
545  243 
545  71 
546  235 
546  152 
546  261 
546  76 
547  4 
547  477 
547  526 
547  516 
548  541 
548  537 
548  95 
548  166 
549  533 
549  40 
549  281 
549  168 
550  449 
550  79 
550  227 
550  476 
551  517 
551  76 
551  87 
551  44 
552  15 
552  551 
552  528 
552  544 
553  547 
553  182 
553  166 
553  551 
554  221 
554  551 
554  309 
554  63 
555  52 
555  467 
555  161 
555  195 
556  177 
556  539 
556  511 
556  509 
557  21 
557  432 
557  542 
557  508 
558  81 
558  160 
558  492 
558  94 
 

