1  2 
1  3 
1  4 
1  5 
1  6 
1  7 
1  8 
1  9 
1  10 
2  3 
2  4 
2  5 
2  6 
2  7 
2  8 
2  9 
2  10 
3  4 
3  5 
3  6 
3  7 
3  8 
3  9 
3  10 
4  5 
4  6 
4  7 
4  8 
4  9 
4  10 
5  6 
5  7 
5  8 
5  9 
5  10 
6  7 
6  8 
6  9 
6  10 
7  8 
7  9 
7  10 
8  9 
8  10 
9  10 
11  10 
11  9 
11  7 
11  8 
12  6 
12  7 
12  8 
12  11 
13  6 
13  7 
13  8 
13  3 
14  3 
14  2 
14  5 
14  1 
15  6 
15  4 
15  7 
15  10 
16  4 
16  3 
16  14 
16  6 
17  1 
17  7 
17  6 
17  2 
18  7 
18  6 
18  2 
18  10 
19  3 
19  9 
19  1 
19  5 
20  2 
20  8 
20  5 
20  4 
21  14 
21  4 
21  3 
21  8 
22  15 
22  5 
22  18 
22  3 
23  17 
23  1 
23  14 
23  8 
24  6 
24  8 
24  2 
24  17 
25  11 
25  22 
25  1 
25  9 
26  4 
26  7 
26  2 
26  8 
27  4 
27  6 
27  23 
27  12 
28  5 
28  25 
28  19 
28  6 
29  11 
29  5 
29  3 
29  9 
30  9 
30  24 
30  4 
30  10 
31  28 
31  7 
31  25 
31  15 
32  7 
32  5 
32  23 
32  8 
33  10 
33  20 
33  29 
33  19 
34  13 
34  26 
34  3 
34  4 
35  29 
35  10 
35  7 
35  8 
36  28 
36  31 
36  4 
36  19 
37  7 
37  18 
37  13 
37  12 
38  32 
38  31 
38  24 
38  13 
39  22 
39  17 
39  32 
39  5 
40  14 
40  27 
40  25 
40  6 
41  19 
41  27 
41  3 
41  9 
42  3 
42  12 
42  26 
42  2 
43  6 
43  25 
43  33 
43  10 
44  25 
44  6 
44  22 
44  13 
45  2 
45  13 
45  18 
45  7 
46  8 
46  39 
46  11 
46  12 
47  37 
47  2 
47  41 
47  4 
48  32 
48  31 
48  22 
48  21 
49  4 
49  5 
49  18 
49  22 
50  15 
50  11 
50  2 
50  4 
51  24 
51  23 
51  50 
51  45 
52  23 
52  42 
52  32 
52  10 
53  16 
53  52 
53  4 
53  1 
54  31 
54  22 
54  33 
54  20 
55  50 
55  43 
55  19 
55  7 
56  3 
56  4 
56  55 
56  5 
57  27 
57  13 
57  5 
57  8 
58  22 
58  6 
58  2 
58  32 
59  4 
59  3 
59  28 
59  10 
60  29 
60  40 
60  47 
60  3 
61  19 
61  1 
61  27 
61  56 
62  57 
62  9 
62  11 
62  2 
63  10 
63  8 
63  53 
63  22 
64  32 
64  4 
64  11 
64  30 
65  10 
65  6 
65  5 
65  46 
66  23 
66  4 
66  51 
66  8 
67  52 
67  50 
67  9 
67  1 
68  6 
68  4 
68  63 
68  55 
69  21 
69  54 
69  10 
69  5 
70  3 
70  63 
70  22 
70  61 
71  63 
71  4 
71  1 
71  29 
72  17 
72  40 
72  3 
72  21 
73  22 
73  30 
73  38 
73  18 
74  54 
74  62 
74  10 
74  11 
75  13 
75  27 
75  68 
75  8 
76  22 
76  5 
76  6 
76  7 
77  32 
77  71 
77  40 
77  50 
78  6 
78  23 
78  3 
78  2 
79  10 
79  20 
79  11 
79  17 
80  4 
80  7 
80  42 
80  38 
81  22 
81  20 
81  58 
81  68 
82  9 
82  43 
82  2 
82  21 
83  20 
83  14 
83  3 
83  18 
84  5 
84  40 
84  22 
84  19 
85  73 
85  71 
85  43 
85  56 
86  4 
86  7 
86  19 
86  46 
87  8 
87  55 
87  48 
87  56 
88  6 
88  2 
88  50 
88  62 
89  69 
89  54 
89  7 
89  16 
90  54 
90  22 
90  46 
90  3 
91  49 
91  9 
91  50 
91  58 
92  4 
92  3 
92  82 
92  83 
93  24 
93  38 
93  3 
93  77 
94  14 
94  7 
94  55 
94  44 
95  9 
95  8 
95  10 
95  50 
96  86 
96  11 
96  65 
96  54 
97  13 
97  1 
97  14 
97  9 
98  50 
98  24 
98  42 
98  27 
99  22 
99  5 
99  27 
99  7 
100  10 
100  12 
100  46 
100  89 
101  2 
101  94 
101  8 
101  28 
102  20 
102  14 
102  54 
102  38 
103  54 
103  80 
103  7 
103  22 
104  46 
104  68 
104  20 
104  24 
105  42 
105  8 
105  2 
105  50 
106  13 
106  48 
106  47 
106  24 
107  22 
107  7 
107  49 
107  21 
108  38 
108  87 
108  10 
108  51 
109  1 
109  4 
109  105 
109  15 
110  36 
110  19 
110  25 
110  23 
111  32 
111  1 
111  50 
111  13 
112  13 
112  6 
112  68 
112  8 
113  23 
113  8 
113  68 
113  51 
114  9 
114  22 
114  63 
114  19 
115  28 
115  96 
115  15 
115  3 
116  65 
116  29 
116  21 
116  5 
117  50 
117  8 
117  10 
117  1 
118  43 
118  38 
118  44 
118  3 
119  3 
119  16 
119  14 
119  19 
120  94 
120  58 
120  13 
120  8 
121  81 
121  1 
121  15 
121  13 
122  43 
122  87 
122  63 
122  6 
123  121 
123  108 
123  113 
123  10 
124  33 
124  6 
124  49 
124  13 
125  9 
125  64 
125  36 
125  13 
126  103 
126  88 
126  43 
126  69 
127  9 
127  68 
127  25 
127  29 
128  25 
128  105 
128  114 
128  38 
129  32 
129  6 
129  35 
129  54 
130  27 
130  108 
130  50 
130  96 
131  2 
131  24 
131  43 
131  52 
132  9 
132  90 
132  13 
132  95 
133  50 
133  8 
133  126 
133  14 
134  116 
134  120 
134  79 
134  67 
135  126 
135  55 
135  86 
135  10 
136  59 
136  25 
136  8 
136  2 
137  22 
137  29 
137  135 
137  5 
138  1 
138  10 
138  29 
138  13 
139  70 
139  84 
139  136 
139  44 
140  55 
140  124 
140  32 
140  107 
141  10 
141  138 
141  120 
141  84 
142  18 
142  4 
142  6 
142  2 
143  62 
143  72 
143  112 
143  9 
144  89 
144  11 
144  6 
144  22 
145  63 
145  83 
145  48 
145  12 
146  104 
146  12 
146  68 
146  5 
147  9 
147  30 
147  27 
147  28 
148  90 
148  46 
148  127 
148  25 
149  77 
149  25 
149  97 
149  7 
150  147 
150  2 
150  88 
150  7 
151  88 
151  10 
151  22 
151  84 
152  18 
152  50 
152  75 
152  59 
153  7 
153  28 
153  8 
153  32 
154  18 
154  7 
154  36 
154  140 
155  51 
155  5 
155  78 
155  111 
156  4 
156  2 
156  148 
156  7 
157  1 
157  48 
157  2 
157  136 
158  50 
158  108 
158  32 
158  54 
159  143 
159  5 
159  13 
159  4 
160  12 
160  40 
160  14 
160  10 
161  34 
161  36 
161  24 
161  14 
162  132 
162  97 
162  46 
162  25 
163  5 
163  52 
163  25 
163  107 
164  119 
164  95 
164  110 
164  10 
165  69 
165  27 
165  70 
165  9 
166  2 
166  4 
166  7 
166  26 
167  116 
167  4 
167  143 
167  125 
168  27 
168  3 
168  6 
168  49 
169  7 
169  76 
169  136 
169  26 
170  54 
170  5 
170  6 
170  69 
171  164 
171  86 
171  145 
171  6 
172  50 
172  27 
172  64 
172  168 
173  151 
173  39 
173  6 
173  27 
174  90 
174  5 
174  49 
174  50 
175  3 
175  126 
175  50 
175  11 
176  26 
176  97 
176  5 
176  94 
177  102 
177  13 
177  23 
177  7 
178  22 
178  103 
178  3 
178  151 
179  15 
179  8 
179  143 
179  9 
180  125 
180  172 
180  10 
180  42 
181  16 
181  135 
181  54 
181  8 
182  63 
182  69 
182  32 
182  8 
183  8 
183  36 
183  49 
183  59 
184  170 
184  69 
184  10 
184  25 
185  61 
185  22 
185  4 
185  83 
186  103 
186  42 
186  25 
186  30 
187  88 
187  25 
187  98 
187  22 
188  63 
188  43 
188  32 
188  149 
189  168 
189  10 
189  158 
189  4 
190  140 
190  44 
190  66 
190  59 
191  50 
191  84 
191  5 
191  63 
192  3 
192  12 
192  132 
192  143 
193  67 
193  27 
193  138 
193  132 
194  7 
194  151 
194  126 
194  10 
195  42 
195  73 
195  78 
195  48 
196  15 
196  38 
196  17 
196  32 
197  86 
197  29 
197  155 
197  108 
198  8 
198  93 
198  22 
198  189 
199  71 
199  138 
199  4 
199  10 
200  38 
200  92 
200  138 
200  68 
1  201 
1  202 
1  203 
1  204 
2  205 
2  206 
2  201 
2  207 
2  203 
3  205 
3  201 
3  208 
3  202 
4  208 
4  202 
4  203 
4  204 
5  202 
5  207 
5  204 
6  205 
6  204 
7  205 
7  206 
7  207 
7  203 
8  201 
8  208 
8  203 
8  204 
9  206 
9  208 
9  207 
9  203 
9  204 
10  205 
10  208 
10  202 
10  203 
10  204 
11  205 
11  206 
11  208 
11  202 
11  203 
11  204 
12  201 
12  208 
12  204 
13  208 
14  206 
14  201 
14  208 
14  207 
14  203 
14  204 
15  205 
15  201 
15  208 
15  203 
15  204 
16  206 
16  201 
17  201 
17  208 
17  202 
18  201 
18  207 
18  204 
19  206 
19  201 
19  207 
19  204 
20  206 
20  202 
21  206 
21  201 
21  208 
21  202 
21  207 
21  203 
21  204 
22  205 
22  208 
22  207 
23  205 
23  206 
23  201 
23  202 
24  205 
24  201 
24  202 
25  205 
25  208 
25  202 
25  203 
26  205 
26  201 
26  208 
26  202 
26  203 
27  201 
27  203 
27  204 
28  205 
28  206 
28  201 
28  204 
29  206 
29  208 
29  202 
29  207 
29  204 
30  205 
30  201 
30  203 
30  204 
31  205 
31  206 
31  208 
31  202 
31  207 
31  203 
31  204 
32  206 
32  202 
32  207 
32  203 
32  204 
33  206 
33  201 
33  208 
33  202 
33  203 
34  206 
34  201 
34  208 
34  203 
35  205 
35  201 
35  208 
36  206 
36  201 
36  202 
36  207 
36  204 
37  206 
37  201 
37  208 
37  207 
37  204 
38  206 
38  208 
38  202 
38  203 
38  204 
39  206 
39  208 
39  202 
39  207 
39  203 
39  204 
40  205 
40  201 
40  208 
40  202 
40  207 
40  204 
41  205 
41  201 
41  208 
41  203 
42  205 
42  206 
42  201 
42  202 
42  203 
43  205 
43  206 
43  201 
43  203 
44  205 
44  201 
44  208 
44  204 
45  202 
45  207 
45  203 
45  204 
46  201 
46  208 
46  207 
47  205 
47  206 
47  201 
47  208 
47  207 
47  204 
48  206 
48  201 
48  203 
49  206 
49  202 
49  204 
50  205 
50  206 
50  202 
50  203 
50  204 
205  206 
206  201 
201  208 
208  202 
202  207 
207  203 
203  204 
205  207 
206  208 
206  202 
206  207 
201  205 
201  202 
208  203 
202  203 
207  201 
203  205 
203  206 
203  201 
204  205 
204  202 
204  207 
51  205 
51  206 
51  201 
51  208 
51  204 
52  205 
52  206 
52  208 
52  207 
52  203 
52  204 
209  142 
209  42 
209  43 
209  47 
210  61 
210  9 
210  165 
210  39 
211  17 
211  107 
211  210 
211  180 
212  45 
212  148 
212  130 
212  134 
213  78 
213  18 
213  204 
213  163 
214  112 
214  176 
214  38 
214  127 
215  212 
215  31 
215  53 
215  159 
216  36 
216  152 
216  106 
216  45 
217  196 
217  18 
217  188 
217  134 
218  145 
218  164 
218  101 
218  171 
219  147 
219  53 
219  130 
219  183 
220  21 
220  33 
220  129 
220  26 
221  159 
221  209 
221  75 
221  218 
222  97 
222  36 
222  67 
222  165 
223  210 
223  134 
223  114 
223  222 
224  216 
224  223 
224  205 
224  105 
225  48 
225  129 
225  138 
225  211 
226  48 
226  193 
226  4 
226  114 
227  141 
227  124 
227  193 
227  183 
228  158 
228  217 
228  104 
228  180 
53  201 
53  208 
53  202 
53  207 
53  204 
54  206 
54  201 
54  202 
54  204 
55  201 
55  208 
55  202 
55  203 
229  39 
229  40 
229  228 
229  127 
230  66 
230  209 
230  78 
230  16 
231  1 
231  135 
231  120 
231  119 
232  219 
232  218 
232  20 
232  42 
233  201 
233  151 
233  1 
233  182 
234  163 
234  45 
234  146 
234  209 
235  232 
235  20 
235  102 
235  116 
236  186 
236  192 
236  165 
236  8 
237  232 
237  223 
237  226 
237  236 
238  220 
238  73 
238  130 
238  193 
239  191 
239  182 
239  116 
239  238 
240  78 
240  162 
240  86 
240  90 
241  41 
241  181 
241  86 
241  232 
242  56 
242  235 
242  73 
242  182 
243  107 
243  229 
243  28 
243  228 
244  126 
244  223 
244  101 
244  138 
245  214 
245  62 
245  229 
245  230 
246  38 
246  42 
246  15 
246  41 
247  95 
247  50 
247  37 
247  188 
248  46 
248  7 
248  19 
248  155 
56  205 
56  208 
56  202 
56  207 
56  203 
57  208 
57  202 
57  203 
249  9 
249  28 
249  180 
249  231 
250  182 
250  92 
250  114 
250  51 
251  226 
251  152 
251  207 
251  250 
252  66 
252  250 
252  133 
252  229 
253  208 
253  1 
253  204 
253  89 
254  78 
254  217 
254  155 
254  141 
255  92 
255  152 
255  91 
255  54 
256  27 
256  250 
256  124 
256  254 
257  153 
257  18 
257  256 
257  99 
258  162 
258  196 
258  230 
258  173 
259  101 
259  78 
259  29 
259  212 
260  136 
260  93 
260  124 
260  202 
261  215 
261  98 
261  113 
261  254 
262  224 
262  251 
262  249 
262  256 
263  126 
263  201 
263  122 
263  91 
264  47 
264  155 
264  258 
264  260 
265  152 
265  154 
265  255 
265  36 
266  141 
266  253 
266  77 
266  119 
267  79 
267  196 
267  34 
267  150 
268  60 
268  156 
268  43 
268  252 
 

