1  2 
1  3 
1  4 
1  5 
1  6 
1  7 
1  8 
1  9 
1  10 
2  3 
2  4 
2  5 
2  6 
2  7 
2  8 
2  9 
2  10 
3  4 
3  5 
3  6 
3  7 
3  8 
3  9 
3  10 
4  5 
4  6 
4  7 
4  8 
4  9 
4  10 
5  6 
5  7 
5  8 
5  9 
5  10 
6  7 
6  8 
6  9 
6  10 
7  8 
7  9 
7  10 
8  9 
8  10 
9  10 
11  7 
11  6 
11  1 
11  8 
12  8 
12  3 
12  1 
12  6 
13  8 
13  3 
13  6 
13  7 
14  1 
14  8 
14  6 
14  4 
15  5 
15  4 
15  7 
15  14 
16  6 
16  5 
16  1 
16  7 
17  9 
17  5 
17  6 
17  3 
18  7 
18  1 
18  14 
18  5 
19  6 
19  9 
19  12 
19  14 
20  5 
20  7 
20  6 
20  17 
21  16 
21  3 
21  8 
21  9 
22  3 
22  10 
22  7 
22  21 
23  6 
23  8 
23  5 
23  13 
24  3 
24  6 
24  12 
24  19 
25  21 
25  12 
25  24 
25  3 
26  15 
26  10 
26  1 
26  8 
27  10 
27  21 
27  2 
27  6 
28  11 
28  8 
28  3 
28  20 
29  4 
29  9 
29  21 
29  7 
30  22 
30  21 
30  8 
30  6 
31  21 
31  10 
31  9 
31  3 
32  9 
32  12 
32  29 
32  8 
33  31 
33  4 
33  7 
33  11 
34  6 
34  9 
34  4 
34  26 
35  2 
35  12 
35  9 
35  23 
36  16 
36  3 
36  17 
36  1 
37  27 
37  8 
37  9 
37  17 
38  14 
38  23 
38  12 
38  3 
39  33 
39  27 
39  28 
39  21 
40  2 
40  15 
40  8 
40  3 
41  6 
41  7 
41  18 
41  36 
42  35 
42  14 
42  6 
42  4 
43  7 
43  10 
43  39 
43  5 
44  39 
44  3 
44  6 
44  41 
45  18 
45  33 
45  6 
45  15 
46  7 
46  45 
46  44 
46  8 
47  21 
47  14 
47  1 
47  22 
48  6 
48  10 
48  9 
48  21 
49  16 
49  13 
49  4 
49  8 
50  37 
50  8 
50  31 
50  6 
51  33 
51  21 
51  44 
51  48 
52  4 
52  32 
52  36 
52  29 
53  10 
53  48 
53  9 
53  24 
54  44 
54  3 
54  37 
54  21 
55  54 
55  52 
55  9 
55  31 
56  27 
56  21 
56  12 
56  49 
57  37 
57  21 
57  33 
57  35 
58  17 
58  3 
58  7 
58  36 
59  29 
59  16 
59  21 
59  54 
60  21 
60  13 
60  14 
60  16 
61  6 
61  35 
61  3 
61  38 
62  37 
62  6 
62  9 
62  11 
63  6 
63  10 
63  59 
63  45 
64  47 
64  27 
64  33 
64  52 
65  10 
65  7 
65  47 
65  1 
66  9 
66  8 
66  21 
66  4 
67  3 
67  18 
67  11 
67  9 
68  26 
68  6 
68  56 
68  3 
69  26 
69  57 
69  27 
69  3 
70  55 
70  69 
70  64 
70  26 
71  22 
71  2 
71  13 
71  7 
72  36 
72  62 
72  7 
72  67 
73  6 
73  42 
73  4 
73  39 
74  68 
74  11 
74  50 
74  2 
75  69 
75  6 
75  18 
75  27 
76  15 
76  26 
76  25 
76  19 
77  32 
77  43 
77  3 
77  51 
78  77 
78  8 
78  60 
78  9 
79  27 
79  41 
79  10 
79  1 
80  70 
80  17 
80  3 
80  7 
81  44 
81  10 
81  35 
81  68 
82  6 
82  55 
82  33 
82  75 
83  35 
83  1 
83  18 
83  5 
84  62 
84  54 
84  3 
84  49 
85  3 
85  10 
85  38 
85  14 
86  21 
86  14 
86  82 
86  79 
87  21 
87  7 
87  4 
87  16 
88  35 
88  37 
88  4 
88  2 
89  22 
89  13 
89  47 
89  64 
90  21 
90  73 
90  7 
90  3 
91  5 
91  12 
91  44 
91  88 
92  27 
92  2 
92  20 
92  6 
93  69 
93  76 
93  37 
93  7 
94  77 
94  8 
94  47 
94  6 
95  23 
95  45 
95  3 
95  4 
96  60 
96  21 
96  1 
96  62 
97  22 
97  26 
97  90 
97  76 
98  16 
98  35 
98  21 
98  97 
99  63 
99  9 
99  60 
99  3 
100  22 
100  99 
100  21 
100  16 
101  33 
101  4 
101  7 
101  22 
102  51 
102  47 
102  76 
102  10 
103  11 
103  2 
103  76 
103  6 
104  52 
104  4 
104  51 
104  8 
105  59 
105  96 
105  81 
105  49 
106  15 
106  1 
106  7 
106  58 
107  81 
107  25 
107  51 
107  34 
108  5 
108  15 
108  11 
108  3 
109  4 
109  39 
109  73 
109  18 
110  37 
110  9 
110  21 
110  90 
111  2 
111  56 
111  3 
111  110 
112  17 
112  2 
112  4 
112  79 
113  84 
113  23 
113  8 
113  83 
114  29 
114  36 
114  81 
114  2 
115  17 
115  27 
115  34 
115  44 
116  1 
116  9 
116  24 
116  88 
117  3 
117  6 
117  8 
117  30 
118  94 
118  23 
118  9 
118  112 
119  1 
119  14 
119  7 
119  9 
120  21 
120  18 
120  10 
120  9 
121  56 
121  5 
121  54 
121  13 
122  70 
122  54 
122  111 
122  21 
123  2 
123  122 
123  6 
123  7 
124  7 
124  103 
124  21 
124  25 
125  114 
125  33 
125  93 
125  82 
126  30 
126  77 
126  4 
126  123 
127  105 
127  1 
127  8 
127  48 
128  23 
128  3 
128  58 
128  33 
129  6 
129  112 
129  4 
129  109 
130  26 
130  90 
130  83 
130  68 
131  69 
131  25 
131  37 
131  94 
132  10 
132  54 
132  44 
132  25 
133  80 
133  23 
133  90 
133  110 
134  7 
134  59 
134  69 
134  10 
135  34 
135  44 
135  23 
135  49 
136  7 
136  5 
136  100 
136  6 
137  40 
137  54 
137  15 
137  94 
138  31 
138  82 
138  8 
138  103 
139  109 
139  4 
139  3 
139  9 
140  12 
140  64 
140  17 
140  18 
141  1 
141  12 
141  5 
141  6 
142  7 
142  10 
142  37 
142  56 
143  9 
143  46 
143  11 
143  106 
144  32 
144  49 
144  23 
144  109 
145  112 
145  138 
145  125 
145  19 
146  122 
146  120 
146  1 
146  31 
147  6 
147  26 
147  13 
147  73 
148  82 
148  83 
148  146 
148  141 
149  79 
149  94 
149  68 
149  22 
150  31 
150  3 
150  50 
150  130 
151  111 
151  9 
151  37 
151  2 
152  44 
152  115 
152  126 
152  15 
153  69 
153  12 
153  116 
153  14 
154  59 
154  47 
154  6 
154  84 
155  52 
155  12 
155  3 
155  40 
156  130 
156  1 
156  37 
156  150 
157  148 
157  130 
157  16 
157  131 
158  155 
158  25 
158  10 
158  18 
159  125 
159  132 
159  7 
159  10 
160  3 
160  55 
160  149 
160  6 
161  120 
161  82 
161  49 
161  121 
162  13 
162  9 
162  36 
162  44 
163  81 
163  150 
163  124 
163  6 
164  49 
164  8 
164  137 
164  104 
165  16 
165  94 
165  29 
165  7 
166  59 
166  35 
166  128 
166  39 
167  138 
167  12 
167  1 
167  47 
168  107 
168  3 
168  34 
168  27 
169  116 
169  8 
169  4 
169  119 
170  127 
170  130 
170  10 
170  35 
171  3 
171  55 
171  66 
171  40 
172  14 
172  112 
172  40 
172  1 
173  54 
173  170 
173  63 
173  150 
174  161 
174  106 
174  14 
174  8 
175  85 
175  82 
175  49 
175  87 
176  117 
176  8 
176  112 
176  119 
177  165 
177  64 
177  81 
177  82 
178  33 
178  54 
178  35 
178  25 
179  39 
179  10 
179  1 
179  57 
180  21 
180  14 
180  148 
180  18 
181  8 
181  1 
181  149 
181  11 
182  18 
182  9 
182  5 
182  65 
183  110 
183  143 
183  46 
183  27 
184  7 
184  37 
184  44 
184  2 
185  55 
185  8 
185  35 
185  21 
186  6 
186  3 
186  62 
186  1 
187  30 
187  21 
187  6 
187  77 
188  16 
188  9 
188  60 
188  59 
189  68 
189  14 
189  20 
189  97 
190  9 
190  138 
190  135 
190  3 
191  119 
191  28 
191  53 
191  132 
192  14 
192  3 
192  148 
192  16 
193  7 
193  50 
193  12 
193  100 
194  31 
194  187 
194  68 
194  3 
195  22 
195  98 
195  12 
195  7 
196  20 
196  112 
196  39 
196  6 
197  23 
197  1 
197  47 
197  125 
198  81 
198  6 
198  129 
198  7 
199  71 
199  41 
199  4 
199  198 
200  45 
200  125 
200  61 
200  31 
1  201 
1  202 
2  203 
2  204 
2  205 
2  206 
3  201 
3  207 
3  204 
3  205 
3  208 
4  201 
4  207 
4  208 
5  201 
5  204 
5  205 
5  206 
5  202 
5  208 
6  201 
6  203 
6  205 
7  207 
7  205 
7  206 
8  201 
8  203 
8  207 
8  205 
8  206 
8  202 
9  207 
9  204 
9  205 
9  206 
9  208 
10  203 
10  207 
10  205 
10  206 
10  202 
10  208 
11  207 
11  206 
11  202 
12  201 
12  203 
12  207 
12  204 
12  206 
12  202 
12  208 
13  201 
13  203 
13  207 
13  204 
14  207 
14  204 
14  205 
14  206 
14  202 
15  203 
15  207 
15  206 
15  202 
15  208 
16  201 
16  203 
16  204 
17  201 
17  205 
17  206 
17  202 
18  201 
18  203 
18  207 
18  204 
18  205 
19  201 
19  203 
19  206 
19  202 
20  207 
20  205 
20  206 
20  208 
201  203 
203  207 
207  204 
204  205 
205  206 
206  202 
202  208 
201  204 
201  206 
201  202 
203  204 
203  206 
207  205 
207  206 
207  202 
204  206 
205  201 
205  203 
205  202 
208  207 
208  204 
209  55 
209  192 
209  173 
209  208 
210  159 
210  18 
210  133 
210  64 
211  42 
211  202 
211  34 
211  125 
212  122 
212  16 
212  25 
212  171 
213  33 
213  204 
213  61 
213  21 
214  195 
214  84 
214  130 
214  149 
215  111 
215  98 
215  164 
215  26 
216  69 
216  141 
216  154 
216  3 
217  212 
217  33 
217  81 
217  3 
218  46 
218  186 
218  12 
218  157 
219  48 
219  56 
219  213 
219  218 
220  124 
220  215 
220  155 
220  8 
221  3 
221  120 
221  7 
221  215 
222  26 
222  93 
222  37 
222  41 
223  25 
223  159 
223  52 
223  222 
224  219 
224  169 
224  213 
224  59 
225  71 
225  170 
225  213 
225  134 
226  59 
226  206 
226  218 
226  60 
227  187 
227  17 
227  95 
227  8 
228  154 
228  81 
228  218 
228  75 
229  30 
229  12 
229  77 
229  80 
230  162 
230  170 
230  61 
230  223 
231  209 
231  81 
231  149 
231  222 
232  226 
232  149 
232  169 
232  164 
233  114 
233  158 
233  34 
233  100 
234  50 
234  217 
234  186 
234  107 
235  62 
235  12 
235  217 
235  153 
236  38 
236  200 
236  189 
236  121 
237  6 
237  211 
237  83 
237  108 
238  93 
238  69 
238  21 
238  81 
239  188 
239  106 
239  146 
239  199 
240  17 
240  158 
240  166 
240  190 
241  4 
241  57 
241  154 
241  22 
242  130 
242  220 
242  150 
242  125 
243  228 
243  204 
243  191 
243  80 
244  118 
244  221 
244  101 
244  20 
245  159 
245  45 
245  132 
245  206 
246  160 
246  76 
246  154 
246  61 
247  246 
247  212 
247  60 
247  195 
248  221 
248  153 
248  230 
248  53 
249  42 
249  55 
249  49 
249  217 
250  93 
250  75 
250  33 
250  247 
251  222 
251  125 
251  235 
251  209 
252  125 
252  240 
252  236 
252  65 
253  199 
253  103 
253  98 
253  213 
254  211 
254  218 
254  21 
254  252 
255  81 
255  71 
255  147 
255  251 
256  142 
256  206 
256  78 
256  69 
257  246 
257  77 
257  21 
257  211 
258  74 
258  3 
258  228 
258  20 
259  233 
259  148 
259  117 
259  167 
260  33 
260  85 
260  100 
260  259 
261  97 
261  114 
261  35 
261  206 
262  34 
262  43 
262  162 
262  149 
263  180 
263  231 
263  108 
263  168 
264  252 
264  169 
264  114 
264  88 
265  203 
265  118 
265  183 
265  195 
266  43 
266  265 
266  78 
266  201 
267  265 
267  224 
267  184 
267  263 
268  49 
268  229 
268  197 
268  108 
269  41 
269  4 
269  129 
269  138 
270  97 
270  35 
270  88 
270  39 
271  264 
271  151 
271  114 
271  80 
272  109 
272  12 
272  34 
272  35 
273  198 
273  84 
273  135 
273  39 
274  203 
274  180 
274  40 
274  27 
275  263 
275  78 
275  84 
275  266 
276  56 
276  80 
276  106 
276  270 
277  110 
277  104 
277  172 
277  93 
278  12 
278  245 
278  273 
278  270 
279  97 
279  267 
279  181 
279  28 
280  127 
280  231 
280  173 
280  34 
281  73 
281  203 
281  259 
281  72 
282  68 
282  170 
282  97 
282  6 
283  135 
283  157 
283  124 
283  202 
284  278 
284  279 
284  266 
284  36 
285  44 
285  235 
285  272 
285  134 
286  118 
286  91 
286  269 
286  40 
287  108 
287  126 
287  214 
287  120 
288  142 
288  195 
288  266 
288  162 
289  198 
289  260 
289  89 
289  134 
290  269 
290  4 
290  270 
290  271 
291  260 
291  162 
291  221 
291  4 
292  191 
292  267 
292  126 
292  269 
293  237 
293  269 
293  136 
293  98 
294  250 
294  122 
294  199 
294  238 
295  173 
295  266 
295  64 
295  150 
296  254 
296  225 
296  272 
296  66 
297  150 
297  51 
297  134 
297  39 
298  252 
298  250 
298  243 
298  73 
299  173 
299  295 
299  263 
299  73 
300  295 
300  173 
300  211 
300  207 
301  134 
301  49 
301  292 
301  214 
302  278 
302  224 
302  148 
302  274 
303  167 
303  114 
303  106 
303  273 
304  261 
304  194 
304  203 
304  108 
305  253 
305  296 
305  149 
305  173 
306  81 
306  274 
306  120 
306  292 
307  159 
307  51 
307  59 
307  267 
308  35 
308  286 
308  192 
308  232 
309  155 
309  174 
309  130 
309  145 
310  254 
310  76 
310  190 
310  264 
311  113 
311  292 
311  199 
311  263 
312  251 
312  215 
312  165 
312  180 
313  156 
313  127 
313  285 
313  165 
314  83 
314  246 
314  38 
314  96 
315  83 
315  151 
315  272 
315  32 
316  186 
316  177 
316  37 
316  238 
317  32 
317  125 
317  45 
317  201 
318  282 
318  163 
318  273 
318  304 
319  12 
319  263 
319  315 
319  104 
320  319 
320  220 
320  213 
320  225 
321  188 
321  320 
321  126 
321  199 
322  54 
322  309 
322  318 
322  277 
323  148 
323  95 
323  171 
323  149 
324  294 
324  25 
324  138 
324  99 
325  318 
325  227 
325  109 
325  152 
326  153 
326  177 
326  19 
326  181 
327  243 
327  19 
327  286 
327  244 
328  313 
328  240 
328  309 
328  140 
329  104 
329  149 
329  107 
329  19 
330  273 
330  69 
330  40 
330  26 
331  60 
331  162 
331  311 
331  54 
332  175 
332  190 
332  316 
332  5 
333  137 
333  13 
333  16 
333  117 
334  263 
334  236 
334  140 
334  122 
335  327 
335  149 
335  324 
335  272 
336  99 
336  314 
336  126 
336  26 
337  29 
337  140 
337  148 
337  331 
338  107 
338  82 
338  129 
338  312 
339  230 
339  81 
339  316 
339  328 
340  219 
340  320 
340  34 
340  150 
341  333 
341  24 
341  204 
341  19 
342  150 
342  114 
342  292 
342  327 
343  199 
343  329 
343  312 
343  56 
344  273 
344  200 
344  322 
344  230 
345  319 
345  96 
345  315 
345  201 
346  82 
346  32 
346  39 
346  165 
347  188 
347  320 
347  220 
347  289 
348  322 
348  323 
348  86 
348  1 
349  153 
349  109 
349  326 
349  276 
350  238 
350  333 
350  3 
350  26 
351  334 
351  190 
351  324 
351  96 
352  256 
352  321 
352  59 
352  236 
353  69 
353  227 
353  340 
353  329 
354  96 
354  313 
354  183 
354  60 
355  327 
355  242 
355  297 
355  97 
356  66 
356  327 
356  126 
356  348 
357  316 
357  13 
357  149 
357  119 
358  209 
358  298 
358  199 
358  356 
359  52 
359  348 
359  6 
359  130 
360  121 
360  236 
360  172 
360  122 
361  222 
361  139 
361  227 
361  159 
362  251 
362  347 
362  160 
362  252 
363  27 
363  208 
363  169 
363  257 
364  363 
364  235 
364  102 
364  335 
365  115 
365  149 
365  212 
365  49 
366  360 
366  284 
366  268 
366  312 
367  292 
367  176 
367  330 
367  237 
368  176 
368  363 
368  131 
368  233 
369  176 
369  308 
369  1 
369  10 
370  89 
370  279 
370  318 
370  215 
371  271 
371  100 
371  362 
371  357 
372  221 
372  92 
372  140 
372  365 
373  153 
373  354 
373  257 
373  336 
374  54 
374  298 
374  79 
374  68 
375  319 
375  227 
375  33 
375  361 
376  347 
376  12 
376  230 
376  165 
377  158 
377  199 
377  6 
377  369 
378  18 
378  209 
378  261 
378  235 
379  312 
379  374 
379  29 
379  284 
380  318 
380  183 
380  21 
380  170 
381  33 
381  217 
381  324 
381  21 
382  154 
382  334 
382  231 
382  235 
383  33 
383  240 
383  100 
383  50 
384  40 
384  143 
384  228 
384  102 
385  376 
385  281 
385  179 
385  28 
386  298 
386  347 
386  371 
386  271 
387  383 
387  187 
387  9 
387  193 
388  366 
388  40 
388  286 
388  226 
389  140 
389  339 
389  53 
389  54 
390  266 
390  363 
390  89 
390  364 
391  35 
391  131 
391  294 
391  325 
392  100 
392  161 
392  371 
392  249 
393  133 
393  54 
393  243 
393  366 
394  77 
394  55 
394  316 
394  100 
395  135 
395  99 
395  379 
395  133 
396  252 
396  266 
396  189 
396  374 
397  336 
397  52 
397  21 
397  385 
398  21 
398  131 
398  53 
398  17 
399  183 
399  347 
399  15 
399  84 
400  357 
400  383 
400  16 
400  292 
401  150 
401  396 
401  309 
401  223 
402  124 
402  10 
402  366 
402  241 
403  335 
403  343 
403  382 
403  400 
404  28 
404  105 
404  362 
404  284 
405  381 
405  159 
405  88 
405  257 
406  39 
406  12 
406  75 
406  375 
407  341 
407  2 
407  241 
407  126 
408  89 
408  100 
408  60 
408  16 
409  120 
409  302 
409  109 
409  158 
410  78 
410  13 
410  409 
410  151 
411  245 
411  68 
411  361 
411  58 
412  11 
412  130 
412  133 
412  409 
413  245 
413  380 
413  24 
413  48 
414  252 
414  396 
414  90 
414  388 
415  294 
415  61 
415  368 
415  259 
416  259 
416  81 
416  390 
416  229 
417  343 
417  97 
417  316 
417  43 
418  62 
418  413 
418  390 
418  287 
419  9 
419  395 
419  141 
419  375 
420  72 
420  384 
420  413 
420  416 
421  79 
421  297 
421  276 
421  402 
422  314 
422  276 
422  407 
422  5 
423  419 
423  395 
423  122 
423  379 
424  414 
424  172 
424  32 
424  290 
425  285 
425  380 
425  395 
425  208 
426  58 
426  119 
426  92 
426  121 
427  141 
427  222 
427  219 
427  393 
428  415 
428  411 
428  403 
428  80 
429  338 
429  176 
429  306 
429  254 
430  366 
430  419 
430  393 
430  407 
431  161 
431  401 
431  421 
431  28 
432  284 
432  415 
432  58 
432  12 
433  410 
433  171 
433  81 
433  297 
434  90 
434  170 
434  104 
434  262 
435  303 
435  370 
435  417 
435  401 
436  228 
436  230 
436  284 
436  428 
437  164 
437  117 
437  55 
437  428 
438  84 
438  175 
438  112 
438  356 
439  34 
439  41 
439  262 
439  76 
440  186 
440  379 
440  175 
440  57 
441  413 
441  433 
441  248 
441  72 
442  425 
442  32 
442  424 
442  122 
443  415 
443  409 
443  389 
443  422 
444  13 
444  302 
444  67 
444  326 
445  431 
445  130 
445  419 
445  214 
446  152 
446  74 
446  68 
446  139 
447  86 
447  425 
447  152 
447  259 
448  393 
448  63 
448  19 
448  99 
449  437 
449  6 
449  299 
449  136 
450  120 
450  244 
450  336 
450  41 
451  345 
451  412 
451  41 
451  391 
452  14 
452  414 
452  210 
452  128 
453  430 
453  215 
453  346 
453  306 
454  37 
454  127 
454  87 
454  298 
455  74 
455  375 
455  85 
455  158 
456  214 
456  259 
456  434 
456  414 
457  214 
457  422 
457  421 
457  109 
458  107 
458  397 
458  199 
458  442 
459  277 
459  438 
459  181 
459  247 
460  408 
460  276 
460  261 
460  441 
461  130 
461  317 
461  22 
461  279 
462  401 
462  278 
462  187 
462  103 
463  454 
463  388 
463  325 
463  115 
464  25 
464  125 
464  317 
464  237 
465  450 
465  463 
465  333 
465  146 
466  443 
466  427 
466  303 
466  332 
467  384 
467  234 
467  115 
467  371 
468  44 
468  377 
468  414 
468  426 
469  424 
469  25 
469  433 
469  10 
470  81 
470  180 
470  39 
470  28 
471  103 
471  46 
471  228 
471  25 
472  266 
472  425 
472  417 
472  140 
473  16 
473  469 
473  325 
473  320 
474  173 
474  45 
474  345 
474  255 
475  238 
475  206 
475  44 
475  464 
476  277 
476  71 
476  190 
476  300 
477  130 
477  267 
477  219 
477  469 
478  238 
478  286 
478  282 
478  246 
479  328 
479  383 
479  57 
479  273 
480  273 
480  280 
480  121 
480  399 
481  12 
481  5 
481  56 
481  255 
482  308 
482  424 
482  158 
482  192 
483  173 
483  158 
483  238 
483  17 
484  39 
484  147 
484  453 
484  338 
485  462 
485  56 
485  471 
485  473 
486  2 
486  10 
486  325 
486  39 
487  55 
487  354 
487  63 
487  90 
488  63 
488  482 
488  467 
488  147 
489  323 
489  201 
489  252 
489  273 
490  425 
490  46 
490  195 
490  441 
491  383 
491  435 
491  33 
491  105 
492  290 
492  327 
492  476 
492  212 
493  79 
493  195 
493  162 
493  93 
494  375 
494  12 
494  303 
494  89 
495  358 
495  105 
495  333 
495  66 
496  317 
496  16 
496  169 
496  264 
497  489 
497  470 
497  224 
497  79 
498  314 
498  63 
498  494 
498  468 
499  142 
499  209 
499  178 
499  5 
500  264 
500  478 
500  460 
500  164 
501  352 
501  297 
501  407 
501  23 
502  286 
502  500 
502  49 
502  357 
503  184 
503  130 
503  500 
503  107 
504  158 
504  288 
504  278 
504  28 
505  72 
505  135 
505  469 
505  278 
506  103 
506  79 
506  373 
506  231 
507  191 
507  20 
507  330 
507  465 
508  418 
508  306 
508  482 
508  478 
509  342 
509  451 
509  287 
509  412 
510  90 
510  446 
510  178 
510  299 
511  137 
511  249 
511  129 
511  288 
512  465 
512  184 
512  194 
512  509 
513  397 
513  395 
513  142 
513  413 
514  130 
514  427 
514  25 
514  307 
515  427 
515  8 
515  513 
515  265 
516  155 
516  475 
516  433 
516  461 
517  244 
517  499 
517  22 
517  377 
518  486 
518  28 
518  206 
518  451 
519  237 
519  334 
519  487 
519  346 
520  7 
520  385 
520  153 
520  320 
521  114 
521  514 
521  476 
521  346 
522  518 
522  436 
522  510 
522  373 
523  368 
523  183 
523  282 
523  418 
524  8 
524  97 
524  145 
524  482 
525  193 
525  523 
525  518 
525  92 
526  524 
526  395 
526  114 
526  143 
527  112 
527  513 
527  8 
527  3 
528  346 
528  439 
528  443 
528  19 
529  347 
529  524 
529  214 
529  232 
530  513 
530  426 
530  134 
530  128 
531  19 
531  231 
531  370 
531  525 
532  433 
532  239 
532  528 
532  509 
533  72 
533  83 
533  499 
533  9 
534  197 
534  203 
534  475 
534  510 
535  531 
535  444 
535  418 
535  510 
536  153 
536  229 
536  178 
536  112 
537  461 
537  308 
537  203 
537  510 
538  11 
538  214 
538  389 
538  12 
539  358 
539  370 
539  200 
539  120 
540  457 
540  499 
540  121 
540  133 
541  533 
541  214 
541  409 
541  197 
542  323 
542  239 
542  531 
542  307 
543  468 
543  17 
543  348 
543  347 
544  489 
544  272 
544  119 
544  536 
545  334 
545  537 
545  471 
545  184 
546  371 
546  112 
546  223 
546  204 
547  541 
547  137 
547  544 
547  546 
548  149 
548  265 
548  460 
548  280 
549  197 
549  443 
549  186 
549  535 
550  487 
550  149 
550  444 
550  482 
551  401 
551  314 
551  548 
551  541 
552  23 
552  311 
552  34 
552  229 
553  480 
553  4 
553  91 
553  217 
554  454 
554  512 
554  531 
554  475 
555  526 
555  21 
555  530 
555  510 
556  514 
556  194 
556  377 
556  509 
557  121 
557  398 
557  445 
557  503 
558  460 
558  545 
558  275 
558  542 
559  99 
559  499 
559  330 
559  407 
560  522 
560  78 
560  121 
560  445 
561  526 
561  234 
561  514 
561  440 
562  414 
562  315 
562  359 
562  282 
563  166 
563  530 
563  501 
563  139 
564  404 
564  75 
564  329 
564  210 
565  83 
565  560 
565  216 
565  562 
566  226 
566  100 
566  234 
566  229 
567  82 
567  360 
567  518 
567  59 
568  314 
568  560 
568  28 
568  301 
569  314 
569  259 
569  182 
569  329 
570  134 
570  457 
570  567 
570  377 
571  160 
571  414 
571  373 
571  166 
572  301 
572  437 
572  267 
572  177 
573  360 
573  5 
573  188 
573  542 
574  407 
574  230 
574  287 
574  464 
575  360 
575  278 
575  252 
575  498 
576  363 
576  11 
576  443 
576  469 
577  468 
577  474 
577  11 
577  538 
578  567 
578  398 
578  477 
578  363 
579  455 
579  566 
579  81 
579  338 
580  282 
580  140 
580  386 
580  253 
581  410 
581  393 
581  268 
581  549 
582  215 
582  360 
582  216 
582  571 
583  278 
583  361 
583  474 
583  174 
584  107 
584  339 
584  28 
584  485 
585  224 
585  421 
585  520 
585  549 
586  485 
586  568 
586  273 
586  570 
587  376 
587  504 
587  385 
587  173 
588  400 
588  97 
588  303 
588  182 
589  14 
589  401 
589  250 
589  351 
590  529 
590  427 
590  311 
590  474 
591  58 
591  287 
591  193 
591  417 
592  160 
592  294 
592  168 
592  564 
593  379 
593  133 
593  564 
593  549 
594  388 
594  152 
594  264 
594  251 
595  301 
595  592 
595  560 
595  308 
596  488 
596  11 
596  566 
596  152 
597  273 
597  594 
597  438 
597  398 
598  374 
598  467 
598  577 
598  68 
599  592 
599  124 
599  68 
599  269 
600  479 
600  453 
600  274 
600  295 
601  469 
601  477 
601  348 
601  393 
602  8 
602  139 
602  264 
602  374 
603  471 
603  220 
603  482 
603  589 
604  404 
604  563 
604  56 
604  386 
605  266 
605  329 
605  268 
605  259 
606  549 
606  469 
606  580 
606  451 
607  387 
607  88 
607  82 
607  315 
608  258 
608  606 
608  4 
608  352 
609  78 
609  541 
609  317 
609  88 
610  62 
610  601 
610  125 
610  6 
611  568 
611  578 
611  411 
611  469 
612  223 
612  294 
612  195 
612  110 
613  414 
613  412 
613  610 
613  142 
614  318 
614  402 
614  224 
614  381 
615  108 
615  376 
615  2 
615  193 
616  311 
616  578 
616  211 
616  375 
617  135 
617  379 
617  183 
617  589 
618  615 
618  53 
618  325 
618  601 
619  199 
619  224 
619  436 
619  442 
620  596 
620  189 
620  481 
620  361 
621  93 
621  27 
621  379 
621  435 
622  251 
622  553 
622  421 
622  534 
623  389 
623  542 
623  378 
623  381 
624  35 
624  492 
624  544 
624  106 
625  77 
625  534 
625  570 
625  367 
626  306 
626  272 
626  593 
626  409 
627  300 
627  195 
627  77 
627  258 
628  258 
628  108 
628  318 
628  596 
629  207 
629  618 
629  624 
629  381 
630  360 
630  173 
630  314 
630  490 
631  111 
631  630 
631  14 
631  628 
632  626 
632  478 
632  28 
632  373 
633  564 
633  353 
633  434 
633  549 
634  508 
634  258 
634  494 
634  335 
635  331 
635  13 
635  77 
635  514 
636  314 
636  358 
636  284 
636  364 
637  268 
637  610 
637  378 
637  630 
638  611 
638  306 
638  618 
638  494 
639  402 
639  596 
639  161 
639  227 
640  110 
640  566 
640  397 
640  461 
641  608 
641  617 
641  393 
641  639 
642  267 
642  641 
642  160 
642  301 
643  600 
643  537 
643  381 
643  544 
644  627 
644  145 
644  79 
644  365 
645  188 
645  272 
645  24 
645  534 
646  481 
646  623 
646  350 
646  276 
647  290 
647  548 
647  258 
647  195 
648  402 
648  8 
648  229 
648  196 
649  293 
649  561 
649  632 
649  104 
650  517 
650  77 
650  619 
650  169 
651  620 
651  640 
651  578 
651  394 
652  482 
652  271 
652  623 
652  457 
653  463 
653  621 
653  411 
653  181 
654  372 
654  14 
654  620 
654  338 
655  443 
655  128 
655  302 
655  103 
656  16 
656  552 
656  105 
656  528 
657  327 
657  161 
657  372 
657  640 
658  492 
658  521 
658  467 
658  566 
659  203 
659  421 
659  499 
659  413 
660  452 
660  65 
660  560 
660  180 
661  372 
661  294 
661  499 
661  229 
662  161 
662  147 
662  146 
662  459 
663  13 
663  309 
663  505 
663  32 
664  4 
664  82 
664  336 
664  515 
665  50 
665  494 
665  103 
665  20 
666  624 
666  609 
666  230 
666  489 
667  112 
667  20 
667  230 
667  434 
668  30 
668  657 
668  489 
668  619 
669  398 
669  277 
669  396 
669  450 
670  56 
670  485 
670  159 
670  58 
671  61 
671  377 
671  149 
671  459 
672  517 
672  110 
672  459 
672  509 
673  380 
673  663 
673  360 
673  376 
674  378 
674  496 
674  473 
674  50 
675  349 
675  67 
675  470 
675  235 
676  150 
676  286 
676  649 
676  501 
677  667 
677  448 
677  160 
677  264 
678  289 
678  13 
678  37 
678  473 
679  85 
679  625 
679  453 
679  605 
680  287 
680  119 
680  277 
680  528 
681  580 
681  470 
681  676 
681  143 
682  134 
682  528 
682  564 
682  343 
683  470 
683  436 
683  140 
683  258 
684  110 
684  511 
684  103 
684  268 
685  529 
685  478 
685  10 
685  236 
686  509 
686  167 
686  31 
686  442 
687  414 
687  465 
687  323 
687  527 
688  415 
688  502 
688  413 
688  88 
689  468 
689  31 
689  197 
689  308 
690  240 
690  503 
690  605 
690  200 
691  230 
691  372 
691  534 
691  528 
692  498 
692  167 
692  666 
692  679 
693  345 
693  433 
693  672 
693  359 
694  296 
694  54 
694  59 
694  539 
695  294 
695  150 
695  396 
695  499 
696  36 
696  607 
696  683 
696  138 
697  496 
697  672 
697  108 
697  666 
698  680 
698  576 
698  248 
698  667 
699  204 
699  689 
699  663 
699  309 
700  606 
700  224 
700  79 
700  582 
701  517 
701  666 
701  330 
701  142 
702  660 
702  475 
702  545 
702  665 
703  224 
703  543 
703  645 
703  39 
704  465 
704  42 
704  230 
704  407 
705  676 
705  547 
705  326 
705  523 
706  84 
706  605 
706  664 
706  653 
707  309 
707  661 
707  58 
707  31 
708  528 
708  698 
708  508 
708  501 
709  80 
709  653 
709  332 
709  121 
710  409 
710  563 
710  495 
710  8 
711  558 
711  709 
711  173 
711  548 
712  18 
712  667 
712  615 
712  161 
713  315 
713  681 
713  674 
713  179 
714  117 
714  693 
714  544 
714  700 
715  238 
715  544 
715  395 
715  695 
716  130 
716  519 
716  674 
716  417 
717  470 
717  17 
717  348 
717  519 
718  408 
718  30 
718  4 
718  443 
719  702 
719  241 
719  287 
719  420 
720  516 
720  512 
720  650 
720  696 
721  715 
721  460 
721  693 
721  621 
722  119 
722  11 
722  417 
722  622 
723  31 
723  190 
723  301 
723  349 
724  255 
724  170 
724  244 
724  490 
725  4 
725  19 
725  47 
725  489 
726  166 
726  1 
726  238 
726  313 
727  481 
727  724 
727  170 
727  721 
728  18 
728  309 
728  125 
728  220 
729  700 
729  77 
729  502 
729  102 
730  390 
730  242 
730  472 
730  718 
731  701 
731  86 
731  630 
731  506 
732  119 
732  143 
732  189 
732  670 
733  520 
733  724 
733  606 
733  732 
734  98 
734  18 
734  196 
734  158 
735  86 
735  294 
735  217 
735  709 
736  544 
736  342 
736  522 
736  681 
737  391 
737  213 
737  572 
737  681 
738  589 
738  522 
738  222 
738  430 
739  712 
739  166 
739  405 
739  171 
740  236 
740  21 
740  542 
740  220 
741  329 
741  128 
741  676 
741  705 
742  526 
742  674 
742  234 
742  721 
743  544 
743  719 
743  105 
743  492 
744  78 
744  543 
744  131 
744  590 
745  58 
745  536 
745  703 
745  232 
746  741 
746  152 
746  497 
746  328 
747  506 
747  393 
747  135 
747  125 
748  647 
748  174 
748  69 
748  445 
749  44 
749  67 
749  366 
749  531 
750  612 
750  589 
750  77 
750  324 
751  523 
751  206 
751  482 
751  227 
752  507 
752  745 
752  534 
752  703 
753  348 
753  105 
753  569 
753  245 
754  650 
754  475 
754  414 
754  96 
755  360 
755  32 
755  115 
755  642 
756  729 
756  700 
756  240 
756  176 
757  481 
757  733 
757  728 
757  730 
758  417 
758  728 
758  398 
758  245 
759  355 
759  590 
759  13 
759  588 
760  616 
760  473 
760  517 
760  275 
761  536 
761  53 
761  495 
761  487 
762  308 
762  499 
762  356 
762  521 
763  452 
763  87 
763  598 
763  363 
764  614 
764  109 
764  90 
764  286 
765  439 
765  78 
765  286 
765  26 
766  752 
766  587 
766  534 
766  523 
767  205 
767  501 
767  594 
767  759 
768  483 
768  499 
768  490 
768  75 
769  158 
769  519 
769  740 
769  147 
770  760 
770  42 
770  675 
770  220 
771  581 
771  413 
771  207 
771  426 
772  88 
772  514 
772  746 
772  27 
773  745 
773  399 
773  485 
773  496 
774  12 
774  120 
774  346 
774  246 
775  622 
775  526 
775  614 
775  765 
776  248 
776  183 
776  321 
776  164 
777  219 
777  13 
777  305 
777  673 
778  25 
778  740 
778  217 
778  179 
779  445 
779  387 
779  337 
779  163 
780  752 
780  745 
780  146 
780  232 
781  687 
781  426 
781  699 
781  511 
782  418 
782  413 
782  587 
782  562 
783  474 
783  634 
783  769 
783  631 
784  581 
784  533 
784  502 
784  781 
785  539 
785  35 
785  769 
785  356 
786  531 
786  776 
786  504 
786  609 
787  750 
787  693 
787  21 
787  368 
788  716 
788  464 
788  16 
788  710 
789  153 
789  138 
789  383 
789  771 
790  175 
790  614 
790  483 
790  785 
791  320 
791  593 
791  631 
791  555 
792  146 
792  527 
792  484 
792  330 
793  628 
793  635 
793  781 
793  639 
794  128 
794  172 
794  406 
794  391 
795  361 
795  635 
795  258 
795  743 
796  495 
796  22 
796  630 
796  576 
797  204 
797  576 
797  642 
797  226 
798  752 
798  158 
798  320 
798  332 
799  150 
799  27 
799  641 
799  445 
800  372 
800  562 
800  142 
800  27 
801  547 
801  536 
801  736 
801  274 
802  630 
802  306 
802  797 
802  253 
803  207 
803  87 
803  794 
803  343 
804  771 
804  682 
804  773 
804  799 
805  644 
805  592 
805  416 
805  296 
806  142 
806  182 
806  348 
806  212 
807  749 
807  27 
807  555 
807  470 
808  754 
808  578 
808  432 
808  265 
809  399 
809  724 
809  592 
809  548 
810  366 
810  639 
810  685 
810  121 
811  8 
811  688 
811  199 
811  196 
812  690 
812  228 
812  107 
812  297 
813  186 
813  810 
813  96 
813  543 
814  276 
814  165 
814  408 
814  146 
815  162 
815  44 
815  336 
815  542 
816  58 
816  715 
816  595 
816  445 
817  97 
817  767 
817  541 
817  349 
818  597 
818  115 
818  35 
818  308 
819  601 
819  792 
819  624 
819  176 
820  377 
820  281 
820  425 
820  813 
821  93 
821  308 
821  242 
821  72 
822  539 
822  812 
822  802 
822  605 
823  549 
823  533 
823  65 
823  270 
824  811 
824  597 
824  771 
824  442 
825  375 
825  44 
825  380 
825  324 
826  818 
826  260 
826  410 
826  308 
827  425 
827  605 
827  93 
827  441 
828  522 
828  319 
828  531 
828  360 
829  151 
829  380 
829  827 
829  403 
830  109 
830  284 
830  376 
830  819 
831  175 
831  329 
831  415 
831  821 
832  500 
832  69 
832  535 
832  308 
833  645 
833  360 
833  821 
833  726 
834  346 
834  742 
834  168 
834  107 
835  238 
835  60 
835  532 
835  673 
836  826 
836  772 
836  580 
836  639 
837  452 
837  741 
837  156 
837  833 
838  181 
838  655 
838  326 
838  173 
839  452 
839  297 
839  301 
839  531 
840  567 
840  9 
840  365 
840  502 
841  48 
841  462 
841  79 
841  72 
842  255 
842  835 
842  639 
842  465 
843  567 
843  463 
843  72 
843  189 
844  433 
844  283 
844  616 
844  233 
845  797 
845  288 
845  44 
845  811 
846  617 
846  752 
846  313 
846  435 
847  232 
847  300 
847  64 
847  811 
848  38 
848  810 
848  441 
848  652 
849  603 
849  75 
849  181 
849  236 
850  474 
850  107 
850  310 
850  397 
851  424 
851  414 
851  67 
851  811 
852  319 
852  72 
852  828 
852  257 
853  242 
853  528 
853  548 
853  127 
854  507 
854  819 
854  843 
854  839 
855  308 
855  660 
855  556 
855  416 
856  741 
856  608 
856  228 
856  763 
857  618 
857  683 
857  279 
857  55 
858  811 
858  156 
858  493 
858  843 
859  830 
859  93 
859  796 
859  145 
860  505 
860  97 
860  243 
860  181 
861  125 
861  440 
861  576 
861  706 
862  816 
862  241 
862  587 
862  245 
863  735 
863  514 
863  399 
863  728 
864  471 
864  218 
864  449 
864  848 
865  720 
865  320 
865  530 
865  69 
866  429 
866  673 
866  741 
866  288 
867  187 
867  157 
867  277 
867  703 
868  519 
868  564 
868  124 
868  68 
869  632 
869  674 
869  10 
869  250 
870  4 
870  226 
870  490 
870  501 
871  478 
871  728 
871  74 
871  505 
872  863 
872  566 
872  871 
872  483 
873  660 
873  413 
873  198 
873  118 
874  353 
874  763 
874  873 
874  289 
875  540 
875  345 
875  561 
875  621 
876  452 
876  92 
876  656 
876  545 
877  860 
877  829 
877  869 
877  501 
878  754 
878  684 
878  510 
878  608 
879  675 
879  847 
879  871 
879  244 
880  801 
880  254 
880  836 
880  377 
881  352 
881  322 
881  378 
881  768 
882  491 
882  245 
882  783 
882  277 
883  835 
883  397 
883  413 
883  824 
884  870 
884  364 
884  73 
884  577 
885  859 
885  16 
885  721 
885  875 
886  577 
886  873 
886  618 
886  2 
887  770 
887  4 
887  116 
887  369 
888  580 
888  847 
888  726 
888  339 
889  236 
889  541 
889  193 
889  47 
890  25 
890  661 
890  882 
890  541 
891  767 
891  203 
891  880 
891  390 
892  322 
892  221 
892  157 
892  888 
893  23 
893  307 
893  284 
893  879 
894  885 
894  528 
894  113 
894  236 
895  238 
895  590 
895  64 
895  237 
896  374 
896  604 
896  29 
896  236 
897  279 
897  68 
897  350 
897  836 
898  858 
898  844 
898  609 
898  288 
899  544 
899  183 
899  865 
899  504 
900  881 
900  101 
900  429 
900  377 
901  435 
901  39 
901  865 
901  326 
902  240 
902  620 
902  103 
902  872 
903  662 
903  509 
903  561 
903  392 
904  563 
904  759 
904  499 
904  867 
905  47 
905  390 
905  246 
905  473 
906  236 
906  497 
906  713 
906  203 
907  787 
907  41 
907  451 
907  541 
908  76 
908  715 
908  859 
908  44 
909  442 
909  82 
909  90 
909  789 
910  408 
910  158 
910  860 
910  39 
911  543 
911  453 
911  194 
911  390 
912  452 
912  710 
912  516 
912  221 
913  225 
913  524 
913  490 
913  454 
914  744 
914  133 
914  433 
914  536 
915  79 
915  425 
915  110 
915  474 
916  364 
916  222 
916  311 
916  159 
917  585 
917  439 
917  311 
917  305 
918  460 
918  100 
918  670 
918  727 
919  133 
919  686 
919  141 
919  789 
920  373 
920  443 
920  237 
920  659 
921  138 
921  873 
921  699 
921  749 
922  349 
922  180 
922  877 
922  517 
923  696 
923  689 
923  599 
923  814 
924  562 
924  270 
924  125 
924  205 
925  214 
925  845 
925  919 
925  531 
926  133 
926  125 
926  417 
926  563 
927  154 
927  117 
927  601 
927  46 
928  925 
928  108 
928  18 
928  449 
929  656 
929  541 
929  850 
929  586 
930  367 
930  680 
930  107 
930  403 
931  447 
931  928 
931  255 
931  449 
932  442 
932  421 
932  171 
932  841 
933  932 
933  647 
933  609 
933  265 
934  830 
934  646 
934  647 
934  125 
935  355 
935  538 
935  414 
935  128 
936  749 
936  657 
936  364 
936  380 
937  270 
937  235 
937  178 
937  694 
938  274 
938  737 
938  19 
938  507 
939  490 
939  708 
939  74 
939  92 
940  727 
940  754 
940  567 
940  920 
941  527 
941  247 
941  683 
941  228 
942  226 
942  910 
942  62 
942  856 
943  794 
943  732 
943  243 
943  425 
944  925 
944  778 
944  547 
944  747 
945  849 
945  904 
945  204 
945  77 
946  662 
946  440 
946  261 
946  429 
947  918 
947  455 
947  403 
947  427 
948  936 
948  918 
948  909 
948  472 
949  491 
949  237 
949  473 
949  910 
950  746 
950  456 
950  245 
950  261 
951  710 
951  613 
951  77 
951  895 
952  93 
952  140 
952  32 
952  118 
953  31 
953  117 
953  864 
953  922 
954  744 
954  873 
954  562 
954  910 
955  502 
955  921 
955  622 
955  714 
956  824 
956  473 
956  468 
956  167 
957  405 
957  940 
957  647 
957  53 
958  474 
958  198 
958  261 
958  10 
959  370 
959  262 
959  879 
959  172 
960  419 
960  215 
960  467 
960  228 
961  420 
961  604 
961  935 
961  108 
962  898 
962  926 
962  860 
962  754 
963  915 
963  685 
963  956 
963  754 
964  405 
964  471 
964  300 
964  629 
965  416 
965  405 
965  238 
965  964 
966  543 
966  84 
966  510 
966  815 
967  510 
967  688 
967  460 
967  178 
968  148 
968  73 
968  723 
968  115 
969  831 
969  763 
969  775 
969  70 
970  762 
970  860 
970  228 
970  263 
971  831 
971  805 
971  809 
971  693 
972  136 
972  132 
972  418 
972  715 
973  859 
973  816 
973  227 
973  723 
974  469 
974  625 
974  891 
974  926 
975  581 
975  597 
975  681 
975  152 
976  588 
976  609 
976  179 
976  455 
977  21 
977  963 
977  397 
977  437 
978  636 
978  171 
978  416 
978  846 
979  376 
979  386 
979  378 
979  204 
980  587 
980  896 
980  403 
980  632 
981  166 
981  36 
981  397 
981  938 
982  186 
982  536 
982  878 
982  934 
983  899 
983  282 
983  885 
983  460 
984  981 
984  978 
984  441 
984  429 
985  622 
985  947 
985  905 
985  44 
986  636 
986  826 
986  371 
986  267 
987  708 
987  853 
987  385 
987  642 
988  407 
988  355 
988  310 
988  441 
989  329 
989  628 
989  217 
989  788 
990  191 
990  810 
990  443 
990  916 
991  657 
991  960 
991  339 
991  656 
992  187 
992  887 
992  165 
992  574 
993  682 
993  404 
993  898 
993  769 
994  267 
994  313 
994  863 
994  445 
995  152 
995  196 
995  615 
995  450 
996  175 
996  639 
996  151 
996  444 
997  779 
997  647 
997  839 
997  246 
998  693 
998  378 
998  644 
998  448 
999  166 
999  670 
999  136 
999  490 
1000  440 
1000  810 
1000  947 
1000  403 
1001  979 
1001  21 
1001  798 
1001  358 
1002  347 
1002  152 
1002  25 
1002  581 
1003  260 
1003  241 
1003  981 
1003  996 
1004  713 
1004  421 
1004  445 
1004  1000 
1005  797 
1005  444 
1005  232 
1005  630 
1006  977 
1006  238 
1006  934 
1006  887 
1007  76 
1007  935 
1007  872 
1007  25 
1008  788 
1008  740 
1008  674 
1008  722 
1009  241 
1009  184 
1009  411 
1009  227 
1010  707 
1010  994 
1010  620 
1010  502 
1011  174 
1011  745 
1011  377 
1011  239 
1012  895 
1012  484 
1012  885 
1012  136 
1013  765 
1013  273 
1013  902 
1013  885 
1014  1006 
1014  778 
1014  599 
1014  996 
1015  477 
1015  813 
1015  598 
1015  375 
1016  504 
1016  41 
1016  771 
1016  37 
1017  934 
1017  101 
1017  590 
1017  368 
1018  862 
1018  162 
1018  924 
1018  484 
1019  1006 
1019  488 
1019  337 
1019  613 
1020  843 
1020  156 
1020  316 
1020  356 
1021  741 
1021  219 
1021  632 
1021  237 
1022  123 
1022  933 
1022  846 
1022  865 
1023  646 
1023  64 
1023  392 
1023  395 
1024  158 
1024  856 
1024  609 
1024  237 
1025  371 
1025  57 
1025  264 
1025  528 
1026  549 
1026  297 
1026  83 
1026  156 
1027  352 
1027  532 
1027  559 
1027  819 
1028  916 
1028  308 
1028  230 
1028  517 
1029  352 
1029  1022 
1029  186 
1029  251 
1030  62 
1030  451 
1030  749 
1030  968 
1031  434 
1031  625 
1031  451 
1031  272 
1032  396 
1032  487 
1032  223 
1032  745 
1033  869 
1033  103 
1033  490 
1033  1028 
1034  358 
1034  28 
1034  563 
1034  697 
1035  1028 
1035  583 
1035  960 
1035  717 
1036  967 
1036  71 
1036  916 
1036  720 
1037  1011 
1037  772 
1037  607 
1037  33 
1038  492 
1038  121 
1038  536 
1038  1023 
1039  1011 
1039  83 
1039  1013 
1039  460 
1040  357 
1040  106 
1040  611 
1040  732 
1041  451 
1041  356 
1041  955 
1041  1037 
1042  163 
1042  400 
1042  706 
1042  503 
1043  792 
1043  277 
1043  767 
1043  1020 
1044  37 
1044  648 
1044  438 
1044  26 
1045  1044 
1045  103 
1045  1042 
1045  404 
1046  89 
1046  969 
1046  1028 
1046  330 
1047  106 
1047  795 
1047  1020 
1047  153 
1048  591 
1048  886 
1048  528 
1048  933 
1049  900 
1049  299 
1049  684 
1049  794 
1050  929 
1050  330 
1050  66 
1050  1016 
1051  993 
1051  316 
1051  857 
1051  692 
1052  378 
1052  811 
1052  677 
1052  310 
1053  206 
1053  256 
1053  307 
1053  1050 
1054  1039 
1054  1001 
1054  98 
1054  476 
1055  689 
1055  1024 
1055  519 
1055  1022 
1056  140 
1056  61 
1056  265 
1056  233 
1057  51 
1057  449 
1057  364 
1057  478 
1058  291 
1058  604 
1058  185 
1058  816 
1059  480 
1059  580 
1059  678 
1059  166 
1060  575 
1060  82 
1060  190 
1060  731 
1061  932 
1061  279 
1061  437 
1061  920 
1062  254 
1062  553 
1062  529 
1062  37 
1063  385 
1063  354 
1063  804 
1063  719 
1064  780 
1064  125 
1064  10 
1064  147 
1065  281 
1065  682 
1065  1023 
1065  811 
1066  549 
1066  304 
1066  493 
1066  758 
1067  99 
1067  841 
1067  478 
1067  316 
1068  799 
1068  567 
1068  963 
1068  690 
1069  612 
1069  343 
1069  624 
1069  330 
1070  585 
1070  895 
1070  405 
1070  592 
1071  509 
1071  777 
1071  124 
1071  184 
1072  1061 
1072  589 
1072  828 
1072  626 
1073  266 
1073  252 
1073  345 
1073  418 
1074  145 
1074  1011 
1074  156 
1074  486 
1075  998 
1075  397 
1075  370 
1075  1074 
1076  599 
1076  1039 
1076  269 
1076  1069 
1077  1055 
1077  195 
1077  565 
1077  642 
1078  417 
1078  60 
1078  836 
1078  626 
1079  779 
1079  196 
1079  444 
1079  1069 
1080  791 
1080  61 
1080  1071 
1080  896 
1081  119 
1081  184 
1081  509 
1081  929 
1082  948 
1082  377 
1082  929 
1082  595 
1083  211 
1083  279 
1083  400 
1083  304 
1084  1033 
1084  730 
1084  10 
1084  287 
1085  954 
1085  930 
1085  617 
1085  430 
1086  538 
1086  1071 
1086  831 
1086  349 
1087  1018 
1087  658 
1087  871 
1087  1004 
1088  1068 
1088  1082 
1088  620 
1088  993 
1089  1070 
1089  741 
1089  93 
1089  360 
1090  659 
1090  989 
1090  643 
1090  906 
1091  591 
1091  567 
1091  32 
1091  1016 
1092  400 
1092  196 
1092  1059 
1092  755 
1093  47 
1093  306 
1093  573 
1093  330 
1094  807 
1094  840 
1094  719 
1094  486 
1095  726 
1095  578 
1095  482 
1095  993 
1096  969 
1096  143 
1096  449 
1096  234 
1097  658 
1097  542 
1097  196 
1097  348 
1098  116 
1098  1094 
1098  608 
1098  810 
1099  790 
1099  1061 
1099  361 
1099  1075 
1100  509 
1100  806 
1100  690 
1100  51 
1101  474 
1101  656 
1101  234 
1101  279 
1102  20 
1102  1021 
1102  665 
1102  830 
1103  1035 
1103  62 
1103  958 
1103  447 
1104  325 
1104  99 
1104  179 
1104  23 
1105  20 
1105  190 
1105  993 
1105  778 
1106  13 
1106  1077 
1106  1063 
1106  1103 
1107  901 
1107  595 
1107  1077 
1107  230 
1108  61 
1108  864 
1108  147 
1108  792 
 

