1  2 
1  3 
1  4 
1  5 
1  6 
1  7 
1  8 
1  9 
1  10 
2  3 
2  4 
2  5 
2  6 
2  7 
2  8 
2  9 
2  10 
3  4 
3  5 
3  6 
3  7 
3  8 
3  9 
3  10 
4  5 
4  6 
4  7 
4  8 
4  9 
4  10 
5  6 
5  7 
5  8 
5  9 
5  10 
6  7 
6  8 
6  9 
6  10 
7  8 
7  9 
7  10 
8  9 
8  10 
9  10 
11  7 
11  1 
11  8 
11  10 
12  3 
12  1 
12  6 
12  9 
13  3 
13  4 
13  9 
13  5 
14  6 
14  3 
14  1 
14  10 
15  5 
15  8 
15  2 
15  10 
16  11 
16  10 
16  2 
16  3 
17  15 
17  3 
17  9 
17  16 
18  8 
18  2 
18  7 
18  4 
19  2 
19  17 
19  7 
19  4 
20  5 
20  3 
20  8 
20  6 
21  11 
21  16 
21  2 
21  7 
22  1 
22  10 
22  6 
22  4 
23  22 
23  3 
23  13 
23  15 
24  1 
24  4 
24  3 
24  14 
25  6 
25  5 
25  15 
25  3 
26  2 
26  15 
26  19 
26  5 
27  26 
27  17 
27  10 
27  1 
28  5 
28  10 
28  3 
28  7 
29  10 
29  25 
29  28 
29  8 
30  3 
30  5 
30  15 
30  29 
31  6 
31  29 
31  5 
31  19 
32  6 
32  9 
32  10 
32  7 
33  16 
33  23 
33  12 
33  11 
34  8 
34  2 
34  4 
34  7 
35  21 
35  5 
35  17 
35  6 
36  10 
36  3 
36  11 
36  15 
37  3 
37  17 
37  10 
37  23 
38  4 
38  2 
38  22 
38  5 
39  8 
39  22 
39  9 
39  2 
40  35 
40  16 
40  21 
40  6 
41  10 
41  22 
41  15 
41  29 
42  15 
42  7 
42  16 
42  3 
43  12 
43  2 
43  4 
43  18 
44  11 
44  3 
44  19 
44  20 
45  30 
45  2 
45  18 
45  4 
46  9 
46  10 
46  7 
46  8 
47  35 
47  13 
47  21 
47  10 
48  8 
48  5 
48  7 
48  11 
49  7 
49  22 
49  33 
49  28 
50  3 
50  18 
50  17 
50  16 
51  6 
51  37 
51  4 
51  9 
52  27 
52  6 
52  4 
52  10 
53  5 
53  50 
53  13 
53  15 
54  1 
54  23 
54  10 
54  50 
55  2 
55  4 
55  54 
55  27 
56  3 
56  46 
56  18 
56  2 
57  13 
57  21 
57  18 
57  5 
58  7 
58  57 
58  3 
58  53 
59  56 
59  11 
59  5 
59  17 
60  7 
60  56 
60  33 
60  6 
61  52 
61  9 
61  41 
61  2 
62  20 
62  8 
62  5 
62  36 
63  18 
63  30 
63  51 
63  11 
64  36 
64  1 
64  57 
64  47 
65  4 
65  64 
65  47 
65  1 
66  8 
66  25 
66  5 
66  19 
67  2 
67  57 
67  6 
67  28 
68  5 
68  60 
68  3 
68  62 
69  2 
69  16 
69  3 
69  20 
70  5 
70  4 
70  46 
70  66 
71  10 
71  39 
71  1 
71  6 
72  9 
72  30 
72  31 
72  45 
73  70 
73  40 
73  13 
73  41 
74  62 
74  4 
74  1 
74  11 
75  41 
75  70 
75  17 
75  2 
76  5 
76  32 
76  24 
76  18 
77  13 
77  76 
77  4 
77  8 
78  29 
78  66 
78  59 
78  3 
79  78 
79  76 
79  16 
79  62 
80  6 
80  1 
80  13 
80  50 
81  19 
81  10 
81  47 
81  70 
82  63 
82  8 
82  16 
82  5 
83  14 
83  50 
83  51 
83  71 
84  77 
84  11 
84  1 
84  4 
85  20 
85  40 
85  1 
85  4 
86  9 
86  18 
86  13 
86  8 
87  5 
87  74 
87  54 
87  69 
88  2 
88  5 
88  19 
88  22 
89  6 
89  10 
89  2 
89  24 
90  89 
90  19 
90  72 
90  55 
91  8 
91  11 
91  16 
91  26 
92  74 
92  14 
92  38 
92  16 
93  55 
93  4 
93  51 
93  11 
94  4 
94  6 
94  9 
94  8 
95  30 
95  18 
95  10 
95  64 
96  11 
96  46 
96  40 
96  2 
97  70 
97  19 
97  24 
97  30 
98  35 
98  11 
98  1 
98  3 
99  11 
99  1 
99  65 
99  76 
100  15 
100  11 
100  2 
100  10 
101  75 
101  1 
101  17 
101  89 
102  51 
102  52 
102  2 
102  18 
103  6 
103  99 
103  5 
103  33 
104  54 
104  92 
104  38 
104  2 
105  49 
105  48 
105  4 
105  15 
106  43 
106  82 
106  59 
106  6 
107  76 
107  33 
107  43 
107  24 
108  7 
108  32 
108  96 
108  99 
109  15 
109  21 
109  105 
109  32 
110  71 
110  93 
110  44 
110  11 
111  3 
111  10 
111  61 
111  106 
112  7 
112  77 
112  1 
112  101 
113  9 
113  4 
113  92 
113  78 
114  13 
114  10 
114  5 
114  2 
115  8 
115  85 
115  108 
115  15 
116  85 
116  9 
116  1 
116  7 
117  113 
117  13 
117  70 
117  60 
118  8 
118  50 
118  3 
118  57 
119  40 
119  57 
119  114 
119  44 
120  11 
120  77 
120  40 
120  10 
121  60 
121  66 
121  9 
121  15 
122  89 
122  70 
122  6 
122  28 
123  28 
123  71 
123  31 
123  60 
124  97 
124  10 
124  123 
124  2 
125  91 
125  4 
125  69 
125  62 
126  103 
126  119 
126  47 
126  7 
127  78 
127  55 
127  33 
127  45 
128  77 
128  15 
128  7 
128  41 
129  64 
129  9 
129  30 
129  6 
130  5 
130  4 
130  61 
130  31 
131  3 
131  4 
131  5 
131  35 
132  98 
132  15 
132  33 
132  4 
133  10 
133  6 
133  128 
133  75 
134  83 
134  68 
134  102 
134  5 
135  133 
135  11 
135  34 
135  5 
136  2 
136  19 
136  23 
136  48 
137  6 
137  7 
137  48 
137  88 
138  3 
138  5 
138  45 
138  100 
139  6 
139  83 
139  68 
139  10 
140  89 
140  120 
140  6 
140  4 
141  76 
141  11 
141  96 
141  6 
142  7 
142  100 
142  67 
142  57 
143  33 
143  24 
143  5 
143  66 
144  7 
144  3 
144  29 
144  2 
145  97 
145  48 
145  78 
145  10 
146  31 
146  60 
146  117 
146  24 
147  104 
147  50 
147  2 
147  63 
148  96 
148  7 
148  66 
148  77 
149  51 
149  144 
149  97 
149  4 
150  125 
150  35 
150  37 
150  14 
151  10 
151  50 
151  6 
151  2 
152  22 
152  150 
152  94 
152  6 
153  5 
153  23 
153  18 
153  10 
154  34 
154  40 
154  4 
154  11 
155  26 
155  4 
155  97 
155  123 
156  10 
156  55 
156  13 
156  9 
157  4 
157  18 
157  1 
157  9 
158  15 
158  11 
158  49 
158  98 
159  91 
159  23 
159  45 
159  75 
160  11 
160  100 
160  140 
160  156 
161  98 
161  36 
161  41 
161  90 
162  12 
162  27 
162  23 
162  92 
163  117 
163  101 
163  7 
163  4 
164  19 
164  10 
164  11 
164  16 
165  67 
165  61 
165  31 
165  77 
166  27 
166  7 
166  6 
166  114 
167  4 
167  82 
167  63 
167  13 
168  36 
168  10 
168  149 
168  111 
169  103 
169  72 
169  41 
169  141 
170  106 
170  16 
170  4 
170  57 
171  57 
171  145 
171  24 
171  100 
172  2 
172  152 
172  10 
172  85 
173  46 
173  27 
173  154 
173  47 
174  156 
174  15 
174  2 
174  170 
175  41 
175  97 
175  100 
175  168 
176  163 
176  4 
176  10 
176  138 
177  4 
177  53 
177  90 
177  20 
178  40 
178  4 
178  165 
178  68 
179  22 
179  98 
179  14 
179  13 
180  28 
180  56 
180  123 
180  145 
181  18 
181  148 
181  4 
181  7 
182  9 
182  152 
182  43 
182  40 
183  1 
183  9 
183  69 
183  142 
184  114 
184  60 
184  10 
184  51 
185  15 
185  2 
185  175 
185  9 
186  116 
186  19 
186  145 
186  112 
187  135 
187  96 
187  5 
187  127 
188  3 
188  150 
188  174 
188  22 
189  76 
189  158 
189  71 
189  77 
190  29 
190  160 
190  183 
190  9 
191  86 
191  55 
191  38 
191  105 
192  157 
192  46 
192  168 
192  19 
193  124 
193  15 
193  39 
193  28 
194  10 
194  18 
194  27 
194  51 
195  12 
195  18 
195  168 
195  117 
196  32 
196  13 
196  49 
196  174 
197  8 
197  125 
197  53 
197  37 
198  57 
198  44 
198  7 
198  3 
199  64 
199  14 
199  87 
199  136 
200  21 
200  151 
200  83 
200  188 
1  201 
1  202 
1  203 
2  204 
2  205 
2  203 
3  201 
3  204 
3  202 
3  206 
4  201 
4  202 
4  207 
4  208 
4  205 
5  204 
5  202 
5  207 
5  203 
6  208 
6  205 
6  203 
7  202 
7  208 
7  203 
8  204 
8  202 
8  207 
8  208 
8  206 
8  205 
8  203 
9  201 
9  207 
9  206 
10  201 
10  202 
10  207 
10  205 
10  203 
11  201 
11  206 
11  203 
12  204 
12  202 
12  207 
12  205 
13  204 
13  208 
13  206 
13  205 
14  202 
14  207 
14  208 
14  205 
14  203 
15  201 
15  204 
15  202 
15  208 
16  201 
16  208 
16  206 
16  203 
17  201 
17  204 
17  202 
17  207 
17  206 
17  205 
17  203 
18  204 
18  202 
18  208 
18  206 
18  205 
19  201 
19  202 
19  207 
19  208 
19  206 
19  203 
20  204 
20  202 
20  206 
201  204 
204  202 
202  207 
207  208 
208  206 
206  205 
205  203 
201  202 
201  207 
201  208 
201  206 
201  205 
204  207 
204  208 
204  206 
202  206 
202  205 
207  205 
208  202 
208  205 
203  207 
203  206 
209  144 
209  74 
209  7 
209  157 
210  117 
210  41 
210  202 
210  156 
211  146 
211  47 
211  183 
211  165 
212  59 
212  185 
212  193 
212  109 
213  142 
213  32 
213  5 
213  35 
214  16 
214  188 
214  213 
214  86 
215  164 
215  188 
215  63 
215  129 
216  12 
216  143 
216  164 
216  169 
217  22 
217  109 
217  118 
217  47 
218  88 
218  170 
218  119 
218  167 
219  169 
219  164 
219  125 
219  204 
220  67 
220  92 
220  63 
220  159 
221  1 
221  56 
221  204 
221  28 
222  199 
222  20 
222  156 
222  129 
223  25 
223  190 
223  63 
223  73 
224  44 
224  141 
224  121 
224  50 
225  185 
225  39 
225  203 
225  13 
226  211 
226  206 
226  175 
226  223 
227  37 
227  87 
227  79 
227  16 
228  222 
228  71 
228  184 
228  144 
229  71 
229  137 
229  177 
229  92 
230  154 
230  128 
230  218 
230  14 
231  5 
231  38 
231  230 
231  19 
232  156 
232  111 
232  158 
232  224 
233  213 
233  157 
233  24 
233  155 
234  205 
234  129 
234  45 
234  105 
235  39 
235  218 
235  16 
235  231 
236  164 
236  76 
236  18 
236  149 
237  74 
237  8 
237  9 
237  208 
238  141 
238  165 
238  156 
238  52 
239  160 
239  72 
239  2 
239  38 
240  141 
240  69 
240  119 
240  48 
241  121 
241  194 
241  106 
241  85 
242  196 
242  100 
242  150 
242  231 
243  221 
243  227 
243  230 
243  103 
244  15 
244  216 
244  111 
244  129 
245  24 
245  177 
245  225 
245  100 
246  71 
246  53 
246  125 
246  242 
247  178 
247  156 
247  184 
247  203 
248  127 
248  86 
248  71 
248  225 
249  214 
249  187 
249  54 
249  210 
250  230 
250  111 
250  100 
250  89 
251  231 
251  219 
251  149 
251  179 
252  121 
252  210 
252  109 
252  129 
253  231 
253  188 
253  134 
253  138 
254  70 
254  177 
254  91 
254  242 
255  156 
255  139 
255  22 
255  224 
256  59 
256  22 
256  20 
256  72 
257  216 
257  39 
257  71 
257  250 
258  244 
258  231 
258  234 
258  159 
259  132 
259  63 
259  207 
259  230 
260  166 
260  43 
260  167 
260  195 
261  66 
261  241 
261  139 
261  60 
262  259 
262  6 
262  220 
262  166 
263  148 
263  180 
263  104 
263  239 
264  259 
264  97 
264  190 
264  120 
265  261 
265  73 
265  180 
265  59 
266  123 
266  28 
266  24 
266  141 
267  101 
267  92 
267  232 
267  16 
268  148 
268  128 
268  23 
268  122 
269  267 
269  12 
269  196 
269  148 
270  225 
270  107 
270  63 
270  23 
271  189 
271  187 
271  269 
271  148 
272  199 
272  185 
272  180 
272  19 
273  272 
273  13 
273  192 
273  259 
274  200 
274  88 
274  245 
274  116 
275  167 
275  260 
275  34 
275  269 
276  248 
276  210 
276  18 
276  115 
277  27 
277  263 
277  80 
277  202 
278  100 
278  241 
278  225 
278  112 
279  159 
279  196 
279  278 
279  23 
280  148 
280  159 
280  182 
280  101 
281  59 
281  229 
281  228 
281  271 
282  260 
282  28 
282  242 
282  94 
283  268 
283  256 
283  274 
283  156 
284  32 
284  271 
284  60 
284  210 
285  282 
285  211 
285  56 
285  29 
286  241 
286  199 
286  171 
286  259 
287  271 
287  278 
287  1 
287  199 
288  25 
288  93 
288  229 
288  120 
289  204 
289  156 
289  28 
289  92 
290  28 
290  237 
290  191 
290  126 
291  81 
291  154 
291  288 
291  196 
292  115 
292  59 
292  286 
292  264 
293  45 
293  182 
293  266 
293  120 
294  59 
294  129 
294  273 
294  196 
295  129 
295  142 
295  1 
295  273 
296  156 
296  277 
296  280 
296  115 
297  270 
297  149 
297  5 
297  186 
298  159 
298  28 
298  186 
298  274 
299  168 
299  122 
299  97 
299  267 
300  259 
300  189 
300  295 
300  192 
301  267 
301  30 
301  60 
301  183 
302  37 
302  284 
302  298 
302  291 
303  259 
303  294 
303  196 
303  23 
304  199 
304  47 
304  270 
304  175 
305  10 
305  232 
305  170 
305  62 
306  212 
306  124 
306  288 
306  270 
307  73 
307  86 
307  241 
307  244 
308  280 
308  266 
308  277 
308  24 
309  119 
309  69 
309  72 
309  238 
310  238 
310  275 
310  236 
310  208 
311  180 
311  176 
311  153 
311  310 
312  284 
312  63 
312  16 
312  158 
313  141 
313  282 
313  234 
313  274 
314  288 
314  313 
314  310 
314  166 
315  179 
315  116 
315  194 
315  248 
316  286 
316  193 
316  299 
316  138 
317  164 
317  179 
317  86 
317  244 
318  196 
318  39 
318  317 
318  11 
319  310 
319  243 
319  176 
319  289 
320  15 
320  146 
320  34 
320  282 
321  174 
321  220 
321  160 
321  170 
322  242 
322  43 
322  116 
322  222 
323  1 
323  322 
323  234 
323  230 
324  230 
324  27 
324  207 
324  140 
325  66 
325  134 
325  128 
325  98 
326  313 
326  256 
326  316 
326  114 
327  155 
327  95 
327  31 
327  291 
328  13 
328  318 
328  56 
328  220 
329  107 
329  156 
329  123 
329  320 
330  311 
330  242 
330  179 
330  138 
331  174 
331  89 
331  320 
331  244 
332  285 
332  20 
332  131 
332  323 
333  287 
333  46 
333  111 
333  131 
334  309 
334  327 
334  140 
334  321 
335  82 
335  76 
335  148 
335  266 
336  219 
336  2 
336  217 
336  85 
337  232 
337  196 
337  249 
337  242 
338  174 
338  258 
338  138 
338  197 
339  85 
339  172 
339  220 
339  274 
340  309 
340  310 
340  323 
340  318 
341  208 
341  207 
341  169 
341  199 
342  250 
342  22 
342  217 
342  311 
343  326 
343  238 
343  257 
343  199 
344  287 
344  8 
344  190 
344  321 
345  180 
345  229 
345  338 
345  307 
346  311 
346  29 
346  16 
346  268 
347  277 
347  305 
347  182 
347  180 
348  194 
348  343 
348  179 
348  327 
349  145 
349  164 
349  170 
349  282 
350  211 
350  48 
350  349 
350  344 
351  337 
351  321 
351  256 
351  139 
352  312 
352  309 
352  7 
352  130 
353  325 
353  286 
353  112 
353  343 
354  313 
354  91 
354  34 
354  309 
355  155 
355  307 
355  179 
355  194 
356  339 
356  316 
356  310 
356  247 
357  278 
357  39 
357  159 
357  352 
358  74 
358  309 
358  180 
358  323 
 

