1  2 
1  3 
1  4 
1  5 
1  6 
1  7 
1  8 
1  9 
1  10 
2  3 
2  4 
2  5 
2  6 
2  7 
2  8 
2  9 
2  10 
3  4 
3  5 
3  6 
3  7 
3  8 
3  9 
3  10 
4  5 
4  6 
4  7 
4  8 
4  9 
4  10 
5  6 
5  7 
5  8 
5  9 
5  10 
6  7 
6  8 
6  9 
6  10 
7  8 
7  9 
7  10 
8  9 
8  10 
9  10 
11  4 
11  9 
11  6 
11  5 
12  4 
12  9 
12  8 
12  1 
13  1 
13  4 
13  7 
13  8 
14  6 
14  7 
14  9 
14  1 
15  1 
15  8 
15  7 
15  9 
16  14 
16  9 
16  4 
16  13 
17  10 
17  2 
17  4 
17  9 
18  14 
18  8 
18  1 
18  6 
19  5 
19  8 
19  9 
19  10 
20  1 
20  18 
20  13 
20  10 
21  8 
21  6 
21  5 
21  13 
22  14 
22  12 
22  5 
22  19 
23  4 
23  15 
23  1 
23  14 
24  5 
24  20 
24  19 
24  7 
25  12 
25  14 
25  8 
25  13 
26  10 
26  6 
26  8 
26  16 
27  2 
27  6 
27  12 
27  4 
28  22 
28  10 
28  4 
28  1 
29  20 
29  3 
29  4 
29  25 
30  15 
30  19 
30  6 
30  29 
31  19 
31  9 
31  18 
31  2 
32  1 
32  4 
32  31 
32  8 
33  10 
33  2 
33  14 
33  1 
34  10 
34  6 
34  13 
34  11 
35  10 
35  6 
35  22 
35  3 
36  3 
36  29 
36  9 
36  1 
37  2 
37  1 
37  36 
37  19 
38  5 
38  33 
38  19 
38  15 
39  2 
39  4 
39  16 
39  6 
40  15 
40  13 
40  8 
40  24 
41  4 
41  22 
41  20 
41  12 
42  8 
42  35 
42  18 
42  10 
43  10 
43  5 
43  4 
43  27 
44  4 
44  14 
44  20 
44  3 
45  5 
45  32 
45  13 
45  4 
46  43 
46  28 
46  1 
46  42 
47  15 
47  20 
47  29 
47  3 
48  18 
48  33 
48  10 
48  23 
49  42 
49  48 
49  12 
49  19 
50  43 
50  1 
50  11 
50  42 
51  9 
51  1 
51  5 
51  8 
52  5 
52  42 
52  30 
52  6 
53  6 
53  34 
53  2 
53  20 
54  53 
54  4 
54  12 
54  5 
55  30 
55  10 
55  1 
55  48 
56  24 
56  9 
56  2 
56  6 
57  8 
57  46 
57  12 
57  3 
58  20 
58  12 
58  4 
58  15 
59  8 
59  9 
59  26 
59  35 
60  9 
60  27 
60  1 
60  20 
61  10 
61  40 
61  27 
61  22 
62  4 
62  6 
62  54 
62  42 
63  9 
63  8 
63  45 
63  33 
64  6 
64  10 
64  1 
64  19 
65  51 
65  11 
65  64 
65  8 
66  20 
66  36 
66  5 
66  24 
67  7 
67  8 
67  23 
67  9 
68  3 
68  36 
68  1 
68  27 
69  16 
69  43 
69  41 
69  22 
70  44 
70  3 
70  10 
70  1 
71  4 
71  25 
71  57 
71  61 
72  34 
72  44 
72  58 
72  42 
73  43 
73  1 
73  19 
73  2 
74  23 
74  42 
74  16 
74  8 
75  35 
75  41 
75  12 
75  9 
76  13 
76  19 
76  42 
76  50 
77  73 
77  23 
77  20 
77  25 
78  29 
78  19 
78  4 
78  13 
79  42 
79  13 
79  29 
79  11 
80  2 
80  41 
80  24 
80  48 
81  9 
81  10 
81  15 
81  3 
82  25 
82  8 
82  53 
82  19 
83  5 
83  69 
83  3 
83  70 
84  2 
84  78 
84  15 
84  4 
85  2 
85  74 
85  42 
85  6 
86  30 
86  12 
86  43 
86  10 
87  8 
87  42 
87  5 
87  51 
88  6 
88  43 
88  20 
88  30 
89  4 
89  33 
89  19 
89  3 
90  6 
90  14 
90  4 
90  10 
91  53 
91  6 
91  18 
91  84 
92  22 
92  72 
92  29 
92  67 
93  3 
93  51 
93  73 
93  10 
94  20 
94  19 
94  23 
94  2 
95  9 
95  12 
95  55 
95  38 
96  67 
96  40 
96  66 
96  26 
97  75 
97  24 
97  44 
97  9 
98  18 
98  41 
98  67 
98  1 
99  1 
99  33 
99  32 
99  42 
100  71 
100  9 
100  30 
100  88 
101  6 
101  36 
101  20 
101  54 
102  24 
102  65 
102  38 
102  7 
103  18 
103  44 
103  67 
103  6 
104  57 
104  52 
104  98 
104  48 
105  1 
105  55 
105  83 
105  9 
106  10 
106  16 
106  6 
106  26 
107  5 
107  89 
107  97 
107  3 
108  22 
108  41 
108  7 
108  38 
109  5 
109  101 
109  8 
109  3 
110  4 
110  29 
110  1 
110  41 
111  105 
111  6 
111  74 
111  99 
112  40 
112  6 
112  104 
112  54 
113  4 
113  1 
113  5 
113  96 
114  3 
114  7 
114  19 
114  6 
115  33 
115  44 
115  8 
115  80 
116  4 
116  47 
116  22 
116  25 
117  100 
117  33 
117  62 
117  9 
118  25 
118  22 
118  4 
118  15 
119  94 
119  27 
119  101 
119  39 
120  12 
120  50 
120  40 
120  16 
121  34 
121  67 
121  3 
121  4 
122  3 
122  16 
122  22 
122  1 
123  12 
123  33 
123  67 
123  22 
124  103 
124  42 
124  25 
124  73 
125  3 
125  4 
125  104 
125  22 
126  13 
126  1 
126  44 
126  56 
127  57 
127  92 
127  9 
127  1 
128  119 
128  20 
128  24 
128  108 
129  4 
129  23 
129  57 
129  1 
130  38 
130  57 
130  34 
130  4 
131  44 
131  16 
131  102 
131  57 
132  43 
132  53 
132  34 
132  75 
133  10 
133  1 
133  7 
133  4 
134  73 
134  100 
134  40 
134  20 
135  47 
135  42 
135  26 
135  31 
136  131 
136  24 
136  53 
136  3 
137  20 
137  37 
137  61 
137  2 
138  34 
138  39 
138  20 
138  30 
139  22 
139  49 
139  19 
139  36 
140  4 
140  6 
140  95 
140  124 
141  1 
141  8 
141  4 
141  6 
142  119 
142  8 
142  53 
142  6 
143  115 
143  47 
143  42 
143  101 
144  1 
144  63 
144  126 
144  34 
145  109 
145  67 
145  37 
145  34 
146  40 
146  144 
146  13 
146  19 
147  27 
147  19 
147  42 
147  21 
148  97 
148  36 
148  107 
148  109 
149  8 
149  104 
149  105 
149  126 
150  19 
150  97 
150  141 
150  22 
151  111 
151  56 
151  6 
151  11 
152  31 
152  105 
152  24 
152  10 
153  150 
153  68 
153  2 
153  6 
154  118 
154  151 
154  13 
154  8 
155  6 
155  9 
155  4 
155  104 
156  43 
156  1 
156  73 
156  99 
157  51 
157  6 
157  43 
157  8 
158  14 
158  140 
158  3 
158  86 
159  104 
159  5 
159  100 
159  79 
160  42 
160  97 
160  21 
160  78 
161  1 
161  83 
161  62 
161  111 
162  38 
162  7 
162  117 
162  17 
163  30 
163  61 
163  13 
163  4 
164  134 
164  105 
164  162 
164  6 
165  42 
165  163 
165  104 
165  8 
166  1 
166  2 
166  14 
166  33 
167  31 
167  24 
167  8 
167  36 
168  56 
168  6 
168  42 
168  3 
169  3 
169  74 
169  17 
169  131 
170  165 
170  6 
170  149 
170  84 
171  62 
171  10 
171  34 
171  20 
172  58 
172  8 
172  90 
172  30 
173  29 
173  133 
173  26 
173  6 
174  97 
174  51 
174  8 
174  6 
175  131 
175  111 
175  32 
175  20 
176  5 
176  9 
176  3 
176  45 
177  13 
177  77 
177  49 
177  10 
178  4 
178  167 
178  2 
178  1 
179  117 
179  136 
179  128 
179  131 
180  83 
180  17 
180  23 
180  25 
181  15 
181  9 
181  3 
181  21 
182  6 
182  94 
182  116 
182  146 
183  19 
183  59 
183  161 
183  104 
184  4 
184  129 
184  12 
184  43 
185  132 
185  155 
185  27 
185  43 
186  6 
186  114 
186  103 
186  3 
187  2 
187  116 
187  103 
187  3 
188  9 
188  1 
188  139 
188  3 
189  18 
189  51 
189  7 
189  1 
190  91 
190  45 
190  6 
190  1 
191  22 
191  4 
191  96 
191  3 
192  90 
192  37 
192  11 
192  169 
193  166 
193  108 
193  13 
193  19 
194  173 
194  95 
194  150 
194  8 
195  108 
195  178 
195  18 
195  57 
196  1 
196  15 
196  10 
196  22 
197  29 
197  57 
197  20 
197  110 
198  168 
198  15 
198  96 
198  44 
199  149 
199  133 
199  3 
199  46 
200  14 
200  97 
200  104 
200  140 
1  201 
1  202 
1  203 
1  204 
1  205 
1  206 
2  201 
2  202 
2  207 
2  206 
3  202 
3  203 
3  204 
3  205 
3  208 
4  201 
4  203 
4  207 
4  204 
5  201 
5  207 
5  205 
6  202 
6  203 
6  207 
6  204 
6  206 
6  208 
7  201 
7  203 
7  207 
8  203 
8  205 
8  208 
9  201 
9  202 
9  204 
9  205 
9  206 
9  208 
10  201 
10  202 
10  204 
10  206 
10  208 
11  201 
11  202 
11  203 
11  207 
12  201 
12  202 
12  207 
12  204 
12  206 
12  208 
13  203 
13  207 
13  205 
13  206 
14  201 
14  202 
14  203 
14  207 
14  206 
15  202 
15  207 
15  206 
16  202 
16  203 
16  207 
16  204 
16  206 
17  201 
17  205 
18  201 
18  203 
18  204 
18  205 
18  208 
19  204 
19  205 
20  202 
20  207 
20  204 
20  205 
20  208 
21  201 
21  203 
21  207 
21  205 
21  206 
21  208 
22  201 
22  205 
22  206 
23  201 
23  202 
23  207 
23  205 
23  206 
24  203 
24  205 
24  206 
25  201 
25  203 
25  207 
25  208 
26  202 
26  203 
26  205 
26  206 
26  208 
27  201 
27  202 
27  203 
27  204 
27  206 
27  208 
28  201 
28  202 
28  203 
28  207 
28  205 
29  202 
29  208 
30  201 
30  203 
30  207 
30  204 
30  206 
31  201 
31  202 
31  203 
31  204 
31  205 
32  201 
32  204 
32  205 
32  208 
33  201 
33  202 
33  203 
33  207 
33  204 
33  206 
34  202 
34  203 
34  206 
35  203 
35  205 
35  206 
35  208 
36  201 
36  207 
36  208 
37  207 
37  206 
37  208 
38  201 
38  202 
38  207 
38  206 
38  208 
39  203 
39  207 
39  208 
40  201 
40  202 
40  204 
40  208 
41  201 
41  202 
41  206 
41  208 
42  201 
42  202 
42  206 
43  202 
43  207 
43  204 
43  205 
44  207 
44  205 
44  206 
44  208 
45  203 
45  207 
46  201 
46  202 
46  203 
46  207 
46  204 
47  201 
47  208 
48  201 
48  203 
48  206 
48  208 
49  202 
49  204 
49  208 
50  207 
50  204 
50  205 
201  202 
202  203 
203  207 
207  204 
204  205 
205  206 
206  208 
201  203 
201  205 
202  207 
202  204 
203  204 
203  205 
203  206 
207  205 
207  206 
204  201 
204  206 
205  202 
206  201 
208  203 
208  205 
51  202 
51  204 
51  206 
52  201 
52  202 
52  204 
53  201 
53  202 
53  207 
53  204 
53  205 
53  206 
209  96 
209  159 
209  154 
209  171 
210  209 
210  190 
210  134 
210  140 
211  157 
211  128 
211  150 
211  52 
212  105 
212  87 
212  117 
212  182 
213  141 
213  38 
213  167 
213  105 
214  157 
214  203 
214  83 
214  202 
215  210 
215  69 
215  202 
215  45 
216  128 
216  203 
216  32 
216  138 
217  97 
217  64 
217  163 
217  117 
218  55 
218  196 
218  156 
218  214 
219  58 
219  143 
219  105 
219  70 
220  59 
220  151 
220  199 
220  155 
221  211 
221  23 
221  90 
221  94 
222  80 
222  190 
222  153 
222  135 
223  82 
223  100 
223  155 
223  222 
224  217 
224  88 
224  128 
224  151 
225  105 
225  12 
225  127 
225  114 
226  225 
226  18 
226  87 
226  111 
227  208 
227  210 
227  202 
227  97 
228  213 
228  127 
228  130 
228  71 
54  201 
54  203 
54  207 
54  204 
54  205 
55  202 
55  203 
55  206 
55  208 
56  204 
56  205 
56  206 
57  201 
57  202 
57  204 
57  205 
58  203 
58  204 
58  206 
229  85 
229  49 
229  215 
229  50 
230  37 
230  71 
230  38 
230  7 
231  146 
231  107 
231  111 
231  207 
232  211 
232  123 
232  135 
232  141 
233  191 
233  4 
233  230 
233  135 
234  10 
234  233 
234  231 
234  15 
235  146 
235  185 
235  229 
235  26 
236  79 
236  70 
236  126 
236  221 
237  15 
237  235 
237  126 
237  129 
238  42 
238  230 
238  21 
238  156 
239  59 
239  167 
239  234 
239  4 
240  231 
240  213 
240  230 
240  183 
241  123 
241  160 
241  212 
241  230 
242  241 
242  185 
242  137 
242  226 
243  19 
243  8 
243  88 
243  151 
244  242 
244  231 
244  81 
244  141 
245  230 
245  150 
245  135 
245  244 
246  39 
246  170 
246  108 
246  107 
247  63 
247  236 
247  74 
247  85 
248  26 
248  66 
248  111 
248  53 
59  201 
59  203 
59  207 
59  205 
60  201 
60  202 
60  207 
60  204 
60  205 
60  206 
60  208 
61  203 
61  204 
61  205 
62  201 
62  202 
62  203 
62  207 
62  205 
62  206 
63  202 
63  203 
63  207 
63  204 
63  208 
249  116 
249  202 
249  207 
249  138 
250  147 
250  163 
250  132 
250  164 
251  44 
251  91 
251  45 
251  177 
252  129 
252  32 
252  192 
252  251 
253  41 
253  61 
253  11 
253  93 
254  35 
254  87 
254  39 
254  148 
255  32 
255  187 
255  68 
255  181 
256  183 
256  63 
256  182 
256  87 
257  71 
257  136 
257  126 
257  250 
258  250 
258  134 
258  140 
258  158 
259  194 
259  156 
259  226 
259  107 
260  41 
260  36 
260  216 
260  28 
261  187 
261  144 
261  259 
261  125 
262  216 
262  187 
262  164 
262  76 
263  230 
263  60 
263  92 
263  171 
264  134 
264  118 
264  187 
264  215 
265  264 
265  138 
265  249 
265  196 
266  215 
266  52 
266  165 
266  61 
267  183 
267  212 
267  6 
267  109 
268  27 
268  254 
268  215 
268  94 
64  202 
64  203 
64  204 
64  205 
65  207 
65  204 
65  205 
65  206 
66  204 
1  269 
2  269 
5  269 
6  269 
8  269 
13  269 
14  269 
16  269 
17  269 
20  269 
22  269 
23  269 
25  269 
27  269 
28  269 
29  269 
31  269 
32  269 
34  269 
35  269 
37  269 
41  269 
43  269 
45  269 
51  269 
52  269 
55  269 
57  269 
60  269 
61  269 
63  269 
64  269 
65  269 
66  269 
201  208 
207  201 
207  208 
204  208 
269  203 
269  207 
269  205 
270  19 
270  222 
270  84 
270  37 
271  166 
271  161 
271  98 
271  47 
272  29 
272  191 
272  270 
272  51 
273  90 
273  269 
273  17 
273  138 
274  56 
274  207 
274  89 
274  154 
275  263 
275  78 
275  252 
275  154 
276  7 
276  11 
276  15 
276  74 
277  33 
277  263 
277  243 
277  110 
278  273 
278  270 
278  225 
278  26 
279  61 
279  211 
279  81 
279  11 
280  254 
280  263 
280  277 
280  94 
281  231 
281  205 
281  272 
281  88 
282  254 
282  174 
282  88 
282  129 
283  253 
283  172 
283  8 
283  171 
284  86 
284  7 
284  126 
284  168 
285  230 
285  251 
285  259 
285  118 
286  29 
286  225 
286  155 
286  21 
287  121 
287  227 
287  215 
287  171 
288  7 
288  159 
288  11 
288  121 
289  66 
289  171 
289  264 
289  254 
67  201 
67  202 
67  203 
68  201 
68  204 
68  208 
69  201 
69  202 
69  204 
69  206 
69  208 
69  269 
70  201 
70  203 
70  204 
70  206 
70  208 
70  269 
290  161 
290  27 
290  83 
290  20 
291  101 
291  219 
291  275 
291  135 
292  14 
292  263 
292  285 
292  187 
293  237 
293  46 
293  162 
293  268 
294  74 
294  98 
294  54 
294  67 
295  11 
295  241 
295  168 
295  57 
296  162 
296  287 
296  160 
296  74 
297  106 
297  76 
297  220 
297  261 
298  275 
298  198 
298  103 
298  15 
299  216 
299  293 
299  263 
299  16 
300  231 
300  99 
300  162 
300  174 
301  295 
301  201 
301  221 
301  133 
302  168 
302  290 
302  293 
302  225 
303  201 
303  198 
303  149 
303  151 
304  140 
304  105 
304  79 
304  207 
305  67 
305  256 
305  80 
305  254 
306  165 
306  28 
306  290 
306  32 
307  162 
307  45 
307  80 
307  290 
308  179 
308  74 
308  150 
308  173 
309  3 
309  78 
309  211 
309  150 
71  202 
71  207 
71  206 
71  208 
71  269 
72  202 
72  205 
72  206 
72  208 
72  269 
73  202 
73  203 
73  207 
73  205 
73  206 
73  208 
310  271 
310  156 
310  253 
310  245 
311  299 
311  168 
311  190 
311  163 
312  218 
312  221 
312  263 
312  33 
313  187 
313  8 
313  177 
313  201 
314  301 
314  180 
314  207 
314  294 
315  61 
315  263 
315  132 
315  46 
316  267 
316  98 
316  221 
316  293 
317  288 
317  142 
317  203 
317  221 
318  88 
318  13 
318  228 
318  76 
319  282 
319  7 
319  126 
319  318 
320  52 
320  77 
320  229 
320  218 
321  224 
321  76 
321  94 
321  154 
322  119 
322  5 
322  157 
322  64 
323  300 
323  3 
323  42 
323  255 
324  206 
324  229 
324  170 
324  290 
325  174 
325  56 
325  126 
325  324 
326  247 
326  176 
326  318 
326  234 
327  38 
327  18 
327  128 
327  319 
328  180 
328  134 
328  30 
328  200 
329  56 
329  266 
329  223 
329  208 
74  201 
74  207 
74  204 
74  208 
75  207 
75  206 
75  269 
76  203 
76  269 
330  75 
330  30 
330  297 
330  133 
331  135 
331  198 
331  239 
331  36 
332  280 
332  305 
332  169 
332  171 
333  298 
333  104 
333  290 
333  284 
334  297 
334  92 
334  273 
334  185 
335  268 
335  106 
335  303 
335  159 
336  134 
336  167 
336  303 
336  297 
337  8 
337  41 
337  273 
337  289 
338  12 
338  60 
338  164 
338  246 
339  337 
339  117 
339  304 
339  289 
340  195 
340  297 
340  159 
340  11 
341  128 
341  124 
341  290 
341  219 
342  311 
342  79 
342  191 
342  21 
343  101 
343  227 
343  118 
343  19 
344  131 
344  171 
344  328 
344  68 
345  67 
345  332 
345  118 
345  91 
346  226 
346  338 
346  330 
346  185 
347  341 
347  331 
347  3 
347  110 
348  231 
348  341 
348  330 
348  191 
349  79 
349  273 
349  161 
349  81 
 

