1  2 
1  3 
1  4 
1  5 
1  6 
1  7 
1  8 
1  9 
1  10 
2  3 
2  4 
2  5 
2  6 
2  7 
2  8 
2  9 
2  10 
3  4 
3  5 
3  6 
3  7 
3  8 
3  9 
3  10 
4  5 
4  6 
4  7 
4  8 
4  9 
4  10 
5  6 
5  7 
5  8 
5  9 
5  10 
6  7 
6  8 
6  9 
6  10 
7  8 
7  9 
7  10 
8  9 
8  10 
9  10 
11  5 
11  2 
11  9 
11  1 
12  8 
12  5 
12  1 
12  11 
13  10 
13  11 
13  4 
13  9 
14  5 
14  8 
14  10 
14  4 
15  2 
15  9 
15  4 
15  8 
16  15 
16  9 
16  6 
16  2 
17  3 
17  8 
17  5 
17  10 
18  14 
18  6 
18  1 
18  11 
19  9 
19  2 
19  7 
19  5 
20  5 
20  2 
20  6 
20  19 
21  6 
21  15 
21  2 
21  3 
22  5 
22  16 
22  1 
22  15 
23  3 
23  1 
23  7 
23  2 
24  3 
24  5 
24  22 
24  6 
25  17 
25  18 
25  8 
25  3 
26  24 
26  4 
26  1 
26  5 
27  9 
27  1 
27  10 
27  4 
28  17 
28  12 
28  26 
28  8 
29  11 
29  9 
29  2 
29  6 
30  2 
30  4 
30  21 
30  3 
31  3 
31  12 
31  22 
31  16 
32  25 
32  18 
32  19 
32  8 
33  9 
33  4 
33  3 
33  26 
34  2 
34  9 
34  28 
34  13 
35  2 
35  26 
35  10 
35  1 
36  17 
36  15 
36  5 
36  18 
37  7 
37  15 
37  21 
37  5 
38  25 
38  26 
38  14 
38  16 
39  4 
39  20 
39  33 
39  34 
40  38 
40  6 
40  5 
40  18 
41  2 
41  5 
41  12 
41  25 
42  7 
42  22 
42  36 
42  15 
43  1 
43  8 
43  5 
43  13 
44  19 
44  34 
44  22 
44  41 
45  34 
45  15 
45  44 
45  6 
46  3 
46  5 
46  42 
46  1 
47  34 
47  21 
47  5 
47  40 
48  4 
48  8 
48  17 
48  21 
49  8 
49  40 
49  18 
49  1 
50  5 
50  2 
50  3 
50  1 
51  22 
51  8 
51  21 
51  6 
52  26 
52  2 
52  3 
52  22 
53  4 
53  3 
53  8 
53  25 
54  8 
54  26 
54  40 
54  9 
55  48 
55  39 
55  5 
55  1 
56  8 
56  12 
56  44 
56  5 
57  7 
57  5 
57  43 
57  33 
58  52 
58  26 
58  8 
58  15 
59  46 
59  44 
59  22 
59  4 
60  27 
60  26 
60  18 
60  8 
61  58 
61  9 
61  3 
61  15 
62  6 
62  15 
62  36 
62  13 
63  16 
63  8 
63  29 
63  4 
64  8 
64  4 
64  3 
64  43 
65  10 
65  44 
65  63 
65  59 
66  3 
66  35 
66  49 
66  61 
67  51 
67  16 
67  33 
67  8 
68  66 
68  16 
68  46 
68  8 
69  1 
69  46 
69  2 
69  34 
70  38 
70  44 
70  32 
70  34 
71  8 
71  6 
71  36 
71  1 
72  67 
72  4 
72  38 
72  27 
73  56 
73  5 
73  25 
73  1 
74  72 
74  11 
74  3 
74  38 
75  12 
75  3 
75  2 
75  9 
76  7 
76  4 
76  37 
76  44 
77  13 
77  45 
77  62 
77  55 
78  10 
78  1 
78  23 
78  54 
79  4 
79  43 
79  29 
79  1 
80  56 
80  58 
80  8 
80  55 
81  6 
81  51 
81  43 
81  58 
82  18 
82  21 
82  3 
82  5 
83  1 
83  2 
83  4 
83  39 
84  2 
84  33 
84  4 
84  79 
85  3 
85  18 
85  68 
85  32 
86  1 
86  4 
86  9 
86  3 
87  36 
87  46 
87  59 
87  5 
88  3 
88  72 
88  15 
88  10 
89  2 
89  21 
89  45 
89  29 
90  44 
90  43 
90  67 
90  34 
91  5 
91  3 
91  16 
91  2 
92  86 
92  37 
92  57 
92  5 
93  42 
93  61 
93  9 
93  10 
94  53 
94  38 
94  1 
94  24 
95  8 
95  67 
95  4 
95  7 
96  11 
96  16 
96  37 
96  40 
97  9 
97  46 
97  2 
97  5 
98  90 
98  1 
98  6 
98  14 
99  14 
99  18 
99  88 
99  80 
100  1 
100  37 
100  12 
100  71 
101  26 
101  5 
101  37 
101  98 
102  68 
102  75 
102  67 
102  11 
103  3 
103  84 
103  74 
103  1 
104  33 
104  74 
104  6 
104  5 
105  18 
105  2 
105  85 
105  72 
106  1 
106  58 
106  5 
106  20 
107  67 
107  16 
107  13 
107  1 
108  51 
108  5 
108  28 
108  2 
109  87 
109  25 
109  79 
109  74 
110  93 
110  82 
110  18 
110  80 
111  5 
111  108 
111  1 
111  109 
112  2 
112  16 
112  22 
112  72 
113  15 
113  13 
113  78 
113  105 
114  3 
114  22 
114  110 
114  109 
115  37 
115  19 
115  15 
115  54 
116  7 
116  2 
116  38 
116  75 
117  1 
117  20 
117  105 
117  15 
118  59 
118  19 
118  1 
118  37 
119  44 
119  1 
119  36 
119  24 
120  6 
120  109 
120  110 
120  80 
121  68 
121  10 
121  78 
121  106 
122  3 
122  11 
122  49 
122  6 
123  105 
123  78 
123  6 
123  104 
124  104 
124  15 
124  55 
124  5 
125  7 
125  8 
125  12 
125  1 
126  5 
126  88 
126  1 
126  7 
127  32 
127  7 
127  2 
127  105 
128  11 
128  36 
128  126 
128  10 
129  10 
129  27 
129  8 
129  126 
130  32 
130  79 
130  102 
130  22 
131  4 
131  78 
131  10 
131  62 
132  65 
132  42 
132  1 
132  116 
133  67 
133  8 
133  17 
133  44 
134  32 
134  124 
134  97 
134  73 
135  55 
135  10 
135  110 
135  115 
136  41 
136  57 
136  8 
136  21 
137  130 
137  126 
137  15 
137  69 
138  4 
138  6 
138  93 
138  10 
139  16 
139  80 
139  25 
139  15 
140  138 
140  9 
140  1 
140  34 
141  133 
141  85 
141  75 
141  140 
142  2 
142  99 
142  51 
142  125 
143  86 
143  48 
143  15 
143  2 
144  1 
144  7 
144  6 
144  62 
145  5 
145  4 
145  124 
145  9 
146  45 
146  26 
146  63 
146  5 
147  3 
147  136 
147  100 
147  139 
148  3 
148  22 
148  112 
148  89 
149  93 
149  5 
149  4 
149  38 
150  139 
150  19 
150  55 
150  130 
151  106 
151  100 
151  36 
151  30 
152  19 
152  134 
152  8 
152  2 
153  52 
153  41 
153  50 
153  3 
154  6 
154  35 
154  103 
154  4 
155  25 
155  44 
155  89 
155  5 
156  50 
156  5 
156  72 
156  20 
157  100 
157  34 
157  69 
157  78 
158  35 
158  45 
158  90 
158  41 
159  133 
159  24 
159  96 
159  7 
160  74 
160  132 
160  2 
160  93 
161  43 
161  5 
161  98 
161  124 
162  15 
162  2 
162  6 
162  18 
163  120 
163  137 
163  19 
163  4 
164  61 
164  55 
164  99 
164  88 
165  10 
165  7 
165  82 
165  22 
166  155 
166  34 
166  160 
166  5 
167  71 
167  70 
167  46 
167  1 
168  6 
168  85 
168  161 
168  68 
169  102 
169  7 
169  130 
169  68 
170  79 
170  32 
170  18 
170  60 
171  169 
171  11 
171  14 
171  126 
172  39 
172  8 
172  16 
172  2 
173  26 
173  84 
173  97 
173  3 
174  46 
174  156 
174  15 
174  90 
175  1 
175  22 
175  125 
175  12 
176  38 
176  89 
176  2 
176  172 
177  86 
177  5 
177  75 
177  26 
178  117 
178  2 
178  39 
178  12 
179  38 
179  10 
179  5 
179  8 
180  156 
180  4 
180  55 
180  5 
181  58 
181  8 
181  3 
181  2 
182  123 
182  104 
182  8 
182  11 
183  8 
183  7 
183  6 
183  46 
184  34 
184  101 
184  22 
184  155 
185  18 
185  155 
185  129 
185  55 
186  77 
186  146 
186  178 
186  165 
187  1 
187  184 
187  2 
187  94 
188  81 
188  87 
188  93 
188  7 
189  91 
189  148 
189  51 
189  149 
190  10 
190  44 
190  94 
190  74 
191  59 
191  3 
191  91 
191  15 
192  147 
192  13 
192  1 
192  7 
193  76 
193  1 
193  115 
193  105 
194  51 
194  22 
194  78 
194  2 
195  189 
195  12 
195  7 
195  45 
196  39 
196  195 
196  182 
196  25 
197  135 
197  9 
197  89 
197  95 
198  36 
198  14 
198  118 
198  1 
199  193 
199  1 
199  5 
199  177 
200  151 
200  63 
200  47 
200  5 
1  201 
1  202 
2  203 
2  204 
2  205 
2  201 
2  206 
2  202 
2  207 
3  205 
3  207 
4  205 
4  206 
4  202 
4  207 
5  203 
5  205 
6  203 
6  205 
6  201 
6  206 
6  207 
7  202 
7  207 
8  208 
8  203 
8  204 
8  201 
8  206 
8  207 
9  203 
9  205 
9  201 
9  206 
9  202 
10  205 
10  201 
10  202 
11  208 
11  203 
11  206 
11  202 
11  207 
12  203 
12  204 
12  201 
12  206 
12  202 
12  207 
13  204 
13  206 
13  202 
14  208 
14  203 
14  204 
14  205 
14  202 
15  203 
15  204 
15  207 
16  203 
16  201 
16  206 
16  207 
17  208 
18  203 
18  204 
18  205 
18  201 
18  206 
19  203 
19  205 
19  206 
19  202 
20  208 
20  204 
20  206 
21  203 
21  206 
21  202 
22  208 
22  203 
22  204 
22  201 
22  206 
23  208 
23  203 
23  205 
23  207 
24  208 
24  204 
24  201 
24  206 
25  204 
25  205 
25  206 
25  207 
26  208 
26  205 
26  201 
26  206 
26  202 
27  204 
27  206 
28  208 
28  204 
28  205 
29  208 
29  204 
29  201 
29  207 
30  201 
30  206 
30  202 
30  207 
31  208 
31  203 
31  205 
31  201 
31  206 
32  208 
32  204 
32  202 
33  203 
33  201 
34  208 
34  203 
34  205 
34  201 
34  202 
34  207 
35  203 
35  205 
35  201 
35  206 
35  202 
35  207 
36  203 
36  204 
36  205 
36  201 
37  208 
37  205 
37  201 
37  202 
37  207 
38  204 
38  205 
38  201 
38  206 
39  203 
39  205 
39  201 
39  207 
40  204 
40  201 
40  206 
40  207 
41  208 
41  204 
41  201 
41  202 
41  207 
42  208 
42  203 
42  204 
42  205 
42  201 
42  207 
43  204 
44  203 
44  204 
44  205 
44  202 
44  207 
45  208 
45  206 
45  202 
45  207 
46  203 
46  205 
46  207 
47  207 
48  208 
48  203 
48  204 
48  207 
49  205 
49  201 
49  206 
50  204 
50  205 
50  201 
50  206 
50  202 
50  207 
208  203 
203  204 
204  205 
205  201 
201  206 
206  202 
202  207 
208  204 
208  206 
203  205 
203  201 
203  206 
203  202 
205  208 
205  202 
201  208 
201  202 
206  205 
202  208 
202  204 
207  208 
207  203 
207  204 
207  205 
207  201 
51  208 
51  206 
52  204 
52  205 
52  201 
52  206 
52  207 
53  208 
53  203 
53  204 
53  201 
53  206 
53  202 
53  207 
54  208 
54  204 
54  201 
209  151 
209  39 
209  45 
209  153 
210  47 
210  192 
210  69 
210  139 
211  69 
211  164 
211  94 
211  44 
212  96 
212  207 
212  42 
212  130 
213  75 
213  130 
213  73 
213  121 
214  130 
214  44 
214  56 
214  108 
215  86 
215  90 
215  79 
215  88 
216  124 
216  148 
216  170 
216  118 
217  154 
217  73 
217  26 
217  84 
218  35 
218  84 
218  4 
218  204 
219  211 
219  187 
219  195 
219  55 
220  148 
220  46 
220  9 
220  120 
221  48 
221  24 
221  23 
221  209 
222  152 
222  45 
222  141 
222  220 
223  80 
223  126 
223  195 
223  221 
224  127 
224  76 
224  62 
224  112 
225  202 
225  179 
225  9 
225  145 
226  195 
226  152 
226  96 
226  211 
227  222 
227  79 
227  124 
227  195 
228  227 
228  1 
228  121 
228  149 
55  208 
55  205 
55  202 
56  208 
56  203 
56  202 
57  208 
57  201 
57  207 
229  141 
229  185 
229  52 
229  27 
230  173 
230  81 
230  181 
230  197 
231  162 
231  177 
231  33 
231  191 
232  16 
232  215 
232  178 
232  212 
233  98 
233  229 
233  74 
233  129 
234  127 
234  20 
234  108 
234  89 
235  227 
235  46 
235  165 
235  216 
236  31 
236  74 
236  36 
236  230 
237  85 
237  214 
237  228 
237  9 
238  91 
238  130 
238  8 
238  231 
239  155 
239  92 
239  70 
239  132 
240  228 
240  222 
240  99 
240  126 
241  92 
241  61 
241  234 
241  91 
242  103 
242  33 
242  84 
242  47 
243  28 
243  78 
243  94 
243  24 
244  225 
244  32 
244  22 
244  104 
245  223 
245  9 
245  22 
245  185 
246  244 
246  61 
246  13 
246  57 
247  216 
247  164 
247  52 
247  246 
248  246 
248  157 
248  72 
248  132 
 

