1  2 
1  3 
1  4 
1  5 
1  6 
1  7 
1  8 
1  9 
1  10 
2  3 
2  4 
2  5 
2  6 
2  7 
2  8 
2  9 
2  10 
3  4 
3  5 
3  6 
3  7 
3  8 
3  9 
3  10 
4  5 
4  6 
4  7 
4  8 
4  9 
4  10 
5  6 
5  7 
5  8 
5  9 
5  10 
6  7 
6  8 
6  9 
6  10 
7  8 
7  9 
7  10 
8  9 
8  10 
9  10 
11  8 
11  3 
11  10 
11  4 
12  7 
12  9 
12  3 
12  5 
13  12 
13  1 
13  6 
13  4 
14  12 
14  9 
14  1 
14  6 
15  5 
15  6 
15  10 
15  3 
16  12 
16  4 
16  14 
16  9 
17  5 
17  8 
17  14 
17  9 
18  10 
18  1 
18  5 
18  3 
19  9 
19  7 
19  15 
19  4 
20  7 
20  15 
20  1 
20  4 
21  3 
21  8 
21  7 
21  4 
22  17 
22  8 
22  10 
22  9 
23  6 
23  15 
23  2 
23  4 
24  23 
24  18 
24  22 
24  19 
25  3 
25  10 
25  15 
25  21 
26  12 
26  13 
26  9 
26  1 
27  3 
27  4 
27  8 
27  1 
28  10 
28  22 
28  5 
28  26 
29  12 
29  19 
29  15 
29  23 
30  7 
30  29 
30  8 
30  1 
31  16 
31  3 
31  4 
31  27 
32  10 
32  4 
32  28 
32  2 
33  18 
33  4 
33  22 
33  9 
34  4 
34  3 
34  22 
34  11 
35  13 
35  7 
35  5 
35  10 
36  4 
36  1 
36  5 
36  2 
37  10 
37  9 
37  6 
37  25 
38  4 
38  3 
38  5 
38  10 
39  8 
39  3 
39  12 
39  7 
40  29 
40  17 
40  10 
40  8 
41  35 
41  12 
41  8 
41  15 
42  3 
42  4 
42  15 
42  1 
43  8 
43  4 
43  10 
43  39 
44  22 
44  8 
44  7 
44  3 
45  20 
45  42 
45  10 
45  4 
46  14 
46  28 
46  6 
46  45 
47  43 
47  11 
47  3 
47  29 
48  34 
48  12 
48  4 
48  15 
49  14 
49  22 
49  17 
49  15 
50  8 
50  3 
50  4 
50  46 
51  1 
51  47 
51  24 
51  40 
52  8 
52  14 
52  36 
52  6 
53  18 
53  8 
53  35 
53  45 
54  9 
54  12 
54  13 
54  29 
55  2 
55  9 
55  47 
55  15 
56  25 
56  1 
56  27 
56  12 
57  10 
57  6 
57  12 
57  7 
58  10 
58  19 
58  7 
58  9 
59  21 
59  16 
59  28 
59  54 
60  2 
60  50 
60  6 
60  4 
61  14 
61  15 
61  5 
61  28 
62  51 
62  25 
62  2 
62  49 
63  55 
63  13 
63  21 
63  54 
64  4 
64  5 
64  50 
64  10 
65  2 
65  27 
65  3 
65  1 
66  53 
66  3 
66  4 
66  10 
67  3 
67  10 
67  33 
67  17 
68  10 
68  29 
68  8 
68  59 
69  3 
69  15 
69  6 
69  19 
70  67 
70  6 
70  11 
70  4 
71  23 
71  8 
71  49 
71  4 
72  60 
72  65 
72  3 
72  4 
73  56 
73  2 
73  54 
73  17 
74  24 
74  10 
74  54 
74  7 
75  15 
75  11 
75  50 
75  5 
76  56 
76  4 
76  7 
76  36 
77  54 
77  43 
77  3 
77  9 
78  39 
78  75 
78  34 
78  44 
79  57 
79  34 
79  26 
79  40 
80  69 
80  16 
80  50 
80  15 
81  73 
81  7 
81  10 
81  27 
82  7 
82  8 
82  6 
82  37 
83  54 
83  70 
83  62 
83  79 
84  24 
84  30 
84  62 
84  10 
85  1 
85  12 
85  6 
85  18 
86  40 
86  10 
86  43 
86  8 
87  33 
87  3 
87  13 
87  24 
88  50 
88  10 
88  66 
88  49 
89  47 
89  6 
89  15 
89  9 
90  22 
90  52 
90  2 
90  76 
91  38 
91  5 
91  81 
91  2 
92  4 
92  28 
92  59 
92  8 
93  18 
93  7 
93  14 
93  4 
94  51 
94  9 
94  5 
94  88 
95  82 
95  5 
95  73 
95  84 
96  81 
96  6 
96  78 
96  67 
97  66 
97  45 
97  2 
97  94 
98  3 
98  69 
98  80 
98  72 
99  93 
99  41 
99  80 
99  54 
100  15 
100  26 
100  4 
100  23 
101  46 
101  18 
101  82 
101  43 
102  26 
102  69 
102  13 
102  5 
103  54 
103  6 
103  20 
103  15 
104  97 
104  76 
104  4 
104  21 
105  95 
105  13 
105  8 
105  64 
106  26 
106  54 
106  79 
106  24 
107  73 
107  14 
107  7 
107  19 
108  46 
108  18 
108  24 
108  65 
109  6 
109  34 
109  26 
109  7 
110  1 
110  70 
110  109 
110  7 
111  1 
111  32 
111  46 
111  7 
112  14 
112  63 
112  64 
112  59 
113  75 
113  9 
113  25 
113  11 
114  26 
114  47 
114  18 
114  67 
115  7 
115  3 
115  28 
115  73 
116  5 
116  22 
116  3 
116  14 
117  26 
117  89 
117  9 
117  1 
118  7 
118  10 
118  18 
118  6 
119  9 
119  8 
119  3 
119  10 
120  80 
120  4 
120  66 
120  53 
121  9 
121  56 
121  66 
121  54 
122  28 
122  4 
122  93 
122  13 
123  49 
123  118 
123  29 
123  13 
124  78 
124  28 
124  39 
124  102 
125  33 
125  8 
125  74 
125  56 
126  13 
126  18 
126  26 
126  69 
127  102 
127  7 
127  40 
127  69 
128  113 
128  82 
128  11 
128  20 
129  86 
129  3 
129  15 
129  123 
130  5 
130  4 
130  42 
130  7 
131  4 
131  80 
131  18 
131  21 
132  3 
132  9 
132  105 
132  6 
133  15 
133  37 
133  2 
133  42 
134  36 
134  80 
134  105 
134  110 
135  38 
135  8 
135  53 
135  9 
136  7 
136  73 
136  10 
136  1 
137  8 
137  128 
137  15 
137  7 
138  20 
138  15 
138  80 
138  39 
139  11 
139  112 
139  39 
139  68 
140  121 
140  9 
140  10 
140  36 
141  86 
141  109 
141  13 
141  118 
142  67 
142  47 
142  50 
142  19 
143  18 
143  15 
143  10 
143  72 
144  54 
144  92 
144  12 
144  28 
145  6 
145  12 
145  5 
145  61 
146  70 
146  13 
146  95 
146  108 
147  75 
147  146 
147  80 
147  18 
148  33 
148  8 
148  110 
148  111 
149  65 
149  111 
149  62 
149  123 
150  1 
150  133 
150  82 
150  3 
151  77 
151  4 
151  6 
151  47 
152  2 
152  112 
152  4 
152  104 
153  17 
153  53 
153  1 
153  118 
154  76 
154  112 
154  40 
154  147 
155  7 
155  10 
155  3 
155  8 
156  7 
156  12 
156  24 
156  82 
157  62 
157  53 
157  25 
157  21 
158  42 
158  71 
158  92 
158  8 
159  86 
159  23 
159  3 
159  8 
160  13 
160  128 
160  10 
160  155 
161  26 
161  57 
161  146 
161  17 
162  94 
162  2 
162  15 
162  36 
163  6 
163  125 
163  131 
163  112 
164  4 
164  3 
164  8 
164  15 
165  164 
165  6 
165  7 
165  48 
166  99 
166  54 
166  32 
166  1 
167  166 
167  56 
167  83 
167  4 
168  4 
168  30 
168  154 
168  12 
169  9 
169  147 
169  33 
169  69 
170  127 
170  33 
170  99 
170  63 
171  126 
171  94 
171  141 
171  165 
172  6 
172  76 
172  102 
172  78 
173  9 
173  21 
173  140 
173  32 
174  43 
174  15 
174  7 
174  23 
175  10 
175  109 
175  34 
175  9 
176  29 
176  8 
176  3 
176  28 
177  70 
177  52 
177  151 
177  104 
178  46 
178  12 
178  167 
178  112 
179  167 
179  34 
179  10 
179  129 
180  33 
180  159 
180  34 
180  18 
181  80 
181  1 
181  78 
181  4 
182  30 
182  11 
182  175 
182  26 
183  145 
183  67 
183  1 
183  46 
184  38 
184  4 
184  53 
184  6 
185  116 
185  120 
185  8 
185  4 
186  154 
186  4 
186  5 
186  85 
187  3 
187  54 
187  151 
187  159 
188  10 
188  37 
188  62 
188  12 
189  53 
189  7 
189  6 
189  9 
190  42 
190  49 
190  29 
190  15 
191  4 
191  124 
191  168 
191  26 
192  84 
192  4 
192  106 
192  184 
193  11 
193  42 
193  45 
193  157 
194  30 
194  2 
194  28 
194  1 
195  78 
195  8 
195  63 
195  73 
196  87 
196  3 
196  144 
196  11 
197  128 
197  70 
197  39 
197  4 
198  7 
198  179 
198  197 
198  74 
199  10 
199  15 
199  103 
199  3 
200  181 
200  131 
200  104 
200  4 
1  201 
1  202 
1  203 
1  204 
1  205 
2  201 
2  204 
2  205 
3  203 
3  204 
3  205 
4  206 
4  201 
4  207 
4  202 
4  204 
5  201 
5  207 
5  202 
5  208 
5  203 
5  205 
6  207 
6  202 
6  203 
6  204 
6  205 
7  206 
7  201 
7  207 
7  208 
7  204 
7  205 
8  206 
8  205 
9  206 
9  201 
9  202 
9  208 
9  203 
9  204 
10  207 
10  208 
10  204 
10  205 
11  207 
11  203 
12  202 
12  208 
12  203 
12  204 
12  205 
13  206 
13  201 
13  207 
13  202 
13  208 
14  206 
14  202 
14  204 
14  205 
15  206 
15  201 
15  202 
15  208 
15  203 
15  204 
15  205 
16  206 
16  201 
16  207 
16  202 
16  205 
17  206 
17  201 
17  207 
17  202 
17  203 
17  204 
17  205 
18  208 
18  203 
19  201 
19  203 
19  205 
20  204 
206  201 
201  207 
207  202 
202  208 
208  203 
203  204 
204  205 
206  202 
206  203 
201  208 
201  204 
207  206 
207  203 
202  201 
202  204 
208  207 
208  204 
203  201 
205  206 
205  207 
205  202 
205  208 
209  160 
209  89 
209  108 
209  125 
210  170 
210  135 
210  48 
210  119 
211  5 
211  153 
211  136 
211  115 
212  89 
212  166 
212  68 
212  59 
213  97 
213  102 
213  211 
213  132 
214  181 
214  16 
214  115 
214  121 
215  152 
215  201 
215  8 
215  112 
216  147 
216  213 
216  8 
216  68 
217  56 
217  104 
217  153 
217  195 
218  43 
218  116 
218  31 
218  209 
219  179 
219  149 
219  147 
219  102 
220  102 
220  206 
220  148 
220  152 
221  170 
221  214 
221  38 
221  181 
222  176 
222  146 
222  213 
222  54 
223  50 
223  118 
223  151 
223  221 
224  217 
224  173 
224  135 
224  38 
225  58 
225  214 
225  14 
225  191 
226  212 
226  148 
226  168 
226  146 
227  171 
227  165 
227  118 
227  191 
228  70 
228  218 
228  217 
228  77 
229  68 
229  190 
229  125 
229  112 
230  31 
230  51 
230  148 
230  218 
231  225 
231  228 
231  211 
231  209 
232  166 
232  96 
232  14 
232  213 
233  166 
233  208 
233  96 
233  226 
234  145 
234  12 
234  217 
234  45 
235  225 
235  227 
235  115 
235  168 
236  157 
236  131 
236  147 
236  225 
237  114 
237  143 
237  207 
237  146 
238  201 
238  213 
238  168 
238  57 
239  209 
239  216 
239  92 
239  147 
240  132 
240  179 
240  153 
240  223 
241  227 
241  196 
241  215 
241  45 
242  227 
242  166 
242  160 
242  39 
243  114 
243  211 
243  153 
243  214 
244  175 
244  224 
244  68 
244  34 
245  239 
245  228 
245  102 
245  168 
246  216 
246  96 
246  67 
246  238 
247  84 
247  196 
247  212 
247  215 
248  221 
248  132 
248  24 
248  140 
249  41 
249  92 
249  227 
249  112 
250  215 
250  239 
250  147 
250  68 
251  226 
251  166 
251  228 
251  195 
252  198 
252  249 
252  43 
252  112 
253  226 
253  172 
253  214 
253  25 
254  208 
254  201 
254  66 
254  223 
255  175 
255  144 
255  67 
255  254 
256  185 
256  217 
256  226 
256  162 
257  211 
257  209 
257  120 
257  102 
258  198 
258  153 
258  214 
258  190 
259  257 
259  113 
259  32 
259  156 
260  7 
260  10 
260  61 
260  249 
261  118 
261  9 
261  163 
261  33 
262  145 
262  197 
262  64 
262  11 
263  261 
263  84 
263  10 
263  220 
264  153 
264  47 
264  58 
264  85 
265  25 
265  207 
265  11 
265  236 
266  106 
266  261 
266  23 
266  27 
267  263 
267  165 
267  88 
267  204 
268  23 
268  140 
268  106 
268  216 
269  77 
269  56 
269  225 
269  36 
270  85 
270  210 
270  33 
270  123 
271  214 
271  10 
271  153 
271  128 
272  31 
272  268 
272  144 
272  143 
273  160 
273  167 
273  252 
273  128 
274  56 
274  225 
274  263 
274  222 
275  136 
275  208 
275  265 
275  264 
276  214 
276  61 
276  252 
276  225 
277  81 
277  14 
277  137 
277  4 
278  179 
278  17 
278  119 
278  121 
279  214 
279  185 
279  32 
279  78 
280  23 
280  268 
280  142 
280  162 
281  274 
281  14 
281  265 
281  236 
282  261 
282  222 
282  197 
282  138 
283  267 
283  196 
283  277 
283  114 
284  253 
284  265 
284  261 
284  105 
285  213 
285  133 
285  178 
285  145 
286  81 
286  229 
286  180 
286  265 
287  270 
287  161 
287  243 
287  284 
288  63 
288  118 
288  102 
288  170 
289  10 
289  60 
289  251 
289  213 
290  106 
290  30 
290  93 
290  270 
291  267 
291  60 
291  2 
291  266 
292  249 
292  260 
292  212 
292  252 
293  253 
293  229 
293  42 
293  264 
294  189 
294  96 
294  288 
294  21 
295  162 
295  270 
295  82 
295  228 
296  90 
296  260 
296  76 
296  105 
297  161 
297  23 
297  63 
297  204 
298  196 
298  147 
298  278 
298  231 
299  100 
299  290 
299  263 
299  259 
300  297 
300  222 
300  73 
300  33 
301  225 
301  112 
301  58 
301  57 
302  280 
302  90 
302  265 
302  278 
303  33 
303  83 
303  36 
303  157 
304  257 
304  285 
304  102 
304  108 
305  298 
305  23 
305  118 
305  26 
306  4 
306  207 
306  36 
306  32 
307  23 
307  6 
307  287 
307  99 
308  180 
308  276 
308  222 
308  250 
309  189 
309  270 
309  296 
309  54 
310  130 
310  150 
310  220 
310  5 
311  142 
311  190 
311  221 
311  71 
312  304 
312  98 
312  195 
312  118 
313  281 
313  30 
313  258 
313  105 
314  263 
314  166 
314  189 
314  31 
315  137 
315  97 
315  59 
315  201 
316  293 
316  310 
316  228 
316  201 
317  65 
317  185 
317  262 
317  11 
318  311 
318  275 
318  223 
318  229 
319  139 
319  292 
319  23 
319  305 
320  287 
320  142 
320  132 
320  237 
321  190 
321  222 
321  170 
321  72 
322  228 
322  140 
322  160 
322  312 
323  274 
323  29 
323  189 
323  28 
324  240 
324  323 
324  118 
324  312 
325  36 
325  51 
325  49 
325  62 
326  221 
326  98 
326  239 
326  285 
327  188 
327  271 
327  239 
327  179 
328  184 
328  56 
328  71 
328  112 
329  249 
329  320 
329  300 
329  5 
330  327 
330  165 
330  283 
330  29 
331  153 
331  292 
331  278 
331  71 
332  248 
332  167 
332  28 
332  110 
333  275 
333  126 
333  198 
333  118 
334  21 
334  254 
334  166 
334  178 
335  312 
335  30 
335  309 
335  327 
336  127 
336  319 
336  315 
336  61 
337  334 
337  309 
337  172 
337  56 
338  301 
338  78 
338  290 
338  281 
339  183 
339  237 
339  132 
339  338 
340  305 
340  117 
340  316 
340  338 
341  221 
341  340 
341  156 
341  322 
342  98 
342  59 
342  61 
342  151 
343  93 
343  162 
343  312 
343  316 
344  44 
344  306 
344  189 
344  332 
345  51 
345  199 
345  159 
345  186 
346  317 
346  141 
346  133 
346  137 
347  212 
347  343 
347  335 
347  189 
348  246 
348  254 
348  170 
348  300 
349  117 
349  143 
349  127 
349  21 
350  340 
350  168 
350  88 
350  321 
351  335 
351  132 
351  60 
351  312 
352  15 
352  149 
352  188 
352  171 
353  325 
353  112 
353  332 
353  244 
354  251 
354  316 
354  221 
354  218 
355  202 
355  119 
355  62 
355  72 
356  3 
356  312 
356  94 
356  133 
357  286 
357  227 
357  316 
357  29 
358  78 
358  72 
358  327 
358  318 
 

