1  2 
1  3 
1  4 
1  5 
1  6 
1  7 
1  8 
1  9 
1  10 
2  3 
2  4 
2  5 
2  6 
2  7 
2  8 
2  9 
2  10 
3  4 
3  5 
3  6 
3  7 
3  8 
3  9 
3  10 
4  5 
4  6 
4  7 
4  8 
4  9 
4  10 
5  6 
5  7 
5  8 
5  9 
5  10 
6  7 
6  8 
6  9 
6  10 
7  8 
7  9 
7  10 
8  9 
8  10 
9  10 
11  1 
11  2 
11  7 
11  6 
12  3 
12  6 
12  8 
12  9 
13  3 
13  9 
13  11 
13  6 
14  6 
14  10 
14  8 
14  9 
15  10 
15  8 
15  4 
15  9 
16  3 
16  6 
16  2 
16  9 
17  10 
17  7 
17  6 
17  8 
18  17 
18  10 
18  3 
18  1 
19  5 
19  6 
19  14 
19  7 
20  8 
20  5 
20  3 
20  2 
21  2 
21  3 
21  8 
21  6 
22  3 
22  7 
22  6 
22  5 
23  3 
23  2 
23  19 
23  6 
24  17 
24  9 
24  5 
24  1 
25  20 
25  23 
25  19 
25  3 
26  4 
26  1 
26  23 
26  20 
27  6 
27  9 
27  2 
27  23 
28  5 
28  8 
28  3 
28  23 
29  2 
29  3 
29  1 
29  10 
30  2 
30  9 
30  7 
30  6 
31  7 
31  9 
31  13 
31  30 
32  31 
32  1 
32  9 
32  30 
33  3 
33  4 
33  18 
33  9 
34  7 
34  1 
34  19 
34  13 
35  3 
35  22 
35  6 
35  4 
36  9 
36  5 
36  1 
36  21 
37  3 
37  13 
37  27 
37  9 
38  31 
38  25 
38  9 
38  30 
39  27 
39  38 
39  10 
39  22 
40  6 
40  3 
40  28 
40  16 
41  3 
41  27 
41  5 
41  2 
42  10 
42  1 
42  28 
42  3 
43  2 
43  5 
43  35 
43  7 
44  5 
44  14 
44  23 
44  9 
45  9 
45  3 
45  12 
45  43 
46  10 
46  6 
46  9 
46  13 
47  9 
47  26 
47  33 
47  1 
48  31 
48  39 
48  5 
48  3 
49  10 
49  8 
49  27 
49  44 
50  10 
50  8 
50  14 
50  5 
51  39 
51  8 
51  9 
51  26 
52  10 
52  4 
52  27 
52  7 
53  24 
53  10 
53  27 
53  3 
54  35 
54  12 
54  41 
54  6 
55  47 
55  27 
55  12 
55  43 
56  49 
56  5 
56  39 
56  3 
57  9 
57  20 
57  31 
57  51 
58  9 
58  48 
58  3 
58  8 
59  3 
59  45 
59  7 
59  2 
60  23 
60  20 
60  49 
60  17 
61  6 
61  35 
61  20 
61  5 
62  6 
62  7 
62  51 
62  21 
63  12 
63  6 
63  61 
63  5 
64  12 
64  1 
64  58 
64  59 
65  9 
65  4 
65  41 
65  62 
66  17 
66  43 
66  3 
66  5 
67  40 
67  21 
67  60 
67  20 
68  27 
68  45 
68  49 
68  43 
69  10 
69  53 
69  7 
69  5 
70  7 
70  5 
70  60 
70  4 
71  47 
71  10 
71  66 
71  1 
72  1 
72  9 
72  60 
72  7 
73  3 
73  39 
73  30 
73  2 
74  3 
74  8 
74  40 
74  20 
75  1 
75  27 
75  46 
75  67 
76  31 
76  3 
76  62 
76  10 
77  8 
77  40 
77  10 
77  44 
78  6 
78  67 
78  70 
78  43 
79  9 
79  27 
79  47 
79  16 
80  68 
80  42 
80  65 
80  13 
81  10 
81  7 
81  35 
81  51 
82  77 
82  13 
82  3 
82  11 
83  5 
83  76 
83  6 
83  33 
84  1 
84  30 
84  34 
84  10 
85  30 
85  5 
85  36 
85  3 
86  17 
86  38 
86  4 
86  36 
87  16 
87  6 
87  74 
87  3 
88  6 
88  36 
88  40 
88  75 
89  8 
89  40 
89  74 
89  87 
90  9 
90  5 
90  37 
90  3 
91  48 
91  25 
91  3 
91  73 
92  84 
92  16 
92  23 
92  12 
93  17 
93  12 
93  22 
93  7 
94  4 
94  14 
94  13 
94  3 
95  2 
95  20 
95  91 
95  4 
96  36 
96  69 
96  40 
96  1 
97  40 
97  29 
97  58 
97  16 
98  60 
98  4 
98  22 
98  50 
99  27 
99  36 
99  45 
99  6 
100  74 
100  5 
100  46 
100  45 
101  71 
101  3 
101  59 
101  67 
102  57 
102  19 
102  33 
102  6 
103  3 
103  17 
103  66 
103  47 
104  6 
104  67 
104  20 
104  63 
105  20 
105  7 
105  3 
105  87 
106  21 
106  52 
106  1 
106  35 
107  44 
107  78 
107  31 
107  13 
108  2 
108  5 
108  85 
108  9 
109  24 
109  51 
109  9 
109  7 
110  3 
110  5 
110  64 
110  31 
111  46 
111  3 
111  108 
111  17 
112  44 
112  47 
112  76 
112  11 
113  20 
113  17 
113  3 
113  82 
114  2 
114  85 
114  1 
114  37 
115  63 
115  56 
115  44 
115  60 
116  5 
116  76 
116  47 
116  58 
117  47 
117  5 
117  44 
117  82 
118  55 
118  6 
118  17 
118  7 
119  72 
119  1 
119  83 
119  19 
120  21 
120  110 
120  29 
120  14 
121  10 
121  5 
121  3 
121  19 
122  17 
122  10 
122  9 
122  2 
123  111 
123  4 
123  1 
123  51 
124  2 
124  114 
124  78 
124  30 
125  42 
125  48 
125  118 
125  39 
126  17 
126  3 
126  125 
126  8 
127  59 
127  103 
127  119 
127  95 
128  80 
128  17 
128  39 
128  52 
129  67 
129  19 
129  42 
129  7 
130  23 
130  67 
130  22 
130  47 
131  2 
131  113 
131  20 
131  94 
132  3 
132  5 
132  27 
132  6 
133  89 
133  7 
133  22 
133  132 
134  65 
134  6 
134  91 
134  29 
135  40 
135  5 
135  7 
135  27 
136  32 
136  17 
136  9 
136  30 
137  82 
137  57 
137  128 
137  53 
138  46 
138  26 
138  57 
138  41 
139  136 
139  5 
139  27 
139  33 
140  52 
140  75 
140  40 
140  23 
141  56 
141  3 
141  6 
141  10 
142  104 
142  19 
142  125 
142  119 
143  35 
143  128 
143  8 
143  24 
144  59 
144  20 
144  26 
144  29 
145  108 
145  31 
145  2 
145  62 
146  110 
146  36 
146  40 
146  29 
147  48 
147  14 
147  103 
147  142 
148  1 
148  97 
148  62 
148  9 
149  9 
149  26 
149  136 
149  123 
150  58 
150  34 
150  5 
150  107 
151  13 
151  18 
151  46 
151  5 
152  23 
152  36 
152  100 
152  26 
153  2 
153  5 
153  118 
153  3 
154  48 
154  22 
154  16 
154  149 
155  118 
155  10 
155  7 
155  21 
156  28 
156  9 
156  86 
156  57 
157  9 
157  3 
157  93 
157  23 
158  113 
158  16 
158  28 
158  123 
159  1 
159  12 
159  45 
159  43 
160  54 
160  3 
160  132 
160  8 
161  59 
161  27 
161  82 
161  10 
162  132 
162  93 
162  65 
162  9 
163  61 
163  110 
163  85 
163  9 
164  10 
164  142 
164  134 
164  127 
165  42 
165  2 
165  30 
165  64 
166  28 
166  54 
166  158 
166  8 
167  122 
167  57 
167  19 
167  21 
168  31 
168  35 
168  3 
168  2 
169  8 
169  5 
169  95 
169  6 
170  29 
170  34 
170  4 
170  25 
171  127 
171  8 
171  44 
171  5 
172  61 
172  136 
172  3 
172  108 
173  7 
173  140 
173  87 
173  9 
174  2 
174  99 
174  74 
174  82 
175  47 
175  25 
175  110 
175  54 
176  81 
176  22 
176  62 
176  111 
177  7 
177  87 
177  9 
177  33 
178  7 
178  65 
178  59 
178  27 
179  16 
179  8 
179  102 
179  104 
180  22 
180  90 
180  7 
180  21 
181  17 
181  128 
181  78 
181  81 
182  7 
182  132 
182  5 
182  51 
183  9 
183  151 
183  35 
183  3 
184  14 
184  40 
184  39 
184  152 
185  102 
185  42 
185  7 
185  159 
186  44 
186  125 
186  161 
186  156 
187  1 
187  87 
187  104 
187  6 
188  2 
188  52 
188  28 
188  8 
189  3 
189  27 
189  43 
189  66 
190  43 
190  68 
190  2 
190  103 
191  145 
191  6 
191  9 
191  63 
192  59 
192  97 
192  10 
192  7 
193  3 
193  51 
193  34 
193  54 
194  77 
194  27 
194  9 
194  23 
195  17 
195  97 
195  117 
195  54 
196  31 
196  61 
196  171 
196  168 
197  109 
197  33 
197  31 
197  65 
198  98 
198  5 
198  68 
198  110 
199  25 
199  67 
199  82 
199  125 
200  17 
200  8 
200  47 
200  61 
1  201 
1  202 
1  203 
1  204 
2  201 
2  205 
2  206 
2  203 
3  205 
3  207 
3  208 
4  201 
4  202 
4  205 
4  206 
4  203 
5  201 
5  205 
5  207 
5  206 
5  208 
5  204 
6  205 
6  207 
6  206 
6  208 
6  203 
6  204 
7  201 
7  205 
7  206 
7  204 
8  201 
8  208 
8  203 
8  204 
9  205 
9  207 
9  206 
9  208 
10  202 
11  201 
11  205 
11  206 
11  208 
11  203 
12  205 
12  207 
12  206 
12  204 
13  208 
13  204 
14  201 
14  207 
14  206 
15  202 
15  207 
15  203 
15  204 
16  202 
16  207 
16  208 
16  203 
16  204 
17  201 
17  205 
17  207 
17  203 
18  201 
18  202 
18  207 
18  203 
18  204 
19  205 
19  206 
19  203 
20  201 
20  202 
20  205 
20  207 
20  206 
20  203 
20  204 
21  201 
21  206 
21  208 
21  203 
21  204 
22  201 
22  202 
22  205 
22  207 
22  208 
23  202 
23  207 
23  208 
23  203 
24  202 
24  205 
24  207 
24  206 
24  208 
24  204 
25  205 
25  207 
25  208 
25  204 
26  201 
26  202 
26  205 
26  207 
26  203 
27  201 
27  202 
27  207 
27  206 
27  203 
28  202 
28  205 
28  207 
28  203 
28  204 
29  202 
29  205 
29  207 
29  206 
29  208 
30  202 
30  204 
31  201 
31  203 
31  204 
32  201 
32  205 
32  208 
32  203 
32  204 
33  202 
33  205 
33  206 
33  208 
33  204 
34  202 
34  206 
34  208 
34  203 
35  201 
35  202 
35  205 
35  208 
35  203 
35  204 
36  206 
36  203 
36  204 
37  208 
37  203 
38  205 
38  207 
38  208 
38  203 
39  201 
39  205 
39  206 
39  208 
39  203 
39  204 
40  202 
40  205 
40  208 
40  203 
41  202 
41  207 
41  208 
41  204 
42  205 
42  203 
43  201 
43  206 
44  205 
44  206 
45  201 
45  202 
45  205 
45  207 
46  201 
46  202 
46  205 
46  206 
46  203 
46  204 
47  202 
47  208 
47  203 
48  201 
48  202 
48  206 
49  201 
49  202 
49  207 
49  206 
49  208 
49  203 
49  204 
50  201 
50  202 
50  205 
50  203 
201  202 
202  205 
205  207 
207  206 
206  208 
208  203 
203  204 
201  207 
201  206 
202  206 
202  208 
202  203 
205  201 
205  206 
205  208 
207  202 
207  208 
207  203 
208  201 
203  201 
203  205 
204  202 
204  205 
204  207 
209  60 
209  176 
209  139 
209  77 
210  208 
210  102 
210  37 
210  168 
211  83 
211  153 
211  120 
211  96 
212  105 
212  151 
212  97 
212  42 
213  44 
213  169 
213  153 
213  192 
214  78 
214  158 
214  84 
214  209 
215  137 
215  179 
215  85 
215  127 
216  212 
216  153 
216  50 
216  127 
217  22 
217  211 
217  210 
217  187 
218  33 
218  209 
218  101 
218  52 
219  203 
219  210 
219  180 
219  214 
220  91 
220  210 
220  78 
220  137 
221  53 
221  79 
221  97 
221  158 
222  169 
222  158 
222  139 
222  221 
223  216 
223  142 
223  7 
223  137 
224  7 
224  83 
224  70 
224  158 
225  199 
225  144 
225  39 
225  224 
226  17 
226  103 
226  52 
226  223 
227  83 
227  158 
227  69 
227  96 
228  198 
228  221 
228  207 
228  181 
229  16 
229  154 
229  158 
229  12 
230  86 
230  46 
230  44 
230  41 
231  101 
231  19 
231  96 
231  219 
232  116 
232  124 
232  149 
232  209 
233  220 
233  94 
233  118 
233  218 
234  85 
234  219 
234  232 
234  216 
235  203 
235  149 
235  234 
235  180 
236  213 
236  37 
236  222 
236  224 
237  221 
237  158 
237  148 
237  70 
238  138 
238  80 
238  123 
238  210 
239  236 
239  223 
239  91 
239  38 
240  178 
240  237 
240  103 
240  222 
241  155 
241  232 
241  70 
241  224 
242  138 
242  96 
242  52 
242  113 
243  17 
243  241 
243  12 
243  218 
244  239 
244  33 
244  106 
244  165 
245  101 
245  137 
245  42 
245  96 
246  217 
246  174 
246  235 
246  244 
247  76 
247  78 
247  169 
247  129 
248  82 
248  246 
248  178 
248  158 
249  28 
249  123 
249  17 
249  68 
250  219 
250  75 
250  78 
250  7 
251  38 
251  155 
251  127 
251  222 
252  202 
252  123 
252  250 
252  85 
253  212 
253  216 
253  217 
253  149 
254  172 
254  177 
254  249 
254  33 
255  18 
255  204 
255  210 
255  231 
256  64 
256  229 
256  221 
256  120 
257  57 
257  232 
257  255 
257  53 
258  193 
258  252 
258  231 
258  169 
259  135 
259  38 
259  70 
259  211 
260  235 
260  247 
260  174 
260  43 
261  26 
261  204 
261  172 
261  33 
262  123 
262  35 
262  2 
262  33 
263  239 
263  139 
263  182 
263  146 
264  104 
264  148 
264  26 
264  208 
265  254 
265  204 
265  263 
265  113 
266  108 
266  81 
266  168 
266  236 
267  171 
267  169 
267  121 
267  238 
268  84 
268  253 
268  260 
268  168 
269  104 
269  257 
269  24 
269  69 
270  217 
270  248 
270  108 
270  110 
271  149 
271  106 
271  166 
271  258 
272  121 
272  207 
272  72 
272  181 
273  222 
273  106 
273  137 
273  182 
274  219 
274  57 
274  169 
274  3 
275  261 
275  260 
275  2 
275  26 
276  21 
276  236 
276  262 
276  40 
277  9 
277  112 
277  58 
277  132 
278  198 
278  149 
278  268 
278  236 
279  67 
279  262 
279  110 
279  278 
280  198 
280  144 
280  1 
280  29 
281  28 
281  30 
281  90 
281  67 
282  29 
282  120 
282  253 
282  208 
283  23 
283  40 
283  41 
283  64 
284  257 
284  114 
284  5 
284  32 
285  278 
285  90 
285  283 
285  62 
286  175 
286  106 
286  28 
286  171 
287  153 
287  157 
287  187 
287  205 
288  123 
288  110 
288  264 
288  284 
289  104 
289  19 
289  263 
289  49 
290  288 
290  106 
290  105 
290  266 
291  113 
291  137 
291  192 
291  286 
292  275 
292  49 
292  20 
292  102 
293  208 
293  143 
293  277 
293  137 
294  262 
294  51 
294  30 
294  194 
295  33 
295  56 
295  272 
295  78 
296  258 
296  19 
296  1 
296  235 
297  294 
297  204 
297  192 
297  263 
298  26 
298  79 
298  118 
298  20 
299  82 
299  172 
299  277 
299  137 
300  1 
300  98 
300  263 
300  60 
301  71 
301  104 
301  135 
301  120 
302  23 
302  134 
302  263 
302  289 
303  262 
303  104 
303  30 
303  86 
304  238 
304  296 
304  29 
304  108 
305  99 
305  106 
305  19 
305  280 
306  281 
306  10 
306  300 
306  58 
307  106 
307  306 
307  222 
307  246 
308  281 
308  69 
308  232 
308  217 
309  27 
309  29 
309  281 
309  293 
310  124 
310  294 
310  256 
310  157 
311  223 
311  39 
311  207 
311  178 
312  179 
312  285 
312  51 
312  306 
313  84 
313  95 
313  142 
313  293 
314  58 
314  130 
314  256 
314  258 
315  308 
315  256 
315  84 
315  49 
316  49 
316  199 
316  247 
316  101 
317  197 
317  282 
317  169 
317  109 
318  232 
318  34 
318  309 
318  218 
319  80 
319  296 
319  230 
319  179 
320  314 
320  71 
320  242 
320  50 
321  49 
321  315 
321  311 
321  87 
322  216 
322  241 
322  240 
322  128 
323  311 
323  310 
323  91 
323  103 
324  108 
324  314 
324  319 
324  171 
325  207 
325  115 
325  279 
325  230 
326  192 
326  116 
326  311 
326  284 
327  218 
327  173 
327  116 
327  34 
328  322 
328  206 
328  181 
328  312 
329  312 
329  310 
329  314 
329  201 
330  166 
330  80 
330  314 
330  11 
331  117 
331  297 
331  231 
331  311 
332  194 
332  64 
332  137 
332  37 
333  321 
333  88 
333  27 
333  311 
334  332 
334  273 
334  49 
334  27 
335  324 
335  87 
335  328 
335  219 
336  319 
336  312 
336  218 
336  295 
337  308 
337  90 
337  23 
337  306 
338  110 
338  131 
338  198 
338  314 
339  166 
339  53 
339  228 
339  311 
340  325 
340  336 
340  312 
340  116 
341  216 
341  331 
341  173 
341  130 
342  206 
342  152 
342  193 
342  135 
343  42 
343  129 
343  325 
343  22 
344  326 
344  129 
344  319 
344  171 
345  343 
345  164 
345  173 
345  326 
346  251 
346  333 
346  342 
346  317 
347  334 
347  87 
347  194 
347  157 
348  329 
348  327 
348  312 
348  115 
349  131 
349  309 
349  326 
349  157 
350  137 
350  319 
350  314 
350  87 
351  109 
351  65 
351  258 
351  172 
352  73 
352  34 
352  330 
352  334 
353  143 
353  314 
353  332 
353  348 
354  218 
354  231 
354  221 
354  11 
355  34 
355  217 
355  40 
355  115 
356  186 
356  268 
356  205 
356  284 
357  233 
357  216 
357  13 
357  59 
358  201 
358  322 
358  165 
358  347 
359  297 
359  22 
359  332 
359  29 
360  275 
360  349 
360  130 
360  163 
361  316 
361  170 
361  51 
361  248 
362  321 
362  242 
362  268 
362  30 
363  128 
363  270 
363  341 
363  42 
364  38 
364  87 
364  101 
364  134 
365  77 
365  207 
365  236 
365  63 
366  242 
366  272 
366  171 
366  364 
367  227 
367  221 
367  129 
367  137 
368  83 
368  339 
368  289 
368  97 
369  35 
369  310 
369  26 
369  319 
370  105 
370  319 
370  206 
370  141 
371  309 
371  115 
371  149 
371  117 
372  140 
372  100 
372  205 
372  244 
373  260 
373  366 
373  362 
373  128 
374  11 
374  1 
374  182 
374  361 
375  362 
375  198 
375  49 
375  160 
376  148 
376  161 
376  169 
376  349 
377  38 
377  353 
377  48 
377  63 
378  270 
378  374 
378  211 
378  241 
379  60 
379  118 
379  365 
379  366 
380  105 
380  102 
380  270 
380  292 
381  175 
381  140 
381  262 
381  272 
382  60 
382  51 
382  289 
382  19 
383  109 
383  193 
383  274 
383  161 
384  269 
384  171 
384  303 
384  31 
385  323 
385  322 
385  239 
385  170 
386  42 
386  198 
386  213 
386  141 
387  169 
387  157 
387  259 
387  363 
388  130 
388  248 
388  368 
388  354 
389  379 
389  316 
389  381 
389  74 
390  218 
390  366 
390  349 
390  379 
391  339 
391  217 
391  198 
391  114 
392  168 
392  359 
392  60 
392  171 
393  285 
393  69 
393  206 
393  168 
394  8 
394  223 
394  238 
394  273 
395  3 
395  198 
395  26 
395  213 
396  365 
396  220 
396  334 
396  256 
397  391 
397  280 
397  38 
397  95 
398  168 
398  65 
398  396 
398  127 
399  391 
399  372 
399  368 
399  184 
400  343 
400  169 
400  354 
400  365 
401  88 
401  69 
401  202 
401  132 
402  381 
402  326 
402  356 
402  106 
403  296 
403  394 
403  97 
403  369 
404  269 
404  227 
404  379 
404  209 
405  9 
405  391 
405  404 
405  159 
406  369 
406  206 
406  395 
406  74 
407  390 
407  63 
407  270 
407  406 
408  403 
408  196 
408  26 
408  391 
409  398 
409  400 
409  188 
409  73 
410  207 
410  327 
410  332 
410  307 
411  170 
411  263 
411  48 
411  345 
412  186 
412  281 
412  235 
412  237 
413  395 
413  8 
413  263 
413  252 
414  193 
414  277 
414  170 
414  237 
415  280 
415  204 
415  95 
415  167 
416  376 
416  22 
416  20 
416  120 
417  137 
417  48 
417  76 
417  303 
418  237 
418  195 
418  190 
418  387 
419  307 
419  355 
419  345 
419  364 
420  412 
420  71 
420  185 
420  151 
421  179 
421  83 
421  170 
421  24 
422  288 
422  45 
422  88 
422  312 
423  417 
423  364 
423  186 
423  196 
424  287 
424  268 
424  153 
424  252 
425  379 
425  252 
425  196 
425  10 
426  300 
426  211 
426  169 
426  312 
427  418 
427  109 
427  258 
427  334 
428  333 
428  262 
428  395 
428  387 
429  147 
429  236 
429  284 
429  424 
430  426 
430  87 
430  191 
430  50 
431  48 
431  419 
431  422 
431  340 
432  234 
432  77 
432  308 
432  162 
433  158 
433  73 
433  188 
433  14 
434  128 
434  152 
434  64 
434  136 
435  170 
435  231 
435  112 
435  194 
436  352 
436  26 
436  252 
436  432 
437  398 
437  431 
437  237 
437  422 
438  415 
438  199 
438  290 
438  103 
439  170 
439  328 
439  438 
439  222 
440  67 
440  416 
440  334 
440  144 
441  435 
441  7 
441  237 
441  426 
442  345 
442  48 
442  412 
442  404 
443  367 
443  310 
443  72 
443  332 
444  426 
444  425 
444  440 
444  189 
445  237 
445  56 
445  376 
445  326 
446  36 
446  421 
446  262 
446  45 
447  425 
447  280 
447  219 
447  337 
448  337 
448  256 
448  417 
448  134 
449  300 
449  48 
449  141 
449  147 
450  178 
450  444 
450  418 
450  415 
451  28 
451  286 
451  124 
451  368 
452  384 
452  412 
452  325 
452  377 
453  420 
453  443 
453  366 
453  48 
454  436 
454  447 
454  335 
454  411 
455  345 
455  24 
455  435 
455  335 
456  333 
456  430 
456  262 
456  65 
457  91 
457  434 
457  379 
457  450 
458  375 
458  214 
458  441 
458  62 
459  356 
459  126 
459  302 
459  78 
460  263 
460  127 
460  321 
460  434 
461  290 
461  459 
461  36 
461  247 
462  130 
462  168 
462  438 
462  125 
463  363 
463  352 
463  342 
463  36 
464  415 
464  357 
464  182 
464  91 
465  423 
465  372 
465  457 
465  462 
466  365 
466  116 
466  136 
466  236 
467  415 
467  463 
467  437 
467  122 
468  129 
468  169 
468  383 
468  283 
469  228 
469  466 
469  257 
469  444 
470  174 
470  223 
470  190 
470  294 
471  91 
471  14 
471  417 
471  324 
472  100 
472  126 
472  459 
472  123 
473  426 
473  208 
473  454 
473  150 
474  470 
474  116 
474  6 
474  1 
475  211 
475  2 
475  403 
475  459 
476  467 
476  411 
476  431 
476  371 
477  471 
477  313 
477  461 
477  473 
478  180 
478  363 
478  306 
478  43 
479  223 
479  76 
479  419 
479  119 
480  331 
480  255 
480  248 
480  293 
481  308 
481  315 
481  416 
481  50 
482  18 
482  386 
482  223 
482  159 
483  116 
483  279 
483  376 
483  229 
484  225 
484  210 
484  118 
484  242 
485  179 
485  176 
485  476 
485  26 
486  13 
486  58 
486  448 
486  463 
487  363 
487  467 
487  116 
487  486 
488  9 
488  384 
488  275 
488  477 
489  122 
489  116 
489  366 
489  413 
490  394 
490  476 
490  145 
490  362 
491  44 
491  484 
491  251 
491  415 
492  207 
492  443 
492  134 
492  467 
493  76 
493  27 
493  229 
493  491 
494  493 
494  233 
494  324 
494  129 
495  242 
495  477 
495  230 
495  470 
496  438 
496  470 
496  307 
496  180 
497  470 
497  238 
497  290 
497  57 
498  429 
498  311 
498  192 
498  489 
499  424 
499  195 
499  279 
499  281 
500  2 
500  462 
500  184 
500  14 
501  261 
501  2 
501  299 
501  251 
502  221 
502  225 
502  88 
502  44 
503  100 
503  466 
503  451 
503  306 
504  25 
504  252 
504  139 
504  470 
505  328 
505  318 
505  492 
505  461 
506  448 
506  491 
506  109 
506  489 
507  462 
507  134 
507  251 
507  51 
508  336 
508  285 
508  416 
508  338 
509  422 
509  323 
509  352 
509  498 
510  80 
510  145 
510  152 
510  175 
511  177 
511  250 
511  130 
511  8 
512  482 
512  144 
512  90 
512  174 
513  341 
513  259 
513  384 
513  169 
514  407 
514  366 
514  16 
514  53 
515  509 
515  420 
515  189 
515  469 
516  25 
516  493 
516  426 
516  237 
517  219 
517  241 
517  268 
517  306 
518  360 
518  247 
518  80 
518  113 
519  73 
519  182 
519  248 
519  92 
520  383 
520  421 
520  333 
520  106 
521  357 
521  505 
521  111 
521  142 
522  266 
522  314 
522  224 
522  288 
523  294 
523  131 
523  192 
523  480 
524  407 
524  111 
524  169 
524  247 
525  370 
525  448 
525  404 
525  306 
526  201 
526  241 
526  366 
526  5 
527  176 
527  273 
527  195 
527  71 
528  92 
528  484 
528  321 
528  306 
529  312 
529  31 
529  205 
529  142 
530  228 
530  149 
530  390 
530  218 
531  259 
531  136 
531  268 
531  98 
532  459 
532  111 
532  330 
532  306 
533  138 
533  176 
533  321 
533  45 
534  348 
534  505 
534  357 
534  49 
535  84 
535  302 
535  407 
535  239 
536  52 
536  485 
536  160 
536  146 
537  330 
537  524 
537  73 
537  422 
538  409 
538  531 
538  338 
538  246 
539  213 
539  302 
539  190 
539  331 
540  306 
540  379 
540  85 
540  308 
541  86 
541  56 
541  308 
541  310 
542  241 
542  471 
542  63 
542  306 
543  145 
543  73 
543  252 
543  86 
544  366 
544  498 
544  234 
544  317 
545  332 
545  475 
545  541 
545  205 
546  121 
546  535 
546  158 
546  287 
547  519 
547  507 
547  525 
547  349 
548  65 
548  334 
548  532 
548  372 
549  152 
549  510 
549  318 
549  30 
550  547 
550  18 
550  542 
550  409 
551  262 
551  149 
551  53 
551  106 
552  466 
552  521 
552  542 
552  223 
553  63 
553  159 
553  510 
553  531 
554  525 
554  227 
554  246 
554  117 
555  542 
555  523 
555  333 
555  53 
556  527 
556  183 
556  517 
556  14 
557  531 
557  132 
557  321 
557  250 
558  509 
558  493 
558  306 
558  34 
559  416 
559  123 
559  352 
559  242 
560  285 
560  197 
560  307 
560  53 
561  372 
561  21 
561  10 
561  360 
562  532 
562  107 
562  145 
562  434 
563  194 
563  475 
563  312 
563  303 
564  394 
564  149 
564  69 
564  6 
565  408 
565  54 
565  195 
565  471 
566  172 
566  91 
566  313 
566  277 
567  537 
567  460 
567  470 
567  140 
568  326 
568  220 
568  153 
568  481 
569  232 
569  407 
569  385 
569  503 
570  523 
570  102 
570  353 
570  126 
571  430 
571  358 
571  560 
571  109 
572  106 
572  381 
572  69 
572  525 
573  529 
573  498 
573  110 
573  342 
574  54 
574  64 
574  382 
574  102 
575  495 
575  17 
575  353 
575  306 
576  49 
576  153 
576  434 
576  287 
577  128 
577  144 
577  215 
577  84 
578  490 
578  199 
578  471 
578  537 
579  197 
579  484 
579  408 
579  10 
580  255 
580  194 
580  273 
580  130 
581  562 
581  496 
581  341 
581  566 
582  523 
582  481 
582  20 
582  408 
583  242 
583  424 
583  21 
583  546 
584  251 
584  28 
584  380 
584  252 
585  584 
585  561 
585  564 
585  20 
586  105 
586  249 
586  30 
586  582 
587  110 
587  439 
587  403 
587  312 
588  227 
588  586 
588  567 
588  565 
589  216 
589  518 
589  295 
589  138 
590  570 
590  124 
590  569 
590  340 
591  283 
591  105 
591  303 
591  161 
592  502 
592  197 
592  154 
592  215 
593  510 
593  339 
593  152 
593  310 
594  291 
594  131 
594  575 
594  586 
595  151 
595  434 
595  318 
595  56 
596  87 
596  405 
596  565 
596  417 
597  395 
597  572 
597  162 
597  509 
598  140 
598  287 
598  19 
598  446 
599  220 
599  572 
599  346 
599  273 
600  578 
600  560 
600  317 
600  414 
601  303 
601  152 
601  64 
601  56 
602  596 
602  379 
602  597 
602  566 
603  478 
603  19 
603  593 
603  188 
604  121 
604  498 
604  358 
604  570 
605  205 
605  597 
605  69 
605  308 
606  525 
606  566 
606  215 
606  121 
607  481 
607  81 
607  35 
607  112 
608  566 
608  565 
608  19 
608  27 
609  548 
609  349 
609  483 
609  317 
610  438 
610  390 
610  105 
610  446 
611  283 
611  302 
611  83 
611  455 
612  58 
612  210 
612  444 
612  214 
613  317 
613  190 
613  132 
613  356 
614  445 
614  269 
614  337 
614  425 
615  248 
615  427 
615  19 
615  119 
616  478 
616  484 
616  394 
616  601 
617  356 
617  187 
617  602 
617  33 
618  36 
618  323 
618  265 
618  315 
619  189 
619  337 
619  121 
619  393 
620  360 
620  127 
620  384 
620  411 
621  385 
621  486 
621  348 
621  562 
622  579 
622  135 
622  245 
622  434 
623  239 
623  621 
623  427 
623  314 
624  564 
624  485 
624  121 
624  353 
625  413 
625  81 
625  573 
625  527 
626  408 
626  124 
626  326 
626  624 
627  546 
627  387 
627  19 
627  442 
628  592 
628  137 
628  6 
628  195 
629  520 
629  616 
629  613 
629  517 
630  574 
630  609 
630  207 
630  394 
631  114 
631  624 
631  538 
631  238 
632  247 
632  188 
632  439 
632  517 
633  103 
633  411 
633  88 
633  302 
634  612 
634  629 
634  279 
634  152 
635  453 
635  546 
635  232 
635  94 
636  390 
636  530 
636  620 
636  96 
637  446 
637  88 
637  485 
637  321 
638  399 
638  563 
638  281 
638  485 
639  637 
639  362 
639  228 
639  624 
640  298 
640  477 
640  326 
640  189 
641  193 
641  550 
641  624 
641  363 
642  340 
642  98 
642  482 
642  345 
643  177 
643  422 
643  629 
643  630 
644  617 
644  607 
644  612 
644  504 
645  567 
645  578 
645  624 
645  185 
646  157 
646  269 
646  162 
646  504 
647  589 
647  136 
647  590 
647  132 
648  162 
648  647 
648  210 
648  434 
649  137 
649  624 
649  356 
649  593 
650  610 
650  599 
650  265 
650  234 
651  540 
651  640 
651  260 
651  522 
652  623 
652  388 
652  637 
652  286 
653  358 
653  638 
653  610 
653  530 
654  586 
654  259 
654  105 
654  374 
655  60 
655  42 
655  331 
655  619 
656  466 
656  207 
656  590 
656  451 
657  58 
657  632 
657  42 
657  609 
658  39 
658  499 
658  401 
658  353 
 

