1  2 
1  3 
1  4 
1  5 
1  6 
1  7 
1  8 
1  9 
1  10 
2  3 
2  4 
2  5 
2  6 
2  7 
2  8 
2  9 
2  10 
3  4 
3  5 
3  6 
3  7 
3  8 
3  9 
3  10 
4  5 
4  6 
4  7 
4  8 
4  9 
4  10 
5  6 
5  7 
5  8 
5  9 
5  10 
6  7 
6  8 
6  9 
6  10 
7  8 
7  9 
7  10 
8  9 
8  10 
9  10 
11  3 
11  5 
11  1 
11  4 
12  6 
12  9 
12  5 
12  10 
13  8 
13  5 
13  1 
13  3 
14  9 
14  8 
14  12 
14  1 
15  9 
15  3 
15  6 
15  1 
16  13 
16  3 
16  4 
16  15 
17  16 
17  4 
17  2 
17  9 
18  8 
18  10 
18  16 
18  9 
19  4 
19  3 
19  12 
19  10 
20  2 
20  1 
20  11 
20  13 
21  16 
21  6 
21  12 
21  2 
22  5 
22  11 
22  16 
22  3 
23  6 
23  1 
23  8 
23  9 
24  22 
24  2 
24  1 
24  10 
25  15 
25  7 
25  3 
25  13 
26  9 
26  25 
26  5 
26  3 
27  26 
27  9 
27  12 
27  3 
28  5 
28  13 
28  26 
28  11 
29  5 
29  8 
29  17 
29  12 
30  4 
30  13 
30  23 
30  15 
31  12 
31  6 
31  5 
31  19 
32  25 
32  30 
32  26 
32  12 
33  19 
33  3 
33  12 
33  16 
34  1 
34  31 
34  17 
34  25 
35  30 
35  17 
35  12 
35  25 
36  25 
36  4 
36  12 
36  19 
37  22 
37  26 
37  6 
37  4 
38  4 
38  9 
38  11 
38  18 
39  4 
39  5 
39  32 
39  24 
40  30 
40  15 
40  13 
40  9 
41  5 
41  7 
41  38 
41  19 
42  3 
42  9 
42  10 
42  32 
43  38 
43  16 
43  7 
43  11 
44  26 
44  23 
44  2 
44  11 
45  25 
45  37 
45  24 
45  5 
46  44 
46  19 
46  8 
46  11 
47  7 
47  13 
47  37 
47  6 
48  5 
48  37 
48  8 
48  1 
49  21 
49  8 
49  9 
49  5 
50  1 
50  26 
50  3 
50  33 
51  30 
51  19 
51  34 
51  6 
52  27 
52  51 
52  2 
52  8 
53  5 
53  7 
53  29 
53  21 
54  38 
54  13 
54  10 
54  21 
55  7 
55  3 
55  37 
55  5 
56  18 
56  39 
56  1 
56  11 
57  38 
57  8 
57  52 
57  9 
58  38 
58  10 
58  6 
58  8 
59  12 
59  24 
59  25 
59  1 
60  6 
60  44 
60  16 
60  5 
61  58 
61  9 
61  1 
61  52 
62  25 
62  54 
62  15 
62  10 
63  37 
63  4 
63  41 
63  57 
64  37 
64  26 
64  8 
64  43 
65  8 
65  15 
65  1 
65  42 
66  9 
66  4 
66  57 
66  3 
67  51 
67  38 
67  16 
67  12 
68  11 
68  30 
68  16 
68  7 
69  57 
69  8 
69  16 
69  17 
70  37 
70  6 
70  2 
70  11 
71  25 
71  67 
71  7 
71  68 
72  5 
72  11 
72  39 
72  10 
73  48 
73  22 
73  25 
73  60 
74  7 
74  30 
74  8 
74  5 
75  57 
75  21 
75  5 
75  6 
76  58 
76  43 
76  32 
76  65 
77  25 
77  31 
77  66 
77  1 
78  12 
78  5 
78  31 
78  48 
79  19 
79  76 
79  3 
79  13 
80  7 
80  8 
80  5 
80  71 
81  8 
81  42 
81  5 
81  12 
82  22 
82  21 
82  36 
82  16 
83  15 
83  11 
83  22 
83  5 
84  61 
84  35 
84  9 
84  26 
85  3 
85  33 
85  21 
85  1 
86  4 
86  71 
86  43 
86  29 
87  34 
87  39 
87  27 
87  26 
88  26 
88  7 
88  19 
88  31 
89  11 
89  37 
89  30 
89  9 
90  29 
90  27 
90  9 
90  30 
91  8 
91  55 
91  38 
91  56 
92  10 
92  8 
92  82 
92  54 
93  37 
93  19 
93  8 
93  54 
94  25 
94  1 
94  24 
94  58 
95  8 
95  70 
95  10 
95  84 
96  73 
96  5 
96  14 
96  19 
97  46 
97  25 
97  56 
97  72 
98  37 
98  21 
98  24 
98  55 
99  61 
99  43 
99  41 
99  8 
100  52 
100  43 
100  82 
100  97 
101  35 
101  75 
101  96 
101  38 
102  68 
102  98 
102  26 
102  41 
103  72 
103  70 
103  77 
103  47 
104  5 
104  35 
104  15 
104  71 
105  53 
105  89 
105  58 
105  16 
106  20 
106  12 
106  37 
106  3 
107  5 
107  21 
107  8 
107  16 
108  8 
108  101 
108  22 
108  73 
109  6 
109  12 
109  42 
109  11 
110  12 
110  87 
110  1 
110  91 
111  12 
111  45 
111  88 
111  93 
112  5 
112  3 
112  2 
112  24 
113  16 
113  51 
113  12 
113  85 
114  9 
114  8 
114  14 
114  55 
115  19 
115  3 
115  43 
115  13 
116  3 
116  96 
116  22 
116  94 
117  8 
117  16 
117  44 
117  4 
118  8 
118  107 
118  84 
118  24 
119  37 
119  18 
119  5 
119  109 
120  6 
120  10 
120  56 
120  55 
121  30 
121  18 
121  119 
121  48 
122  54 
122  6 
122  68 
122  85 
123  8 
123  55 
123  31 
123  6 
124  22 
124  13 
124  45 
124  105 
125  78 
125  38 
125  2 
125  4 
126  71 
126  35 
126  13 
126  101 
127  38 
127  13 
127  6 
127  39 
128  88 
128  12 
128  118 
128  42 
129  19 
129  112 
129  74 
129  124 
130  66 
130  119 
130  29 
130  34 
131  43 
131  32 
131  81 
131  90 
132  107 
132  60 
132  9 
132  50 
133  13 
133  118 
133  90 
133  3 
134  30 
134  13 
134  60 
134  52 
135  34 
135  37 
135  92 
135  26 
136  11 
136  25 
136  3 
136  58 
137  53 
137  5 
137  16 
137  91 
138  32 
138  82 
138  68 
138  95 
139  81 
139  70 
139  100 
139  95 
140  20 
140  12 
140  40 
140  7 
141  9 
141  85 
141  31 
141  94 
142  6 
142  110 
142  7 
142  40 
143  5 
143  71 
143  12 
143  30 
144  46 
144  47 
144  102 
144  23 
145  86 
145  12 
145  25 
145  113 
146  58 
146  55 
146  37 
146  26 
147  10 
147  18 
147  81 
147  25 
148  37 
148  4 
148  122 
148  7 
149  5 
149  33 
149  63 
149  13 
150  12 
150  93 
150  110 
150  102 
151  46 
151  82 
151  31 
151  32 
152  1 
152  77 
152  5 
152  9 
153  61 
153  132 
153  89 
153  114 
154  63 
154  17 
154  130 
154  92 
155  12 
155  9 
155  25 
155  74 
156  45 
156  48 
156  1 
156  13 
157  11 
157  100 
157  25 
157  150 
158  93 
158  115 
158  15 
158  87 
159  10 
159  5 
159  91 
159  38 
160  86 
160  55 
160  39 
160  4 
161  57 
161  87 
161  5 
161  136 
162  19 
162  39 
162  5 
162  3 
163  86 
163  12 
163  25 
163  114 
164  41 
164  75 
164  59 
164  26 
165  9 
165  164 
165  5 
165  160 
166  16 
166  114 
166  80 
166  155 
167  140 
167  9 
167  149 
167  34 
168  98 
168  38 
168  81 
168  67 
169  130 
169  38 
169  109 
169  144 
170  13 
170  44 
170  74 
170  169 
171  29 
171  37 
171  13 
171  72 
172  17 
172  45 
172  18 
172  6 
173  100 
173  30 
173  124 
173  20 
174  104 
174  78 
174  10 
174  37 
175  157 
175  10 
175  17 
175  107 
176  137 
176  143 
176  12 
176  9 
177  1 
177  86 
177  146 
177  52 
178  87 
178  108 
178  55 
178  1 
179  60 
179  41 
179  100 
179  149 
180  48 
180  10 
180  21 
180  169 
181  78 
181  7 
181  19 
181  175 
182  8 
182  47 
182  13 
182  10 
183  93 
183  112 
183  19 
183  27 
184  152 
184  119 
184  128 
184  3 
185  6 
185  141 
185  48 
185  58 
186  13 
186  120 
186  38 
186  19 
187  126 
187  58 
187  81 
187  53 
188  94 
188  146 
188  181 
188  171 
189  12 
189  54 
189  25 
189  175 
190  11 
190  31 
190  9 
190  4 
191  163 
191  2 
191  12 
191  87 
192  123 
192  6 
192  10 
192  44 
193  45 
193  159 
193  12 
193  54 
194  13 
194  178 
194  146 
194  110 
195  103 
195  38 
195  1 
195  192 
196  38 
196  86 
196  83 
196  46 
197  44 
197  5 
197  61 
197  8 
198  10 
198  71 
198  7 
198  19 
199  68 
199  57 
199  22 
199  4 
200  30 
200  160 
200  169 
200  47 
1  201 
1  202 
2  201 
2  203 
2  204 
2  205 
3  206 
3  207 
4  201 
4  203 
4  204 
4  205 
4  206 
5  203 
5  208 
5  205 
5  206 
5  202 
6  201 
6  204 
6  207 
7  201 
7  203 
7  208 
7  204 
7  205 
7  206 
7  207 
8  203 
8  208 
8  204 
8  207 
9  201 
9  203 
9  204 
9  206 
9  202 
10  205 
11  208 
11  202 
11  207 
12  201 
12  203 
12  208 
12  207 
13  201 
13  206 
13  202 
13  207 
14  205 
14  206 
14  207 
15  203 
15  204 
15  202 
16  201 
16  203 
16  205 
16  206 
16  207 
17  201 
17  203 
17  208 
17  206 
17  207 
18  203 
18  204 
18  205 
18  202 
19  204 
19  202 
19  207 
20  203 
20  204 
20  205 
20  206 
20  202 
21  201 
21  208 
21  204 
21  206 
22  201 
22  203 
22  202 
22  207 
23  203 
23  206 
23  202 
23  207 
24  203 
24  204 
25  201 
25  203 
25  204 
25  205 
25  202 
25  207 
26  203 
26  204 
26  206 
26  207 
27  204 
27  202 
28  208 
28  204 
28  202 
29  201 
29  203 
29  204 
29  205 
29  207 
30  201 
30  204 
30  205 
30  202 
31  201 
31  203 
31  205 
31  202 
31  207 
32  201 
32  204 
32  205 
32  202 
32  207 
33  204 
33  205 
33  206 
34  204 
34  205 
34  202 
34  207 
35  203 
35  208 
35  205 
35  206 
35  202 
35  207 
36  203 
37  208 
37  204 
37  202 
37  207 
38  201 
38  203 
38  204 
38  206 
38  207 
39  203 
39  208 
39  204 
39  206 
40  201 
40  203 
40  208 
40  204 
40  205 
40  206 
40  202 
40  207 
41  201 
41  203 
41  204 
41  207 
42  204 
42  206 
42  202 
42  207 
43  208 
43  206 
43  202 
43  207 
44  201 
44  205 
44  202 
45  203 
45  206 
45  207 
46  203 
46  206 
47  201 
47  204 
47  205 
48  208 
48  204 
48  205 
48  207 
49  203 
49  208 
49  206 
49  202 
49  207 
50  201 
50  204 
50  202 
201  203 
203  208 
208  204 
204  205 
205  206 
206  202 
202  207 
201  208 
201  204 
201  205 
203  206 
208  205 
204  203 
204  202 
206  201 
206  208 
206  204 
202  205 
207  201 
207  203 
207  208 
207  205 
207  206 
51  203 
51  204 
51  206 
51  202 
52  206 
52  202 
53  208 
53  205 
209  163 
209  183 
209  80 
209  201 
210  149 
210  21 
210  111 
210  193 
211  84 
211  104 
211  29 
211  103 
212  175 
212  122 
212  107 
212  168 
213  79 
213  51 
213  92 
213  122 
214  122 
214  146 
214  200 
214  71 
215  211 
215  155 
215  34 
215  103 
216  181 
216  76 
216  211 
216  138 
217  212 
217  211 
217  126 
217  214 
218  20 
218  171 
218  79 
218  44 
219  112 
219  87 
219  204 
219  213 
220  22 
220  44 
220  28 
220  214 
221  78 
221  86 
221  211 
221  66 
222  170 
222  103 
222  75 
222  100 
223  171 
223  40 
223  196 
223  213 
224  37 
224  125 
224  221 
224  212 
225  100 
225  217 
225  205 
225  183 
226  93 
226  168 
226  40 
226  224 
227  203 
227  143 
227  224 
227  135 
228  51 
228  159 
228  147 
228  213 
54  201 
54  208 
54  206 
54  202 
55  208 
55  206 
56  203 
56  208 
56  204 
56  205 
56  206 
56  207 
57  206 
229  175 
229  56 
229  11 
229  39 
230  99 
230  121 
230  76 
230  101 
231  103 
231  36 
231  18 
231  104 
232  40 
232  208 
232  54 
232  189 
233  232 
233  230 
233  40 
233  208 
234  116 
234  76 
234  18 
234  183 
235  162 
235  231 
235  136 
235  185 
236  57 
236  210 
236  116 
236  14 
237  223 
237  56 
237  74 
237  57 
238  136 
238  104 
238  212 
238  221 
239  230 
239  124 
239  131 
239  117 
240  63 
240  187 
240  237 
240  227 
241  130 
241  192 
241  76 
241  40 
242  239 
242  236 
242  74 
242  217 
243  84 
243  40 
243  159 
243  183 
244  124 
244  166 
244  18 
244  242 
245  54 
245  175 
245  57 
245  148 
246  237 
246  103 
246  84 
246  56 
247  235 
247  236 
247  120 
247  51 
248  242 
248  4 
248  241 
248  134 
58  203 
58  205 
58  202 
249  89 
249  123 
249  94 
249  18 
250  152 
250  165 
250  190 
250  125 
251  67 
251  104 
251  103 
251  89 
252  127 
252  211 
252  23 
252  93 
253  187 
253  126 
253  179 
253  36 
254  124 
254  8 
254  251 
254  231 
255  182 
255  135 
255  232 
255  155 
256  73 
256  39 
256  75 
256  128 
257  31 
257  116 
257  251 
257  137 
258  105 
258  137 
258  124 
258  135 
259  230 
259  257 
259  68 
259  5 
260  137 
260  73 
260  59 
260  55 
261  179 
261  4 
261  183 
261  92 
262  2 
262  164 
262  36 
262  74 
263  212 
263  130 
263  110 
263  24 
264  252 
264  9 
264  38 
264  54 
265  254 
265  36 
265  219 
265  185 
266  112 
266  34 
266  265 
266  36 
267  256 
267  161 
267  265 
267  128 
268  24 
268  256 
268  255 
268  257 
59  201 
59  203 
59  208 
59  204 
59  206 
59  202 
60  201 
60  203 
60  208 
60  205 
60  206 
60  202 
60  207 
61  201 
61  203 
61  206 
61  207 
62  208 
62  205 
62  206 
62  202 
62  207 
63  208 
63  204 
63  205 
63  206 
63  202 
63  207 
3  269 
6  269 
7  269 
10  269 
16  269 
17  269 
22  269 
23  269 
26  269 
27  269 
32  269 
33  269 
34  269 
35  269 
38  269 
39  269 
40  269 
42  269 
43  269 
44  269 
46  269 
47  269 
49  269 
50  269 
51  269 
53  269 
54  269 
55  269 
57  269 
58  269 
59  269 
60  269 
61  269 
62  269 
63  269 
208  202 
204  207 
202  201 
202  203 
269  203 
269  208 
269  202 
270  254 
270  19 
270  220 
270  98 
271  125 
271  121 
271  212 
271  174 
272  59 
272  204 
272  121 
272  186 
273  34 
273  257 
273  6 
273  244 
274  85 
274  268 
274  93 
274  190 
275  208 
275  158 
275  234 
275  183 
276  270 
276  271 
276  93 
276  16 
277  259 
277  23 
277  209 
277  45 
278  230 
278  151 
278  202 
278  160 
279  119 
279  49 
279  61 
279  271 
280  273 
280  278 
280  24 
280  270 
281  169 
281  174 
281  99 
281  162 
282  280 
282  142 
282  190 
282  272 
283  3 
283  261 
283  187 
283  265 
284  104 
284  216 
284  14 
284  66 
285  21 
285  204 
285  221 
285  259 
286  267 
286  191 
286  169 
286  138 
287  63 
287  268 
287  61 
287  50 
288  142 
288  210 
288  49 
288  239 
289  271 
289  135 
289  101 
289  180 
64  204 
64  207 
64  269 
65  203 
65  208 
65  204 
65  202 
65  207 
65  269 
290  258 
290  90 
290  264 
290  24 
291  143 
291  247 
291  6 
291  198 
292  229 
292  284 
292  157 
292  85 
293  244 
293  224 
293  121 
293  161 
294  201 
294  190 
294  51 
294  87 
295  207 
295  128 
295  25 
295  35 
296  286 
296  30 
296  268 
296  207 
297  131 
297  39 
297  221 
297  229 
298  148 
298  151 
298  68 
298  219 
299  172 
299  228 
299  235 
299  253 
300  114 
300  119 
300  210 
300  189 
301  125 
301  154 
301  175 
301  5 
302  298 
302  292 
302  198 
302  293 
303  224 
303  276 
303  123 
303  92 
304  1 
304  38 
304  113 
304  13 
305  159 
305  15 
305  88 
305  157 
306  298 
306  303 
306  195 
306  148 
307  150 
307  111 
307  302 
307  229 
308  273 
308  201 
308  161 
308  151 
309  279 
309  306 
309  89 
309  300 
66  203 
66  208 
66  205 
66  206 
66  202 
66  207 
67  203 
67  208 
67  202 
67  269 
68  201 
68  203 
68  208 
68  206 
68  202 
68  269 
310  9 
310  290 
310  253 
310  96 
311  79 
311  285 
311  301 
311  21 
312  118 
312  258 
312  105 
312  136 
313  243 
313  200 
313  168 
313  132 
314  133 
314  184 
314  215 
314  89 
315  184 
315  40 
315  274 
315  292 
316  157 
316  24 
316  16 
316  166 
317  269 
317  177 
317  118 
317  274 
318  163 
318  313 
318  205 
318  89 
319  1 
319  247 
319  51 
319  106 
320  83 
320  23 
320  245 
320  171 
321  133 
321  299 
321  274 
321  104 
322  140 
322  156 
322  316 
322  92 
323  98 
323  245 
323  29 
323  298 
324  142 
324  155 
324  82 
324  198 
325  320 
325  324 
325  89 
325  318 
326  19 
326  61 
326  215 
326  325 
327  133 
327  76 
327  292 
327  114 
328  133 
328  314 
328  269 
328  183 
329  316 
329  93 
329  163 
329  253 
69  203 
69  204 
69  205 
69  202 
69  207 
70  203 
70  207 
70  269 
330  42 
330  67 
330  71 
330  106 
331  231 
331  101 
331  232 
331  165 
332  245 
332  20 
332  167 
332  311 
333  237 
333  300 
333  136 
333  206 
334  17 
334  286 
334  99 
334  21 
335  104 
335  189 
335  334 
335  252 
336  51 
336  211 
336  327 
336  100 
337  99 
337  104 
337  254 
337  311 
338  51 
338  205 
338  228 
338  113 
339  64 
339  309 
339  328 
339  176 
340  21 
340  286 
340  188 
340  167 
341  192 
341  188 
341  229 
341  29 
342  288 
342  168 
342  174 
342  22 
343  206 
343  109 
343  301 
343  60 
344  21 
344  330 
344  185 
344  300 
345  9 
345  2 
345  331 
345  121 
346  265 
346  345 
346  107 
346  136 
347  344 
347  242 
347  202 
347  223 
348  331 
348  45 
348  90 
348  19 
349  205 
349  278 
349  218 
349  331 
71  204 
71  205 
71  202 
72  208 
72  206 
72  202 
72  207 
73  203 
73  204 
73  202 
73  207 
350  201 
350  274 
350  317 
350  232 
351  305 
351  115 
351  19 
351  333 
352  170 
352  76 
352  80 
352  340 
353  71 
353  334 
353  167 
353  107 
354  70 
354  347 
354  68 
354  1 
355  100 
355  297 
355  124 
355  228 
356  353 
356  35 
356  352 
356  351 
357  109 
357  351 
357  68 
357  176 
358  353 
358  93 
358  129 
358  18 
359  218 
359  293 
359  103 
359  19 
360  173 
360  64 
360  359 
360  350 
361  52 
361  103 
361  183 
361  243 
362  114 
362  216 
362  355 
362  132 
363  350 
363  263 
363  8 
363  282 
364  323 
364  80 
364  180 
364  350 
365  212 
365  281 
365  355 
365  284 
366  6 
366  251 
366  267 
366  262 
367  356 
367  291 
367  363 
367  105 
368  166 
368  16 
368  173 
368  54 
369  361 
369  350 
369  286 
369  70 
74  201 
74  203 
74  208 
74  204 
74  205 
74  206 
74  202 
74  207 
370  346 
370  260 
370  341 
370  39 
371  247 
371  174 
371  4 
371  233 
372  108 
372  107 
372  99 
372  292 
373  10 
373  159 
373  69 
373  300 
374  191 
374  82 
374  187 
374  372 
375  210 
375  372 
375  191 
375  81 
376  84 
376  365 
376  66 
376  229 
377  107 
377  70 
377  10 
377  154 
378  266 
378  365 
378  198 
378  370 
379  114 
379  378 
379  131 
379  184 
380  220 
380  191 
380  378 
380  312 
381  166 
381  208 
381  32 
381  221 
382  343 
382  218 
382  225 
382  131 
383  338 
383  84 
383  252 
383  339 
384  182 
384  119 
384  159 
384  152 
385  78 
385  221 
385  152 
385  272 
386  272 
386  202 
386  312 
386  364 
387  96 
387  76 
387  248 
387  78 
388  156 
388  266 
388  121 
388  296 
389  172 
389  154 
389  367 
389  233 
75  201 
75  203 
75  208 
75  204 
76  201 
76  203 
76  205 
76  207 
390  196 
390  388 
390  230 
390  276 
391  80 
391  206 
391  13 
391  169 
392  40 
392  27 
392  288 
392  333 
393  24 
393  327 
393  300 
393  27 
394  57 
394  44 
394  36 
394  173 
395  242 
395  312 
395  394 
395  344 
396  163 
396  270 
396  391 
396  24 
397  150 
397  262 
397  381 
397  160 
398  395 
398  94 
398  101 
398  247 
399  218 
399  90 
399  75 
399  66 
400  228 
400  148 
400  125 
400  78 
401  352 
401  186 
401  400 
401  76 
402  16 
402  376 
402  326 
402  400 
403  399 
403  343 
403  171 
403  356 
404  15 
404  169 
404  122 
404  393 
405  403 
405  143 
405  152 
405  345 
406  68 
406  331 
406  304 
406  127 
407  21 
407  156 
407  405 
407  40 
408  178 
408  327 
408  393 
408  193 
409  316 
409  169 
409  287 
409  184 
77  201 
77  208 
77  205 
77  206 
77  207 
78  201 
78  203 
78  205 
78  206 
78  202 
79  204 
79  206 
79  269 
80  201 
80  202 
80  207 
80  269 
410  173 
410  103 
410  222 
410  361 
411  198 
411  80 
411  127 
411  386 
412  266 
412  67 
412  64 
412  336 
413  116 
413  266 
413  83 
413  117 
414  117 
414  146 
414  278 
414  19 
415  128 
415  266 
415  42 
415  341 
416  98 
416  255 
416  212 
416  19 
417  139 
417  48 
417  313 
417  153 
418  148 
418  195 
418  144 
418  182 
419  356 
419  83 
419  28 
419  418 
420  26 
420  338 
420  414 
420  366 
421  119 
421  417 
421  279 
421  299 
422  57 
422  14 
422  75 
422  173 
423  195 
423  391 
423  357 
423  1 
424  116 
424  388 
424  423 
424  148 
425  380 
425  139 
425  170 
425  266 
426  194 
426  423 
426  203 
426  388 
427  7 
427  402 
427  215 
427  195 
428  75 
428  422 
428  56 
428  59 
429  331 
429  6 
429  411 
429  1 
81  201 
81  203 
81  208 
81  204 
81  205 
82  203 
82  205 
82  206 
82  202 
82  207 
430  215 
430  6 
430  289 
430  400 
431  124 
431  64 
431  171 
431  16 
432  47 
432  198 
432  186 
432  91 
433  367 
433  165 
433  253 
433  322 
434  221 
434  167 
434  225 
434  188 
435  106 
435  433 
435  88 
435  37 
436  117 
436  239 
436  281 
436  103 
437  122 
437  374 
437  318 
437  430 
438  31 
438  273 
438  42 
438  239 
439  104 
439  252 
439  107 
439  81 
440  313 
440  167 
440  36 
440  287 
441  417 
441  60 
441  167 
441  419 
442  107 
442  214 
442  318 
442  417 
443  370 
443  188 
443  148 
443  348 
444  221 
444  437 
444  439 
444  218 
445  106 
445  399 
445  396 
445  299 
446  1 
446  26 
446  209 
446  115 
447  56 
447  385 
447  342 
447  265 
448  251 
448  170 
448  430 
448  371 
449  294 
449  214 
449  348 
449  405 
83  208 
83  204 
84  201 
84  203 
84  208 
84  202 
84  207 
84  269 
85  204 
85  205 
86  201 
86  203 
86  208 
86  205 
86  206 
86  202 
86  207 
450  275 
450  23 
450  247 
450  447 
451  39 
451  360 
451  26 
451  60 
452  263 
452  221 
452  15 
452  170 
453  26 
453  109 
453  43 
453  197 
454  429 
454  158 
454  439 
454  71 
455  250 
455  71 
455  383 
455  207 
456  76 
456  150 
456  259 
456  407 
457  73 
457  259 
457  453 
457  166 
458  130 
458  307 
458  150 
458  429 
459  1 
459  247 
459  251 
459  410 
460  276 
460  383 
460  4 
460  362 
461  294 
461  200 
461  215 
461  59 
462  76 
462  233 
462  101 
462  455 
463  153 
463  371 
463  179 
463  365 
464  218 
464  206 
464  338 
464  371 
465  452 
465  151 
465  436 
465  457 
466  66 
466  463 
466  307 
466  371 
467  296 
467  32 
467  455 
467  255 
468  424 
468  108 
468  296 
468  252 
469  301 
469  79 
469  45 
469  70 
87  208 
87  205 
87  206 
87  269 
88  204 
88  206 
88  202 
89  201 
89  204 
89  206 
89  269 
90  201 
90  204 
90  207 
470  53 
470  169 
470  57 
470  421 
471  414 
471  266 
471  216 
471  178 
472  277 
472  210 
472  116 
472  391 
473  175 
473  86 
473  91 
473  110 
474  370 
474  226 
474  18 
474  227 
475  210 
475  221 
475  108 
475  444 
476  122 
476  436 
476  2 
476  311 
477  63 
477  75 
477  148 
477  347 
478  98 
478  418 
478  119 
478  348 
479  289 
479  277 
479  348 
479  451 
480  291 
480  448 
480  373 
480  350 
481  20 
481  225 
481  471 
481  91 
482  165 
482  162 
482  1 
482  91 
483  450 
483  475 
483  198 
483  323 
484  351 
484  412 
484  122 
484  416 
485  474 
485  17 
485  232 
485  39 
486  211 
486  476 
486  63 
486  68 
487  1 
487  307 
487  167 
487  54 
488  393 
488  318 
488  210 
488  298 
489  151 
489  259 
489  186 
489  476 
91  201 
91  208 
91  204 
91  202 
91  269 
92  208 
93  205 
93  202 
93  207 
93  269 
94  203 
94  204 
94  205 
94  269 
490  256 
490  315 
490  103 
490  155 
491  365 
491  353 
491  460 
491  416 
492  277 
492  29 
492  75 
492  159 
493  471 
493  472 
493  296 
493  274 
494  464 
494  13 
494  463 
494  194 
495  220 
495  214 
495  444 
495  60 
496  362 
496  159 
496  177 
496  71 
497  411 
497  32 
497  305 
497  139 
498  150 
498  364 
498  457 
498  338 
499  98 
499  26 
499  473 
499  394 
500  464 
500  281 
500  484 
500  186 
501  160 
501  305 
501  340 
501  295 
502  16 
502  312 
502  83 
502  347 
503  472 
503  236 
503  296 
503  129 
504  211 
504  500 
504  23 
504  259 
505  484 
505  492 
505  49 
505  288 
506  329 
506  505 
506  177 
506  496 
507  492 
507  486 
507  197 
507  311 
508  356 
508  83 
508  107 
508  16 
509  311 
509  26 
509  154 
509  112 
95  203 
95  204 
95  206 
95  207 
96  201 
96  203 
96  202 
510  304 
510  356 
510  380 
510  161 
511  175 
511  504 
511  24 
511  193 
512  473 
512  161 
512  377 
512  256 
513  456 
513  440 
513  311 
513  390 
514  98 
514  167 
514  31 
514  295 
515  377 
515  481 
515  478 
515  121 
516  344 
516  481 
516  74 
516  228 
517  212 
517  137 
517  3 
517  297 
518  172 
518  251 
518  497 
518  115 
519  256 
519  63 
519  221 
519  515 
520  136 
520  168 
520  228 
520  26 
521  74 
521  86 
521  91 
521  376 
522  289 
522  420 
522  87 
522  399 
523  111 
523  259 
523  205 
523  488 
524  319 
524  87 
524  521 
524  348 
525  299 
525  511 
525  238 
525  419 
526  364 
526  513 
526  486 
526  458 
527  214 
527  79 
527  62 
527  131 
528  161 
528  68 
528  126 
528  141 
529  204 
529  445 
529  10 
529  87 
 

