1  2 
1  3 
1  4 
1  5 
1  6 
1  7 
1  8 
1  9 
1  10 
2  3 
2  4 
2  5 
2  6 
2  7 
2  8 
2  9 
2  10 
3  4 
3  5 
3  6 
3  7 
3  8 
3  9 
3  10 
4  5 
4  6 
4  7 
4  8 
4  9 
4  10 
5  6 
5  7 
5  8 
5  9 
5  10 
6  7 
6  8 
6  9 
6  10 
7  8 
7  9 
7  10 
8  9 
8  10 
9  10 
11  5 
11  3 
11  1 
11  6 
12  3 
12  2 
12  4 
12  10 
13  10 
13  7 
13  8 
13  3 
14  13 
14  10 
14  5 
14  8 
15  3 
15  5 
15  12 
15  6 
16  15 
16  13 
16  7 
16  5 
17  6 
17  1 
17  9 
17  13 
18  5 
18  2 
18  13 
18  6 
19  6 
19  9 
19  17 
19  13 
20  8 
20  2 
20  17 
20  7 
21  5 
21  7 
21  2 
21  17 
22  8 
22  9 
22  6 
22  10 
23  3 
23  7 
23  4 
23  8 
24  10 
24  12 
24  5 
24  19 
25  7 
25  5 
25  9 
25  12 
26  8 
26  3 
26  12 
26  5 
27  14 
27  2 
27  6 
27  3 
28  5 
28  6 
28  14 
28  23 
29  4 
29  3 
29  9 
29  22 
30  25 
30  10 
30  3 
30  5 
31  13 
31  5 
31  8 
31  23 
32  30 
32  13 
32  6 
32  15 
33  3 
33  11 
33  2 
33  5 
34  3 
34  7 
34  12 
34  5 
35  12 
35  26 
35  31 
35  10 
36  26 
36  23 
36  9 
36  35 
37  5 
37  10 
37  1 
37  15 
38  36 
38  3 
38  10 
38  24 
39  4 
39  29 
39  8 
39  13 
40  32 
40  30 
40  1 
40  14 
41  5 
41  9 
41  37 
41  14 
42  30 
42  5 
42  38 
42  10 
43  31 
43  30 
43  9 
43  5 
44  10 
44  6 
44  13 
44  9 
45  36 
45  38 
45  32 
45  6 
46  1 
46  4 
46  34 
46  8 
47  2 
47  45 
47  7 
47  9 
48  30 
48  17 
48  6 
48  13 
49  6 
49  10 
49  17 
49  3 
50  5 
50  39 
50  12 
50  23 
51  15 
51  13 
51  6 
51  7 
52  13 
52  5 
52  8 
52  2 
53  8 
53  38 
53  7 
53  15 
54  1 
54  5 
54  15 
54  10 
55  13 
55  3 
55  35 
55  29 
56  15 
56  24 
56  30 
56  12 
57  5 
57  33 
57  3 
57  47 
58  5 
58  43 
58  1 
58  10 
59  4 
59  3 
59  5 
59  7 
60  56 
60  51 
60  5 
60  41 
61  34 
61  5 
61  38 
61  39 
62  6 
62  32 
62  49 
62  3 
63  43 
63  13 
63  51 
63  6 
64  5 
64  14 
64  9 
64  34 
65  10 
65  13 
65  6 
65  38 
66  3 
66  7 
66  27 
66  39 
67  7 
67  1 
67  45 
67  22 
68  6 
68  43 
68  5 
68  34 
69  51 
69  7 
69  45 
69  60 
70  4 
70  34 
70  5 
70  49 
71  12 
71  23 
71  3 
71  52 
72  53 
72  7 
72  3 
72  59 
73  26 
73  65 
73  5 
73  41 
74  14 
74  23 
74  3 
74  2 
75  38 
75  68 
75  5 
75  57 
76  69 
76  28 
76  5 
76  14 
77  34 
77  3 
77  13 
77  8 
78  63 
78  1 
78  30 
78  5 
79  14 
79  25 
79  51 
79  6 
80  3 
80  52 
80  67 
80  9 
81  48 
81  6 
81  38 
81  32 
82  14 
82  17 
82  9 
82  74 
83  28 
83  52 
83  6 
83  41 
84  3 
84  52 
84  5 
84  7 
85  61 
85  10 
85  53 
85  12 
86  29 
86  61 
86  14 
86  35 
87  33 
87  70 
87  36 
87  5 
88  20 
88  9 
88  4 
88  79 
89  5 
89  37 
89  10 
89  7 
90  33 
90  29 
90  10 
90  64 
91  37 
91  5 
91  52 
91  51 
92  89 
92  47 
92  35 
92  67 
93  9 
93  8 
93  66 
93  7 
94  3 
94  5 
94  19 
94  6 
95  10 
95  32 
95  49 
95  5 
96  2 
96  53 
96  19 
96  58 
97  30 
97  28 
97  34 
97  8 
98  3 
98  21 
98  29 
98  24 
99  7 
99  88 
99  90 
99  17 
100  57 
100  26 
100  5 
100  30 
101  5 
101  7 
101  99 
101  43 
102  6 
102  81 
102  93 
102  76 
103  26 
103  28 
103  42 
103  33 
104  4 
104  3 
104  1 
104  54 
105  41 
105  79 
105  7 
105  12 
106  72 
106  23 
106  61 
106  73 
107  6 
107  36 
107  65 
107  3 
108  10 
108  76 
108  74 
108  13 
109  78 
109  29 
109  28 
109  5 
110  3 
110  16 
110  70 
110  62 
111  5 
111  25 
111  6 
111  65 
112  29 
112  67 
112  8 
112  43 
113  3 
113  4 
113  84 
113  9 
114  24 
114  95 
114  34 
114  9 
115  53 
115  4 
115  59 
115  1 
116  13 
116  7 
116  47 
116  3 
117  28 
117  10 
117  5 
117  1 
118  51 
118  80 
118  12 
118  15 
119  7 
119  67 
119  45 
119  88 
120  88 
120  3 
120  59 
120  40 
121  119 
121  5 
121  6 
121  113 
122  76 
122  63 
122  10 
122  117 
123  73 
123  12 
123  14 
123  13 
124  21 
124  5 
124  45 
124  65 
125  124 
125  23 
125  7 
125  8 
126  62 
126  34 
126  47 
126  74 
127  1 
127  100 
127  41 
127  118 
128  89 
128  82 
128  13 
128  41 
129  10 
129  30 
129  95 
129  7 
130  33 
130  23 
130  3 
130  48 
131  32 
131  45 
131  11 
131  35 
132  119 
132  3 
132  8 
132  40 
133  60 
133  23 
133  8 
133  12 
134  5 
134  10 
134  64 
134  54 
135  60 
135  10 
135  2 
135  74 
136  77 
136  13 
136  28 
136  99 
137  6 
137  87 
137  50 
137  114 
138  5 
138  23 
138  3 
138  9 
139  24 
139  8 
139  6 
139  88 
140  6 
140  31 
140  50 
140  81 
141  5 
141  4 
141  3 
141  85 
142  1 
142  30 
142  96 
142  122 
143  10 
143  13 
143  8 
143  84 
144  74 
144  60 
144  23 
144  64 
145  136 
145  28 
145  71 
145  7 
146  99 
146  110 
146  53 
146  67 
147  127 
147  70 
147  34 
147  13 
148  15 
148  91 
148  5 
148  48 
149  97 
149  102 
149  61 
149  81 
150  7 
150  13 
150  5 
150  9 
151  123 
151  136 
151  133 
151  24 
152  52 
152  122 
152  59 
152  4 
153  48 
153  16 
153  2 
153  3 
154  65 
154  12 
154  5 
154  141 
155  34 
155  8 
155  10 
155  47 
156  61 
156  16 
156  32 
156  7 
157  140 
157  122 
157  1 
157  93 
158  74 
158  7 
158  140 
158  93 
159  68 
159  6 
159  37 
159  9 
160  51 
160  6 
160  141 
160  122 
161  126 
161  5 
161  147 
161  3 
162  13 
162  112 
162  15 
162  10 
163  5 
163  7 
163  33 
163  93 
164  52 
164  110 
164  62 
164  7 
165  8 
165  160 
165  4 
165  74 
166  77 
166  104 
166  11 
166  6 
167  16 
167  38 
167  1 
167  163 
168  74 
168  73 
168  124 
168  6 
169  51 
169  74 
169  33 
169  46 
170  134 
170  10 
170  81 
170  53 
171  3 
171  145 
171  55 
171  53 
172  114 
172  11 
172  37 
172  2 
173  14 
173  10 
173  120 
173  43 
174  166 
174  11 
174  68 
174  145 
175  8 
175  44 
175  26 
175  114 
176  75 
176  86 
176  125 
176  12 
177  37 
177  45 
177  3 
177  71 
178  72 
178  95 
178  5 
178  148 
179  83 
179  145 
179  4 
179  5 
180  9 
180  8 
180  34 
180  22 
181  19 
181  1 
181  89 
181  79 
182  30 
182  81 
182  4 
182  11 
183  9 
183  30 
183  5 
183  100 
184  46 
184  4 
184  7 
184  8 
185  24 
185  3 
185  157 
185  67 
186  4 
186  12 
186  36 
186  73 
187  4 
187  178 
187  3 
187  13 
188  167 
188  2 
188  7 
188  110 
189  3 
189  12 
189  126 
189  13 
190  176 
190  96 
190  5 
190  17 
191  19 
191  52 
191  8 
191  64 
192  12 
192  177 
192  3 
192  126 
193  13 
193  12 
193  24 
193  30 
194  3 
194  10 
194  6 
194  17 
195  89 
195  55 
195  32 
195  10 
196  128 
196  106 
196  31 
196  2 
197  165 
197  35 
197  41 
197  7 
198  152 
198  31 
198  83 
198  46 
199  86 
199  81 
199  23 
199  64 
200  10 
200  56 
200  108 
200  12 
1  201 
1  202 
1  203 
1  204 
2  205 
3  206 
3  204 
4  207 
4  202 
4  203 
5  201 
5  202 
5  205 
5  204 
6  201 
6  208 
6  203 
6  204 
7  207 
7  201 
7  205 
7  204 
8  201 
8  206 
9  208 
9  203 
9  206 
10  208 
10  203 
10  205 
10  206 
10  204 
11  207 
11  202 
11  208 
11  206 
12  202 
12  208 
12  203 
12  205 
12  206 
13  201 
13  204 
14  201 
14  202 
14  206 
14  204 
15  202 
15  208 
15  206 
15  204 
16  207 
17  201 
17  202 
17  205 
18  207 
18  201 
18  202 
18  208 
18  205 
18  206 
19  207 
19  202 
19  206 
20  201 
20  202 
20  206 
207  201 
201  202 
202  208 
208  203 
203  205 
205  206 
206  204 
207  208 
201  206 
202  203 
202  205 
208  205 
203  206 
205  201 
206  207 
204  201 
204  202 
204  208 
204  205 
209  5 
209  13 
209  75 
209  96 
210  182 
210  83 
210  119 
210  120 
211  12 
211  177 
211  75 
211  128 
212  169 
212  67 
212  149 
212  205 
213  209 
213  32 
213  100 
213  36 
214  162 
214  147 
214  23 
214  174 
215  154 
215  139 
215  214 
215  146 
216  144 
216  23 
216  28 
216  38 
217  200 
217  209 
217  37 
217  54 
218  213 
218  78 
218  200 
218  137 
219  12 
219  200 
219  37 
219  211 
220  98 
220  192 
220  8 
220  189 
221  213 
221  164 
221  37 
221  31 
222  99 
222  128 
222  14 
222  10 
223  206 
223  12 
223  210 
223  161 
224  218 
224  49 
224  37 
224  222 
225  61 
225  214 
225  40 
225  156 
226  169 
226  99 
226  1 
226  210 
227  150 
227  79 
227  33 
227  225 
228  213 
228  156 
228  226 
228  172 
229  115 
229  202 
229  106 
229  78 
230  32 
230  146 
230  154 
230  35 
231  87 
231  85 
231  213 
231  189 
232  8 
232  107 
232  11 
232  15 
233  197 
233  46 
233  22 
233  102 
234  213 
234  115 
234  18 
234  184 
235  229 
235  128 
235  160 
235  29 
236  109 
236  168 
236  226 
236  79 
237  32 
237  19 
237  124 
237  189 
238  208 
238  86 
238  81 
238  13 
239  30 
239  91 
239  85 
239  177 
240  65 
240  177 
240  67 
240  183 
241  206 
241  209 
241  78 
241  41 
242  115 
242  84 
242  64 
242  205 
243  86 
243  137 
243  233 
243  35 
244  38 
244  58 
244  214 
244  25 
245  210 
245  14 
245  103 
245  142 
246  107 
246  166 
246  119 
246  241 
247  186 
247  233 
247  68 
247  30 
248  81 
248  91 
248  150 
248  211 
249  60 
249  193 
249  23 
249  231 
250  185 
250  225 
250  14 
250  209 
251  141 
251  68 
251  174 
251  241 
252  97 
252  102 
252  230 
252  243 
253  132 
253  248 
253  31 
253  2 
254  49 
254  220 
254  68 
254  82 
255  109 
255  225 
255  153 
255  69 
256  177 
256  46 
256  250 
256  69 
257  256 
257  120 
257  183 
257  226 
258  243 
258  119 
258  161 
258  25 
259  39 
259  208 
259  134 
259  16 
260  156 
260  121 
260  19 
260  244 
261  96 
261  82 
261  51 
261  4 
262  128 
262  185 
262  194 
262  61 
263  235 
263  24 
263  145 
263  74 
264  81 
264  119 
264  183 
264  133 
265  74 
265  8 
265  194 
265  131 
266  260 
266  157 
266  264 
266  186 
267  185 
267  207 
267  171 
267  266 
268  267 
268  53 
268  4 
268  180 
269  1 
269  217 
269  130 
269  264 
270  246 
270  265 
270  136 
270  81 
271  99 
271  222 
271  263 
271  266 
272  92 
272  191 
272  263 
272  8 
273  103 
273  157 
273  159 
273  271 
274  267 
274  265 
274  102 
274  96 
275  224 
275  262 
275  169 
275  43 
276  265 
276  105 
276  66 
276  106 
277  275 
277  267 
277  143 
277  61 
278  225 
278  89 
278  31 
278  8 
279  63 
279  217 
279  183 
279  84 
280  151 
280  269 
280  170 
280  143 
281  23 
281  164 
281  257 
281  275 
282  166 
282  73 
282  221 
282  31 
283  171 
283  111 
283  15 
283  220 
284  94 
284  280 
284  190 
284  82 
285  221 
285  260 
285  272 
285  171 
286  185 
286  190 
286  37 
286  215 
287  255 
287  70 
287  155 
287  265 
288  185 
288  120 
288  270 
288  275 
289  157 
289  8 
289  86 
289  103 
290  82 
290  155 
290  95 
290  6 
291  10 
291  271 
291  261 
291  263 
292  31 
292  275 
292  188 
292  109 
293  1 
293  280 
293  12 
293  155 
294  283 
294  121 
294  43 
294  33 
295  56 
295  290 
295  65 
295  197 
296  103 
296  207 
296  119 
296  67 
297  51 
297  235 
297  185 
297  111 
298  183 
298  235 
298  63 
298  66 
299  102 
299  280 
299  272 
299  182 
300  174 
300  268 
300  165 
300  282 
301  265 
301  44 
301  61 
301  204 
302  226 
302  284 
302  157 
302  113 
303  106 
303  84 
303  119 
303  71 
304  270 
304  179 
304  217 
304  121 
305  263 
305  298 
305  23 
305  131 
306  14 
306  9 
306  86 
306  112 
307  105 
307  225 
307  263 
307  156 
308  217 
308  147 
308  226 
308  130 
309  38 
309  199 
309  95 
309  222 
310  27 
310  221 
310  83 
310  261 
311  251 
311  300 
311  294 
311  17 
312  49 
312  10 
312  34 
312  171 
313  171 
313  112 
313  312 
313  306 
314  288 
314  307 
314  253 
314  194 
315  212 
315  269 
315  52 
315  129 
316  283 
316  210 
316  96 
316  94 
317  73 
317  228 
317  45 
317  236 
318  105 
318  297 
318  62 
318  145 
319  288 
319  301 
319  91 
319  308 
320  290 
320  251 
320  172 
320  212 
321  315 
321  251 
321  76 
321  47 
322  16 
322  317 
322  269 
322  212 
323  45 
323  275 
323  99 
323  109 
324  313 
324  85 
324  251 
324  68 
325  238 
325  17 
325  172 
325  8 
326  217 
326  14 
326  245 
326  117 
327  8 
327  269 
327  311 
327  251 
328  274 
328  8 
328  59 
328  116 
329  115 
329  309 
329  129 
329  176 
330  312 
330  288 
330  123 
330  156 
331  102 
331  291 
331  52 
331  45 
332  76 
332  195 
332  331 
332  59 
333  315 
333  33 
333  312 
333  115 
334  64 
334  17 
334  127 
334  8 
335  253 
335  28 
335  66 
335  94 
336  274 
336  120 
336  39 
336  315 
337  198 
337  233 
337  253 
337  106 
338  45 
338  329 
338  138 
338  317 
339  144 
339  127 
339  318 
339  316 
340  299 
340  314 
340  297 
340  8 
341  91 
341  241 
341  82 
341  9 
342  33 
342  311 
342  49 
342  336 
343  153 
343  266 
343  17 
343  325 
344  229 
344  323 
344  155 
344  317 
345  331 
345  117 
345  171 
345  45 
346  345 
346  343 
346  167 
346  337 
347  39 
347  334 
347  105 
347  283 
348  312 
348  287 
348  315 
348  253 
349  336 
349  199 
349  116 
349  329 
350  311 
350  321 
350  172 
350  156 
351  212 
351  253 
351  230 
351  50 
352  338 
352  319 
352  172 
352  322 
353  309 
353  241 
353  271 
353  172 
354  327 
354  338 
354  189 
354  315 
355  198 
355  338 
355  260 
355  111 
356  33 
356  285 
356  3 
356  306 
357  91 
357  345 
357  99 
357  352 
358  140 
358  259 
358  94 
358  332 
 

