1  2 
1  3 
1  4 
1  5 
1  6 
1  7 
1  8 
1  9 
1  10 
2  3 
2  4 
2  5 
2  6 
2  7 
2  8 
2  9 
2  10 
3  4 
3  5 
3  6 
3  7 
3  8 
3  9 
3  10 
4  5 
4  6 
4  7 
4  8 
4  9 
4  10 
5  6 
5  7 
5  8 
5  9 
5  10 
6  7 
6  8 
6  9 
6  10 
7  8 
7  9 
7  10 
8  9 
8  10 
9  10 
11  3 
11  5 
11  1 
11  4 
12  6 
12  9 
12  5 
12  10 
13  8 
13  5 
13  1 
13  3 
14  9 
14  8 
14  12 
14  1 
15  9 
15  3 
15  6 
15  1 
16  13 
16  3 
16  4 
16  15 
17  16 
17  4 
17  2 
17  9 
18  8 
18  10 
18  16 
18  9 
19  4 
19  3 
19  12 
19  10 
20  2 
20  1 
20  11 
20  13 
21  16 
21  6 
21  12 
21  2 
22  5 
22  11 
22  16 
22  3 
23  6 
23  1 
23  8 
23  9 
24  22 
24  2 
24  1 
24  10 
25  15 
25  7 
25  3 
25  13 
26  9 
26  25 
26  5 
26  3 
27  26 
27  9 
27  12 
27  3 
28  5 
28  13 
28  26 
28  11 
29  5 
29  8 
29  17 
29  12 
30  4 
30  13 
30  23 
30  15 
31  12 
31  6 
31  5 
31  19 
32  25 
32  30 
32  26 
32  12 
33  19 
33  3 
33  12 
33  16 
34  1 
34  31 
34  17 
34  25 
35  30 
35  17 
35  12 
35  25 
36  25 
36  4 
36  12 
36  19 
37  22 
37  26 
37  6 
37  4 
38  4 
38  9 
38  11 
38  18 
39  4 
39  5 
39  32 
39  24 
40  30 
40  15 
40  13 
40  9 
41  5 
41  7 
41  38 
41  19 
42  3 
42  9 
42  10 
42  32 
43  38 
43  16 
43  7 
43  11 
44  26 
44  23 
44  2 
44  11 
45  25 
45  37 
45  24 
45  5 
46  44 
46  19 
46  8 
46  11 
47  7 
47  13 
47  37 
47  6 
48  5 
48  37 
48  8 
48  1 
49  21 
49  8 
49  9 
49  5 
50  1 
50  26 
50  3 
50  33 
51  30 
51  19 
51  34 
51  6 
52  27 
52  51 
52  2 
52  8 
53  5 
53  7 
53  29 
53  21 
54  38 
54  13 
54  10 
54  21 
55  7 
55  3 
55  37 
55  5 
56  18 
56  39 
56  1 
56  11 
57  38 
57  8 
57  52 
57  9 
58  38 
58  10 
58  6 
58  8 
59  12 
59  24 
59  25 
59  1 
60  6 
60  44 
60  16 
60  5 
61  58 
61  9 
61  1 
61  52 
62  25 
62  54 
62  15 
62  10 
63  37 
63  4 
63  41 
63  57 
64  37 
64  26 
64  8 
64  43 
65  8 
65  15 
65  1 
65  42 
66  9 
66  4 
66  57 
66  3 
67  51 
67  38 
67  16 
67  12 
68  11 
68  30 
68  16 
68  7 
69  57 
69  8 
69  16 
69  17 
70  37 
70  6 
70  2 
70  11 
71  25 
71  67 
71  7 
71  68 
72  5 
72  11 
72  39 
72  10 
73  48 
73  22 
73  25 
73  60 
74  7 
74  30 
74  8 
74  5 
75  57 
75  21 
75  5 
75  6 
76  58 
76  43 
76  32 
76  65 
77  25 
77  31 
77  66 
77  1 
78  12 
78  5 
78  31 
78  48 
79  19 
79  76 
79  3 
79  13 
80  7 
80  8 
80  5 
80  71 
81  8 
81  42 
81  5 
81  12 
82  22 
82  21 
82  36 
82  16 
83  15 
83  11 
83  22 
83  5 
84  61 
84  35 
84  9 
84  26 
85  3 
85  33 
85  21 
85  1 
86  4 
86  71 
86  43 
86  29 
87  34 
87  39 
87  27 
87  26 
88  26 
88  7 
88  19 
88  31 
89  11 
89  37 
89  30 
89  9 
90  29 
90  27 
90  9 
90  30 
91  8 
91  55 
91  38 
91  56 
92  10 
92  8 
92  82 
92  54 
93  37 
93  19 
93  8 
93  54 
94  25 
94  1 
94  24 
94  58 
95  8 
95  70 
95  10 
95  84 
96  73 
96  5 
96  14 
96  19 
97  46 
97  25 
97  56 
97  72 
98  37 
98  21 
98  24 
98  55 
99  61 
99  43 
99  41 
99  8 
100  52 
100  43 
100  82 
100  97 
101  35 
101  75 
101  96 
101  38 
102  68 
102  98 
102  26 
102  41 
103  72 
103  70 
103  77 
103  47 
104  5 
104  35 
104  15 
104  71 
105  53 
105  89 
105  58 
105  16 
106  20 
106  12 
106  37 
106  3 
107  5 
107  21 
107  8 
107  16 
108  8 
108  101 
108  22 
108  73 
109  6 
109  12 
109  42 
109  11 
110  12 
110  87 
110  1 
110  91 
111  12 
111  45 
111  88 
111  93 
112  5 
112  3 
112  2 
112  24 
113  16 
113  51 
113  12 
113  85 
114  9 
114  8 
114  14 
114  55 
115  19 
115  3 
115  43 
115  13 
116  3 
116  96 
116  22 
116  94 
117  8 
117  16 
117  44 
117  4 
118  8 
118  107 
118  84 
118  24 
119  37 
119  18 
119  5 
119  109 
120  6 
120  10 
120  56 
120  55 
121  30 
121  18 
121  119 
121  48 
122  54 
122  6 
122  68 
122  85 
123  8 
123  55 
123  31 
123  6 
124  22 
124  13 
124  45 
124  105 
125  78 
125  38 
125  2 
125  4 
126  71 
126  35 
126  13 
126  101 
127  38 
127  13 
127  6 
127  39 
128  88 
128  12 
128  118 
128  42 
129  19 
129  112 
129  74 
129  124 
130  66 
130  119 
130  29 
130  34 
131  43 
131  32 
131  81 
131  90 
132  107 
132  60 
132  9 
132  50 
133  13 
133  118 
133  90 
133  3 
134  30 
134  13 
134  60 
134  52 
135  34 
135  37 
135  92 
135  26 
136  11 
136  25 
136  3 
136  58 
137  53 
137  5 
137  16 
137  91 
138  32 
138  82 
138  68 
138  95 
139  81 
139  70 
139  100 
139  95 
140  20 
140  12 
140  40 
140  7 
141  9 
141  85 
141  31 
141  94 
142  6 
142  110 
142  7 
142  40 
143  5 
143  71 
143  12 
143  30 
144  46 
144  47 
144  102 
144  23 
145  86 
145  12 
145  25 
145  113 
146  58 
146  55 
146  37 
146  26 
147  10 
147  18 
147  81 
147  25 
148  37 
148  4 
148  122 
148  7 
149  5 
149  33 
149  63 
149  13 
150  12 
150  93 
150  110 
150  102 
151  46 
151  82 
151  31 
151  32 
152  1 
152  77 
152  5 
152  9 
153  61 
153  132 
153  89 
153  114 
154  63 
154  17 
154  130 
154  92 
155  12 
155  9 
155  25 
155  74 
156  45 
156  48 
156  1 
156  13 
157  11 
157  100 
157  25 
157  150 
158  93 
158  115 
158  15 
158  87 
159  10 
159  5 
159  91 
159  38 
160  86 
160  55 
160  39 
160  4 
161  57 
161  87 
161  5 
161  136 
162  19 
162  39 
162  5 
162  3 
163  86 
163  12 
163  25 
163  114 
164  41 
164  75 
164  59 
164  26 
165  9 
165  164 
165  5 
165  160 
166  16 
166  114 
166  80 
166  155 
167  140 
167  9 
167  149 
167  34 
168  98 
168  38 
168  81 
168  67 
169  130 
169  38 
169  109 
169  144 
170  13 
170  44 
170  74 
170  169 
171  29 
171  37 
171  13 
171  72 
172  17 
172  45 
172  18 
172  6 
173  100 
173  30 
173  124 
173  20 
174  104 
174  78 
174  10 
174  37 
175  157 
175  10 
175  17 
175  107 
176  137 
176  143 
176  12 
176  9 
177  1 
177  86 
177  146 
177  52 
178  87 
178  108 
178  55 
178  1 
179  60 
179  41 
179  100 
179  149 
180  48 
180  10 
180  21 
180  169 
181  78 
181  7 
181  19 
181  175 
182  8 
182  47 
182  13 
182  10 
183  93 
183  112 
183  19 
183  27 
184  152 
184  119 
184  128 
184  3 
185  6 
185  141 
185  48 
185  58 
186  13 
186  120 
186  38 
186  19 
187  126 
187  58 
187  81 
187  53 
188  94 
188  146 
188  181 
188  171 
189  12 
189  54 
189  25 
189  175 
190  11 
190  31 
190  9 
190  4 
191  163 
191  2 
191  12 
191  87 
192  123 
192  6 
192  10 
192  44 
193  45 
193  159 
193  12 
193  54 
194  13 
194  178 
194  146 
194  110 
195  103 
195  38 
195  1 
195  192 
196  38 
196  86 
196  83 
196  46 
197  44 
197  5 
197  61 
197  8 
198  10 
198  71 
198  7 
198  19 
199  68 
199  57 
199  22 
199  4 
200  30 
200  160 
200  169 
200  47 
1  201 
1  202 
2  201 
2  203 
2  204 
2  205 
3  206 
3  207 
4  201 
4  203 
4  204 
4  205 
4  206 
5  203 
5  208 
5  205 
5  206 
5  202 
6  201 
6  204 
6  207 
7  201 
7  203 
7  208 
7  204 
7  205 
7  206 
7  207 
8  203 
8  208 
8  204 
8  207 
9  201 
9  203 
9  204 
9  206 
9  202 
10  205 
11  208 
11  202 
11  207 
12  201 
12  203 
12  208 
12  207 
13  201 
13  206 
13  202 
13  207 
14  205 
14  206 
14  207 
15  203 
15  204 
15  202 
16  201 
16  203 
16  205 
16  206 
16  207 
17  201 
17  203 
17  208 
17  206 
17  207 
18  203 
18  204 
18  205 
18  202 
19  204 
19  202 
19  207 
20  203 
20  204 
20  205 
20  206 
20  202 
21  201 
21  208 
21  204 
21  206 
22  201 
22  203 
22  202 
22  207 
23  203 
23  206 
23  202 
23  207 
24  203 
24  204 
25  201 
25  203 
25  204 
25  205 
25  202 
25  207 
26  203 
26  204 
26  206 
26  207 
27  204 
27  202 
28  208 
28  204 
28  202 
29  201 
29  203 
29  204 
29  205 
29  207 
30  201 
30  204 
30  205 
30  202 
31  201 
31  203 
31  205 
31  202 
31  207 
32  201 
32  204 
32  205 
32  202 
32  207 
33  204 
33  205 
33  206 
34  204 
34  205 
34  202 
34  207 
35  203 
35  208 
35  205 
35  206 
35  202 
35  207 
36  203 
37  208 
37  204 
37  202 
37  207 
38  201 
38  203 
38  204 
38  206 
38  207 
39  203 
39  208 
39  204 
39  206 
40  201 
40  203 
40  208 
40  204 
40  205 
40  206 
40  202 
40  207 
41  201 
41  203 
41  204 
41  207 
42  204 
42  206 
42  202 
42  207 
43  208 
43  206 
43  202 
43  207 
44  201 
44  205 
44  202 
45  203 
45  206 
45  207 
46  203 
46  206 
47  201 
47  204 
47  205 
48  208 
48  204 
48  205 
48  207 
49  203 
49  208 
49  206 
49  202 
49  207 
50  201 
50  204 
50  202 
201  203 
203  208 
208  204 
204  205 
205  206 
206  202 
202  207 
201  208 
201  204 
201  205 
203  206 
208  205 
204  203 
204  202 
206  201 
206  208 
206  204 
202  205 
207  201 
207  203 
207  208 
207  205 
207  206 
51  203 
51  204 
51  206 
51  202 
52  206 
52  202 
53  208 
53  205 
209  163 
209  183 
209  80 
209  201 
210  149 
210  21 
210  111 
210  193 
211  84 
211  104 
211  29 
211  103 
212  175 
212  122 
212  107 
212  168 
213  79 
213  51 
213  92 
213  122 
214  122 
214  146 
214  200 
214  71 
215  211 
215  155 
215  34 
215  103 
216  181 
216  76 
216  211 
216  138 
217  212 
217  211 
217  126 
217  214 
218  20 
218  171 
218  79 
218  44 
219  112 
219  87 
219  204 
219  213 
220  22 
220  44 
220  28 
220  214 
221  78 
221  86 
221  211 
221  66 
222  170 
222  103 
222  75 
222  100 
223  171 
223  40 
223  196 
223  213 
224  37 
224  125 
224  221 
224  212 
225  100 
225  217 
225  205 
225  183 
226  93 
226  168 
226  40 
226  224 
227  203 
227  143 
227  224 
227  135 
228  51 
228  159 
228  147 
228  213 
 

