1  2 
1  3 
1  4 
1  5 
1  6 
1  7 
1  8 
1  9 
1  10 
2  3 
2  4 
2  5 
2  6 
2  7 
2  8 
2  9 
2  10 
3  4 
3  5 
3  6 
3  7 
3  8 
3  9 
3  10 
4  5 
4  6 
4  7 
4  8 
4  9 
4  10 
5  6 
5  7 
5  8 
5  9 
5  10 
6  7 
6  8 
6  9 
6  10 
7  8 
7  9 
7  10 
8  9 
8  10 
9  10 
11  1 
11  5 
11  8 
11  4 
12  5 
12  4 
12  2 
12  7 
13  9 
13  6 
13  8 
13  4 
14  8 
14  4 
14  13 
14  3 
15  3 
15  5 
15  1 
15  4 
16  3 
16  13 
16  4 
16  9 
17  4 
17  3 
17  2 
17  5 
18  5 
18  15 
18  16 
18  10 
19  10 
19  5 
19  9 
19  7 
20  17 
20  4 
20  14 
20  10 
21  7 
21  5 
21  4 
21  18 
22  11 
22  5 
22  1 
22  12 
23  5 
23  2 
23  4 
23  1 
24  10 
24  18 
24  7 
24  4 
25  7 
25  5 
25  8 
25  3 
26  4 
26  21 
26  1 
26  17 
27  12 
27  4 
27  3 
27  26 
28  27 
28  1 
28  5 
28  4 
29  3 
29  6 
29  1 
29  13 
30  10 
30  3 
30  2 
30  1 
31  3 
31  9 
31  23 
31  6 
32  1 
32  6 
32  5 
32  13 
33  5 
33  27 
33  6 
33  8 
34  6 
34  5 
34  7 
34  30 
35  25 
35  3 
35  8 
35  6 
36  19 
36  6 
36  21 
36  5 
37  5 
37  19 
37  18 
37  24 
38  5 
38  30 
38  23 
38  16 
39  32 
39  25 
39  6 
39  8 
40  30 
40  9 
40  17 
40  12 
41  10 
41  7 
41  5 
41  22 
42  4 
42  28 
42  12 
42  29 
43  4 
43  9 
43  5 
43  1 
44  31 
44  36 
44  38 
44  4 
45  26 
45  4 
45  6 
45  5 
46  1 
46  15 
46  2 
46  45 
47  24 
47  25 
47  12 
47  10 
48  5 
48  4 
48  12 
48  8 
49  5 
49  13 
49  45 
49  7 
50  8 
50  12 
50  14 
50  11 
51  22 
51  3 
51  8 
51  24 
52  10 
52  42 
52  33 
52  12 
53  6 
53  5 
53  3 
53  39 
54  9 
54  46 
54  15 
54  12 
55  41 
55  2 
55  3 
55  53 
56  10 
56  8 
56  9 
56  4 
57  12 
57  54 
57  9 
57  39 
58  19 
58  15 
58  8 
58  4 
59  8 
59  47 
59  15 
59  10 
60  7 
60  15 
60  16 
60  23 
61  1 
61  52 
61  2 
61  38 
62  5 
62  6 
62  22 
62  53 
63  15 
63  38 
63  6 
63  1 
64  21 
64  1 
64  25 
64  5 
65  62 
65  7 
65  6 
65  34 
66  61 
66  5 
66  38 
66  3 
67  5 
67  3 
67  42 
67  20 
68  67 
68  6 
68  60 
68  46 
69  68 
69  41 
69  10 
69  29 
70  17 
70  37 
70  9 
70  3 
71  9 
71  8 
71  37 
71  46 
72  21 
72  12 
72  22 
72  30 
73  3 
73  7 
73  38 
73  8 
74  10 
74  44 
74  12 
74  57 
75  57 
75  63 
75  9 
75  1 
76  25 
76  29 
76  74 
76  19 
77  2 
77  5 
77  10 
77  49 
78  67 
78  37 
78  35 
78  73 
79  9 
79  29 
79  59 
79  2 
80  38 
80  67 
80  5 
80  17 
81  8 
81  75 
81  37 
81  2 
82  66 
82  3 
82  15 
82  20 
83  30 
83  29 
83  2 
83  71 
84  37 
84  38 
84  12 
84  42 
85  4 
85  70 
85  26 
85  19 
86  19 
86  7 
86  50 
86  23 
87  5 
87  38 
87  12 
87  37 
88  51 
88  7 
88  9 
88  40 
89  84 
89  22 
89  1 
89  28 
90  59 
90  8 
90  42 
90  85 
91  11 
91  1 
91  7 
91  41 
92  71 
92  91 
92  4 
92  7 
93  47 
93  37 
93  4 
93  1 
94  9 
94  4 
94  11 
94  66 
95  19 
95  12 
95  9 
95  51 
96  88 
96  34 
96  3 
96  40 
97  42 
97  85 
97  25 
97  37 
98  66 
98  8 
98  9 
98  62 
99  2 
99  43 
99  65 
99  36 
100  3 
100  42 
100  66 
100  24 
101  67 
101  13 
101  9 
101  85 
102  82 
102  7 
102  6 
102  40 
103  8 
103  38 
103  11 
103  3 
104  5 
104  48 
104  21 
104  4 
105  20 
105  100 
105  102 
105  4 
106  41 
106  2 
106  17 
106  53 
107  4 
107  14 
107  13 
107  9 
108  54 
108  15 
108  4 
108  3 
109  22 
109  20 
109  92 
109  41 
110  66 
110  43 
110  79 
110  3 
111  1 
111  43 
111  10 
111  34 
112  12 
112  7 
112  61 
112  1 
113  23 
113  77 
113  7 
113  63 
114  3 
114  53 
114  5 
114  42 
115  9 
115  16 
115  69 
115  113 
116  75 
116  10 
116  9 
116  65 
117  14 
117  4 
117  12 
117  33 
118  21 
118  5 
118  75 
118  100 
119  3 
119  27 
119  8 
119  96 
120  34 
120  60 
120  71 
120  53 
121  31 
121  10 
121  1 
121  50 
122  17 
122  113 
122  12 
122  15 
123  28 
123  7 
123  3 
123  19 
124  28 
124  8 
124  3 
124  9 
125  49 
125  3 
125  45 
125  39 
126  37 
126  12 
126  3 
126  91 
127  116 
127  8 
127  47 
127  12 
128  110 
128  19 
128  60 
128  43 
129  2 
129  15 
129  85 
129  24 
130  3 
130  56 
130  36 
130  12 
131  13 
131  17 
131  4 
131  37 
132  36 
132  1 
132  39 
132  7 
133  53 
133  55 
133  108 
133  32 
134  43 
134  5 
134  31 
134  4 
135  8 
135  15 
135  52 
135  19 
136  84 
136  68 
136  103 
136  16 
137  68 
137  22 
137  26 
137  15 
138  3 
138  40 
138  42 
138  12 
139  56 
139  7 
139  19 
139  11 
140  2 
140  12 
140  70 
140  7 
141  17 
141  6 
141  14 
141  4 
142  3 
142  22 
142  10 
142  69 
143  71 
143  139 
143  10 
143  43 
144  6 
144  116 
144  66 
144  15 
145  10 
145  107 
145  89 
145  142 
146  5 
146  27 
146  7 
146  17 
147  65 
147  20 
147  142 
147  60 
148  76 
148  5 
148  2 
148  14 
149  92 
149  51 
149  134 
149  10 
150  74 
150  77 
150  69 
150  106 
151  88 
151  66 
151  1 
151  39 
152  40 
152  16 
152  39 
152  5 
153  85 
153  3 
153  12 
153  121 
154  68 
154  22 
154  60 
154  115 
155  8 
155  67 
155  103 
155  56 
156  145 
156  151 
156  47 
156  65 
157  25 
157  1 
157  59 
157  37 
158  149 
158  91 
158  14 
158  60 
159  28 
159  43 
159  92 
159  3 
160  44 
160  8 
160  110 
160  120 
161  92 
161  127 
161  148 
161  68 
162  14 
162  9 
162  18 
162  90 
163  54 
163  90 
163  91 
163  148 
164  154 
164  56 
164  121 
164  104 
165  153 
165  57 
165  4 
165  36 
166  3 
166  6 
166  82 
166  19 
167  85 
167  126 
167  18 
167  16 
168  85 
168  1 
168  53 
168  42 
169  70 
169  3 
169  4 
169  30 
170  122 
170  1 
170  70 
170  6 
171  113 
171  50 
171  79 
171  81 
172  7 
172  90 
172  6 
172  141 
173  121 
173  22 
173  52 
173  3 
174  32 
174  97 
174  155 
174  77 
175  1 
175  14 
175  29 
175  26 
176  7 
176  6 
176  150 
176  5 
177  75 
177  9 
177  5 
177  4 
178  88 
178  9 
178  152 
178  14 
179  2 
179  54 
179  57 
179  127 
180  104 
180  70 
180  19 
180  3 
181  43 
181  116 
181  11 
181  42 
182  27 
182  22 
182  5 
182  116 
183  127 
183  119 
183  4 
183  96 
184  87 
184  7 
184  12 
184  179 
185  90 
185  26 
185  94 
185  5 
186  5 
186  17 
186  6 
186  103 
187  181 
187  88 
187  24 
187  108 
188  185 
188  76 
188  31 
188  41 
189  74 
189  179 
189  40 
189  8 
190  20 
190  122 
190  150 
190  100 
191  59 
191  87 
191  15 
191  3 
192  3 
192  102 
192  19 
192  7 
193  129 
193  53 
193  36 
193  42 
194  37 
194  9 
194  184 
194  187 
195  177 
195  151 
195  32 
195  60 
196  47 
196  131 
196  6 
196  1 
197  43 
197  72 
197  84 
197  4 
198  14 
198  6 
198  19 
198  42 
199  150 
199  69 
199  127 
199  74 
200  123 
200  58 
200  79 
200  47 
1  201 
1  202 
1  203 
2  204 
2  205 
2  206 
2  202 
2  203 
2  207 
3  205 
3  206 
3  202 
3  207 
4  204 
4  205 
4  206 
4  203 
4  208 
4  207 
5  205 
5  206 
5  202 
5  208 
6  204 
6  205 
6  206 
6  201 
6  207 
7  204 
7  203 
7  208 
7  207 
8  204 
8  202 
8  203 
8  208 
9  204 
9  205 
9  206 
9  201 
9  203 
9  208 
10  204 
10  201 
10  202 
10  207 
11  204 
11  206 
11  201 
11  203 
11  208 
12  205 
12  201 
12  202 
12  203 
12  208 
13  204 
13  206 
13  201 
13  202 
14  204 
14  205 
14  206 
14  201 
14  202 
14  203 
14  208 
15  206 
15  201 
15  202 
15  203 
15  208 
16  204 
16  208 
17  205 
17  206 
17  201 
17  202 
17  203 
17  208 
18  204 
18  205 
18  206 
18  203 
18  207 
19  203 
19  207 
20  204 
20  205 
20  201 
20  202 
20  203 
20  207 
204  205 
205  206 
206  201 
201  202 
202  203 
203  208 
208  207 
204  206 
204  201 
204  203 
205  201 
205  202 
206  203 
206  208 
201  208 
202  204 
202  206 
202  208 
203  205 
208  204 
208  205 
207  204 
207  205 
207  201 
207  203 
209  84 
209  180 
209  11 
209  36 
210  119 
210  160 
210  209 
210  24 
211  89 
211  201 
211  127 
211  168 
212  22 
212  200 
212  129 
212  82 
213  19 
213  78 
213  131 
213  40 
214  155 
214  115 
214  92 
214  117 
215  18 
215  38 
215  141 
215  59 
216  153 
216  35 
216  79 
216  198 
217  92 
217  103 
217  20 
217  18 
218  195 
218  213 
218  71 
218  3 
219  71 
219  33 
219  61 
219  116 
220  52 
220  20 
220  155 
220  217 
221  202 
221  18 
221  34 
221  144 
222  216 
222  168 
222  209 
222  76 
223  196 
223  32 
223  119 
223  176 
224  160 
224  79 
224  182 
224  223 
225  215 
225  86 
225  18 
225  89 
226  222 
226  34 
226  175 
226  197 
227  129 
227  210 
227  81 
227  202 
228  78 
228  79 
228  26 
228  100 
229  205 
229  84 
229  101 
229  155 
230  17 
230  219 
230  187 
230  209 
231  32 
231  96 
231  225 
231  91 
232  197 
232  228 
232  113 
232  213 
233  160 
233  142 
233  53 
233  51 
234  187 
234  176 
234  144 
234  50 
235  209 
235  223 
235  135 
235  101 
236  212 
236  62 
236  157 
236  217 
237  234 
237  70 
237  182 
237  106 
238  135 
238  207 
238  223 
238  96 
239  215 
239  31 
239  207 
239  118 
240  24 
240  193 
240  175 
240  18 
241  84 
241  231 
241  214 
241  89 
242  240 
242  33 
242  71 
242  192 
243  201 
243  218 
243  228 
243  212 
244  84 
244  33 
244  20 
244  168 
245  225 
245  229 
245  15 
245  217 
246  4 
246  22 
246  233 
246  71 
247  150 
247  210 
247  180 
247  214 
248  71 
248  229 
248  91 
248  183 
249  238 
249  22 
249  230 
249  152 
250  84 
250  240 
250  90 
250  54 
251  216 
251  229 
251  78 
251  223 
252  251 
252  169 
252  232 
252  101 
253  155 
253  20 
253  6 
253  245 
254  33 
254  34 
254  224 
254  115 
255  191 
255  247 
255  252 
255  229 
256  125 
256  148 
256  221 
256  202 
257  180 
257  24 
257  160 
257  27 
258  144 
258  207 
258  210 
258  28 
259  39 
259  50 
259  55 
259  169 
260  113 
260  124 
260  99 
260  76 
261  118 
261  125 
261  3 
261  13 
262  49 
262  99 
262  261 
262  32 
263  206 
263  92 
263  218 
263  126 
264  216 
264  218 
264  166 
264  188 
265  263 
265  180 
265  233 
265  200 
266  263 
266  105 
266  167 
266  148 
267  185 
267  230 
267  8 
267  193 
268  32 
268  22 
268  136 
268  250 
269  91 
269  240 
269  175 
269  260 
270  118 
270  210 
270  176 
270  100 
271  36 
271  268 
271  29 
271  16 
272  251 
272  17 
272  49 
272  250 
273  222 
273  113 
273  238 
273  75 
274  269 
274  121 
274  210 
274  230 
275  257 
275  215 
275  216 
275  132 
276  226 
276  45 
276  265 
276  250 
277  94 
277  220 
277  230 
277  261 
278  97 
278  260 
278  259 
278  253 
279  77 
279  4 
279  71 
279  156 
280  149 
280  218 
280  151 
280  270 
281  267 
281  261 
281  268 
281  260 
282  66 
282  253 
282  268 
282  151 
283  281 
283  151 
283  54 
283  60 
284  69 
284  93 
284  238 
284  56 
285  274 
285  260 
285  268 
285  244 
286  15 
286  60 
286  143 
286  83 
287  242 
287  276 
287  141 
287  166 
288  283 
288  230 
288  222 
288  109 
289  114 
289  118 
289  282 
289  260 
290  275 
290  17 
290  286 
290  239 
291  245 
291  164 
291  157 
291  269 
292  250 
292  260 
292  229 
292  118 
293  92 
293  214 
293  246 
293  253 
294  107 
294  242 
294  274 
294  277 
295  48 
295  129 
295  119 
295  265 
296  260 
296  247 
296  11 
296  226 
297  253 
297  219 
297  118 
297  41 
298  286 
298  48 
298  167 
298  290 
299  168 
299  291 
299  176 
299  126 
300  132 
300  76 
300  265 
300  129 
301  200 
301  267 
301  300 
301  238 
302  256 
302  218 
302  188 
302  270 
303  243 
303  174 
303  263 
303  33 
304  195 
304  258 
304  279 
304  240 
305  257 
305  94 
305  147 
305  303 
306  57 
306  212 
306  288 
306  286 
307  129 
307  237 
307  40 
307  75 
308  251 
308  3 
308  188 
308  35 
309  174 
309  36 
309  69 
309  191 
310  279 
310  309 
310  293 
310  224 
311  89 
311  81 
311  298 
311  126 
312  238 
312  85 
312  184 
312  159 
313  69 
313  286 
313  128 
313  291 
314  21 
314  152 
314  27 
314  184 
315  304 
315  159 
315  313 
315  117 
316  109 
316  284 
316  56 
316  309 
317  315 
317  152 
317  248 
317  158 
318  44 
318  313 
318  117 
318  96 
319  317 
319  217 
319  228 
319  173 
320  186 
320  317 
320  115 
320  216 
321  63 
321  267 
321  152 
321  292 
322  27 
322  80 
322  291 
322  152 
323  217 
323  314 
323  121 
323  154 
324  167 
324  323 
324  102 
324  279 
325  175 
325  307 
325  9 
325  317 
326  69 
326  279 
326  112 
326  109 
327  275 
327  42 
327  313 
327  234 
328  103 
328  251 
328  1 
328  7 
329  41 
329  167 
329  61 
329  44 
330  204 
330  248 
330  182 
330  322 
331  178 
331  109 
331  188 
331  201 
332  193 
332  248 
332  186 
332  311 
333  81 
333  71 
333  1 
333  316 
334  71 
334  321 
334  320 
334  1 
335  34 
335  126 
335  51 
335  316 
336  50 
336  1 
336  324 
336  304 
337  7 
337  46 
337  323 
337  295 
338  290 
338  91 
338  48 
338  100 
339  240 
339  34 
339  238 
339  150 
340  114 
340  211 
340  44 
340  330 
341  286 
341  166 
341  328 
341  189 
342  329 
342  154 
342  221 
342  27 
343  80 
343  63 
343  45 
343  291 
344  317 
344  286 
344  89 
344  308 
345  314 
345  343 
345  167 
345  112 
346  217 
346  10 
346  332 
346  45 
347  19 
347  36 
347  28 
347  336 
348  251 
348  41 
348  340 
348  63 
349  21 
349  248 
349  320 
349  109 
350  59 
350  180 
350  10 
350  338 
351  326 
351  10 
351  51 
351  269 
352  44 
352  325 
352  199 
352  274 
353  255 
353  315 
353  316 
353  350 
354  109 
354  211 
354  221 
354  175 
355  82 
355  257 
355  340 
355  275 
356  320 
356  156 
356  349 
356  353 
357  346 
357  82 
357  125 
357  134 
358  349 
358  77 
358  336 
358  330 
359  267 
359  175 
359  255 
359  16 
360  82 
360  100 
360  297 
360  209 
361  355 
361  137 
361  177 
361  263 
362  27 
362  181 
362  192 
362  308 
363  198 
363  169 
363  61 
363  355 
364  86 
364  150 
364  209 
364  290 
365  140 
365  204 
365  198 
365  128 
366  346 
366  99 
366  359 
366  326 
367  240 
367  214 
367  128 
367  106 
368  295 
368  7 
368  307 
368  367 
369  335 
369  150 
369  39 
369  358 
370  365 
370  3 
370  240 
370  337 
371  271 
371  14 
371  346 
371  235 
372  150 
372  46 
372  369 
372  222 
373  320 
373  366 
373  98 
373  338 
374  42 
374  140 
374  366 
374  337 
375  358 
375  73 
375  344 
375  329 
376  367 
376  93 
376  61 
376  153 
377  314 
377  69 
377  35 
377  145 
378  360 
378  371 
378  54 
378  356 
379  274 
379  177 
379  369 
379  373 
380  304 
380  264 
380  184 
380  365 
381  366 
381  8 
381  296 
381  345 
382  277 
382  342 
382  222 
382  132 
383  359 
383  271 
383  76 
383  123 
384  131 
384  288 
384  290 
384  94 
385  374 
385  361 
385  85 
385  357 
386  339 
386  3 
386  128 
386  219 
387  375 
387  120 
387  369 
387  96 
388  380 
388  5 
388  317 
388  94 
389  123 
389  364 
389  276 
389  360 
390  39 
390  366 
390  44 
390  388 
391  62 
391  272 
391  150 
391  141 
392  361 
392  366 
392  384 
392  380 
393  212 
393  371 
393  347 
393  62 
394  140 
394  377 
394  78 
394  359 
395  290 
395  296 
395  238 
395  329 
396  240 
396  309 
396  302 
396  107 
397  332 
397  112 
397  355 
397  394 
398  210 
398  326 
398  322 
398  383 
399  296 
399  251 
399  369 
399  260 
400  194 
400  39 
400  52 
400  18 
401  305 
401  371 
401  108 
401  245 
402  263 
402  183 
402  126 
402  369 
403  304 
403  338 
403  73 
403  377 
404  241 
404  139 
404  23 
404  168 
405  51 
405  361 
405  364 
405  397 
406  151 
406  15 
406  174 
406  276 
407  366 
407  375 
407  272 
407  359 
408  329 
408  223 
408  6 
408  23 
 

