1  2 
1  3 
1  4 
1  5 
1  6 
1  7 
1  8 
1  9 
1  10 
2  3 
2  4 
2  5 
2  6 
2  7 
2  8 
2  9 
2  10 
3  4 
3  5 
3  6 
3  7 
3  8 
3  9 
3  10 
4  5 
4  6 
4  7 
4  8 
4  9 
4  10 
5  6 
5  7 
5  8 
5  9 
5  10 
6  7 
6  8 
6  9 
6  10 
7  8 
7  9 
7  10 
8  9 
8  10 
9  10 
11  6 
11  7 
11  4 
11  8 
12  3 
12  5 
12  8 
12  2 
13  7 
13  11 
13  2 
13  6 
14  9 
14  10 
14  2 
14  6 
15  14 
15  7 
15  8 
15  11 
16  7 
16  2 
16  1 
16  6 
17  3 
17  2 
17  5 
17  12 
18  9 
18  8 
18  5 
18  2 
19  10 
19  4 
19  17 
19  6 
20  4 
20  2 
20  14 
20  8 
21  4 
21  2 
21  1 
21  18 
22  14 
22  1 
22  20 
22  3 
23  8 
23  21 
23  4 
23  2 
24  2 
24  8 
24  14 
24  7 
25  8 
25  2 
25  3 
25  18 
26  14 
26  10 
26  2 
26  5 
27  11 
27  14 
27  6 
27  8 
28  7 
28  17 
28  4 
28  15 
29  12 
29  4 
29  7 
29  8 
30  3 
30  20 
30  8 
30  17 
31  19 
31  7 
31  3 
31  8 
32  20 
32  4 
32  1 
32  9 
33  31 
33  14 
33  15 
33  5 
34  5 
34  1 
34  31 
34  4 
35  3 
35  2 
35  7 
35  16 
36  11 
36  5 
36  35 
36  31 
37  7 
37  29 
37  10 
37  8 
38  23 
38  30 
38  8 
38  9 
39  7 
39  5 
39  6 
39  30 
40  8 
40  30 
40  14 
40  23 
41  12 
41  15 
41  2 
41  1 
42  4 
42  30 
42  31 
42  3 
43  8 
43  30 
43  1 
43  40 
44  31 
44  10 
44  7 
44  15 
45  7 
45  8 
45  41 
45  11 
46  17 
46  25 
46  9 
46  16 
47  6 
47  7 
47  8 
47  10 
48  15 
48  24 
48  11 
48  6 
49  19 
49  2 
49  40 
49  25 
50  14 
50  29 
50  45 
50  8 
51  26 
51  20 
51  34 
51  8 
52  17 
52  29 
52  45 
52  31 
53  27 
53  5 
53  11 
53  8 
54  41 
54  50 
54  13 
54  3 
55  12 
55  40 
55  21 
55  7 
56  31 
56  8 
56  14 
56  3 
57  46 
57  40 
57  14 
57  39 
58  5 
58  24 
58  4 
58  14 
59  9 
59  10 
59  5 
59  54 
60  1 
60  16 
60  8 
60  46 
61  7 
61  21 
61  27 
61  15 
62  5 
62  40 
62  11 
62  13 
63  59 
63  8 
63  25 
63  27 
64  4 
64  8 
64  7 
64  30 
65  31 
65  16 
65  25 
65  6 
66  6 
66  3 
66  20 
66  22 
67  29 
67  6 
67  22 
67  27 
68  7 
68  32 
68  6 
68  40 
69  9 
69  45 
69  2 
69  31 
70  27 
70  2 
70  3 
70  45 
71  58 
71  30 
71  17 
71  7 
72  8 
72  36 
72  49 
72  27 
73  54 
73  1 
73  25 
73  2 
74  12 
74  31 
74  46 
74  2 
75  30 
75  64 
75  70 
75  41 
76  47 
76  2 
76  13 
76  7 
77  30 
77  6 
77  62 
77  2 
78  44 
78  6 
78  3 
78  31 
79  8 
79  7 
79  25 
79  16 
80  76 
80  2 
80  35 
80  41 
81  45 
81  29 
81  2 
81  12 
82  11 
82  78 
82  64 
82  8 
83  2 
83  5 
83  19 
83  73 
84  41 
84  63 
84  9 
84  15 
85  48 
85  4 
85  61 
85  25 
86  9 
86  40 
86  74 
86  31 
87  82 
87  85 
87  32 
87  37 
88  47 
88  4 
88  87 
88  9 
89  15 
89  9 
89  27 
89  3 
90  65 
90  8 
90  1 
90  88 
91  80 
91  6 
91  20 
91  34 
92  33 
92  8 
92  20 
92  70 
93  53 
93  14 
93  8 
93  30 
94  25 
94  2 
94  4 
94  71 
95  87 
95  29 
95  88 
95  3 
96  54 
96  29 
96  6 
96  31 
97  8 
97  10 
97  31 
97  2 
98  18 
98  33 
98  32 
98  10 
99  10 
99  5 
99  45 
99  70 
100  79 
100  18 
100  64 
100  23 
101  25 
101  69 
101  42 
101  17 
102  11 
102  78 
102  7 
102  61 
103  8 
103  73 
103  88 
103  23 
104  30 
104  37 
104  18 
104  14 
105  5 
105  18 
105  2 
105  37 
106  14 
106  52 
106  15 
106  53 
107  37 
107  8 
107  38 
107  83 
108  4 
108  30 
108  71 
108  8 
109  9 
109  39 
109  7 
109  99 
110  6 
110  77 
110  9 
110  11 
111  65 
111  15 
111  40 
111  7 
112  9 
112  2 
112  48 
112  31 
113  30 
113  42 
113  65 
113  12 
114  18 
114  32 
114  6 
114  4 
115  36 
115  6 
115  4 
115  7 
116  39 
116  113 
116  98 
116  51 
117  6 
117  51 
117  85 
117  97 
118  1 
118  4 
118  116 
118  8 
119  16 
119  8 
119  81 
119  31 
120  36 
120  44 
120  1 
120  32 
121  107 
121  62 
121  31 
121  83 
122  86 
122  6 
122  4 
122  7 
123  59 
123  88 
123  15 
123  3 
124  83 
124  117 
124  18 
124  13 
125  7 
125  8 
125  21 
125  14 
126  30 
126  11 
126  20 
126  5 
127  24 
127  2 
127  5 
127  6 
128  49 
128  41 
128  14 
128  47 
129  4 
129  7 
129  29 
129  88 
130  17 
130  23 
130  93 
130  79 
131  15 
131  35 
131  82 
131  3 
132  125 
132  11 
132  71 
132  15 
133  56 
133  1 
133  116 
133  123 
134  41 
134  40 
134  115 
134  64 
135  4 
135  69 
135  40 
135  61 
136  37 
136  2 
136  3 
136  118 
137  1 
137  31 
137  8 
137  3 
138  31 
138  2 
138  20 
138  110 
139  73 
139  111 
139  16 
139  13 
140  8 
140  3 
140  22 
140  123 
141  20 
141  67 
141  88 
141  30 
142  10 
142  123 
142  27 
142  57 
143  71 
143  1 
143  9 
143  108 
144  14 
144  88 
144  2 
144  43 
145  131 
145  41 
145  135 
145  6 
146  51 
146  2 
146  69 
146  15 
147  50 
147  4 
147  59 
147  89 
148  72 
148  14 
148  35 
148  50 
149  86 
149  1 
149  7 
149  71 
150  27 
150  2 
150  101 
150  99 
151  7 
151  122 
151  29 
151  69 
152  67 
152  83 
152  56 
152  31 
153  69 
153  8 
153  108 
153  2 
154  17 
154  105 
154  32 
154  2 
155  2 
155  37 
155  13 
155  4 
156  15 
156  7 
156  29 
156  25 
157  34 
157  33 
157  23 
157  13 
158  99 
158  1 
158  139 
158  6 
159  26 
159  8 
159  22 
159  1 
160  8 
160  124 
160  1 
160  2 
161  8 
161  7 
161  88 
161  54 
162  139 
162  20 
162  157 
162  17 
163  90 
163  71 
163  150 
163  16 
164  1 
164  21 
164  64 
164  34 
165  131 
165  134 
165  133 
165  46 
166  37 
166  86 
166  88 
166  4 
167  108 
167  111 
167  119 
167  133 
168  6 
168  22 
168  82 
168  137 
169  9 
169  72 
169  27 
169  8 
170  2 
170  141 
170  10 
170  27 
171  126 
171  161 
171  9 
171  138 
172  7 
172  102 
172  161 
172  11 
173  15 
173  23 
173  25 
173  19 
174  22 
174  9 
174  8 
174  7 
175  12 
175  9 
175  6 
175  40 
176  13 
176  1 
176  2 
176  171 
177  2 
177  9 
177  76 
177  14 
178  67 
178  70 
178  73 
178  165 
179  17 
179  158 
179  37 
179  71 
180  135 
180  31 
180  134 
180  16 
181  60 
181  3 
181  33 
181  97 
182  5 
182  91 
182  167 
182  7 
183  4 
183  34 
183  10 
183  3 
184  60 
184  32 
184  27 
184  78 
185  69 
185  3 
185  8 
185  31 
186  39 
186  101 
186  11 
186  167 
187  25 
187  43 
187  1 
187  30 
188  107 
188  115 
188  2 
188  178 
189  4 
189  116 
189  154 
189  10 
190  21 
190  26 
190  124 
190  56 
191  105 
191  91 
191  31 
191  41 
192  13 
192  164 
192  25 
192  139 
193  79 
193  171 
193  59 
193  3 
194  84 
194  178 
194  181 
194  64 
195  43 
195  64 
195  81 
195  131 
196  26 
196  186 
196  192 
196  172 
197  141 
197  36 
197  46 
197  9 
198  126 
198  30 
198  14 
198  120 
199  2 
199  26 
199  30 
199  39 
200  15 
200  17 
200  9 
200  191 
1  201 
1  202 
1  203 
1  204 
2  201 
2  202 
3  201 
3  205 
3  202 
3  204 
3  206 
4  201 
4  207 
4  202 
4  203 
4  204 
5  208 
5  204 
6  201 
6  205 
6  207 
6  203 
6  204 
7  201 
7  205 
7  207 
7  204 
8  202 
8  203 
8  204 
9  208 
9  205 
9  202 
9  203 
10  208 
10  207 
10  203 
10  204 
11  208 
11  205 
11  207 
11  202 
11  203 
11  206 
12  201 
12  205 
12  207 
12  204 
12  206 
13  202 
13  204 
13  206 
14  207 
14  202 
14  204 
14  206 
15  208 
15  201 
15  205 
15  206 
16  208 
16  201 
16  204 
17  201 
17  207 
17  203 
17  204 
17  206 
18  208 
18  207 
18  202 
18  203 
18  206 
19  208 
19  203 
19  204 
19  206 
20  208 
20  202 
20  203 
20  204 
20  206 
208  201 
201  205 
205  207 
207  202 
202  203 
203  204 
204  206 
208  205 
208  207 
208  202 
208  203 
208  204 
201  207 
201  202 
205  202 
205  204 
204  201 
204  207 
204  202 
206  207 
206  203 
209  149 
209  63 
209  143 
209  10 
210  30 
210  160 
210  43 
210  89 
211  202 
211  34 
211  174 
211  10 
212  180 
212  17 
212  118 
212  103 
213  135 
213  212 
213  183 
213  6 
214  10 
214  122 
214  109 
214  88 
215  135 
215  169 
215  202 
215  5 
216  19 
216  174 
216  159 
216  67 
217  9 
217  211 
217  122 
217  210 
218  91 
218  123 
218  180 
218  175 
219  81 
219  11 
219  44 
219  13 
220  44 
220  218 
220  66 
220  73 
221  5 
221  113 
221  159 
221  164 
222  156 
222  220 
222  41 
222  100 
223  214 
223  98 
223  180 
223  80 
224  32 
224  93 
224  53 
224  218 
225  177 
225  52 
225  148 
225  67 
226  20 
226  166 
226  216 
226  214 
227  153 
227  121 
227  134 
227  189 
228  165 
228  41 
228  167 
228  49 
229  31 
229  212 
229  201 
229  149 
230  101 
230  227 
230  123 
230  187 
231  228 
231  105 
231  65 
231  224 
232  226 
232  10 
232  124 
232  120 
233  188 
233  44 
233  1 
233  98 
234  229 
234  189 
234  12 
234  180 
235  209 
235  191 
235  174 
235  150 
236  27 
236  73 
236  20 
236  136 
237  41 
237  215 
237  65 
237  127 
238  88 
238  20 
238  34 
238  135 
239  221 
239  80 
239  217 
239  137 
240  23 
240  237 
240  100 
240  75 
241  237 
241  61 
241  216 
241  57 
242  156 
242  155 
242  35 
242  15 
243  236 
243  209 
243  200 
243  187 
244  98 
244  74 
244  124 
244  202 
245  244 
245  110 
245  211 
245  225 
246  226 
246  20 
246  80 
246  217 
247  10 
247  238 
247  203 
247  231 
248  57 
248  232 
248  212 
248  239 
249  32 
249  211 
249  233 
249  159 
250  211 
250  81 
250  192 
250  244 
251  225 
251  89 
251  248 
251  193 
252  49 
252  47 
252  214 
252  224 
253  150 
253  218 
253  159 
253  232 
254  192 
254  175 
254  242 
254  78 
255  12 
255  51 
255  153 
255  248 
256  9 
256  244 
256  223 
256  214 
257  185 
257  66 
257  33 
257  255 
258  113 
258  255 
258  102 
258  151 
259  255 
259  254 
259  83 
259  31 
260  173 
260  21 
260  103 
260  20 
261  75 
261  132 
261  187 
261  230 
262  256 
262  24 
262  55 
262  131 
263  163 
263  19 
263  38 
263  179 
264  177 
264  23 
264  235 
264  42 
265  179 
265  162 
265  25 
265  83 
266  20 
266  236 
266  190 
266  257 
267  43 
267  93 
267  189 
267  236 
268  158 
268  145 
268  92 
268  243 
269  243 
269  196 
269  267 
269  140 
270  240 
270  268 
270  117 
270  99 
271  268 
271  161 
271  83 
271  181 
272  151 
272  157 
272  253 
272  247 
273  161 
273  157 
273  128 
273  268 
274  102 
274  158 
274  75 
274  261 
275  186 
275  27 
275  131 
275  24 
276  163 
276  204 
276  259 
276  271 
277  206 
277  265 
277  83 
277  264 
278  10 
278  94 
278  269 
278  195 
279  14 
279  276 
279  266 
279  278 
280  5 
280  278 
280  188 
280  119 
281  95 
281  211 
281  237 
281  230 
282  190 
282  94 
282  227 
282  31 
283  237 
283  279 
283  82 
283  7 
284  206 
284  278 
284  31 
284  69 
285  230 
285  278 
285  259 
285  174 
286  10 
286  216 
286  177 
286  119 
287  253 
287  265 
287  259 
287  67 
288  252 
288  7 
288  246 
288  107 
289  151 
289  44 
289  261 
289  203 
290  278 
290  67 
290  189 
290  280 
291  236 
291  269 
291  175 
291  170 
292  161 
292  189 
292  74 
292  287 
293  169 
293  285 
293  65 
293  80 
294  289 
294  10 
294  291 
294  269 
295  51 
295  273 
295  111 
295  269 
296  266 
296  173 
296  3 
296  284 
297  246 
297  35 
297  4 
297  23 
298  264 
298  139 
298  26 
298  13 
299  278 
299  189 
299  261 
299  206 
300  273 
300  266 
300  97 
300  133 
301  51 
301  6 
301  116 
301  263 
302  16 
302  39 
302  299 
302  262 
303  267 
303  104 
303  102 
303  297 
304  94 
304  175 
304  9 
304  293 
305  264 
305  55 
305  59 
305  162 
306  52 
306  287 
306  284 
306  190 
307  69 
307  285 
307  270 
307  298 
308  237 
308  274 
308  251 
308  60 
 

