1  2 
1  3 
1  4 
1  5 
1  6 
1  7 
1  8 
1  9 
1  10 
2  3 
2  4 
2  5 
2  6 
2  7 
2  8 
2  9 
2  10 
3  4 
3  5 
3  6 
3  7 
3  8 
3  9 
3  10 
4  5 
4  6 
4  7 
4  8 
4  9 
4  10 
5  6 
5  7 
5  8 
5  9 
5  10 
6  7 
6  8 
6  9 
6  10 
7  8 
7  9 
7  10 
8  9 
8  10 
9  10 
11  5 
11  1 
11  2 
11  6 
12  1 
12  9 
12  5 
12  7 
13  1 
13  2 
13  12 
13  3 
14  9 
14  4 
14  3 
14  7 
15  2 
15  14 
15  9 
15  5 
16  6 
16  5 
16  14 
16  7 
17  5 
17  8 
17  14 
17  13 
18  4 
18  6 
18  1 
18  7 
19  9 
19  3 
19  5 
19  8 
20  14 
20  6 
20  13 
20  9 
21  5 
21  7 
21  19 
21  3 
22  10 
22  7 
22  9 
22  17 
23  2 
23  4 
23  16 
23  6 
24  7 
24  2 
24  10 
24  6 
25  12 
25  4 
25  17 
25  8 
26  9 
26  18 
26  13 
26  14 
27  21 
27  2 
27  13 
27  9 
28  6 
28  5 
28  27 
28  16 
29  12 
29  4 
29  7 
29  6 
30  2 
30  9 
30  4 
30  23 
31  9 
31  2 
31  7 
31  1 
32  8 
32  9 
32  19 
32  15 
33  2 
33  10 
33  7 
33  6 
34  9 
34  7 
34  14 
34  33 
35  9 
35  5 
35  31 
35  24 
36  9 
36  6 
36  4 
36  2 
37  12 
37  21 
37  7 
37  1 
38  11 
38  7 
38  3 
38  20 
39  3 
39  8 
39  23 
39  9 
40  3 
40  24 
40  18 
40  17 
41  21 
41  10 
41  3 
41  32 
42  4 
42  37 
42  24 
42  2 
43  1 
43  8 
43  4 
43  36 
44  5 
44  10 
44  23 
44  20 
45  5 
45  10 
45  25 
45  2 
46  9 
46  43 
46  10 
46  4 
47  9 
47  12 
47  7 
47  42 
48  22 
48  6 
48  5 
48  28 
49  47 
49  18 
49  36 
49  7 
50  1 
50  12 
50  31 
50  13 
51  15 
51  25 
51  28 
51  24 
52  12 
52  4 
52  19 
52  33 
53  2 
53  23 
53  41 
53  1 
54  1 
54  30 
54  51 
54  11 
55  7 
55  40 
55  9 
55  4 
56  16 
56  3 
56  7 
56  12 
57  2 
57  36 
57  8 
57  12 
58  27 
58  49 
58  2 
58  55 
59  14 
59  40 
59  6 
59  3 
60  8 
60  12 
60  14 
60  38 
61  5 
61  49 
61  21 
61  10 
62  15 
62  9 
62  19 
62  4 
63  49 
63  43 
63  8 
63  1 
64  9 
64  10 
64  3 
64  2 
65  10 
65  9 
65  15 
65  6 
66  17 
66  41 
66  4 
66  2 
67  35 
67  37 
67  13 
67  4 
68  42 
68  37 
68  4 
68  31 
69  7 
69  1 
69  3 
69  24 
70  61 
70  10 
70  13 
70  36 
71  14 
71  2 
71  19 
71  8 
72  48 
72  2 
72  5 
72  54 
73  66 
73  41 
73  12 
73  24 
74  34 
74  8 
74  17 
74  9 
75  13 
75  60 
75  58 
75  50 
76  1 
76  8 
76  7 
76  25 
77  9 
77  58 
77  5 
77  11 
78  37 
78  10 
78  1 
78  27 
79  40 
79  5 
79  77 
79  39 
80  3 
80  6 
80  19 
80  55 
81  19 
81  10 
81  4 
81  40 
82  6 
82  40 
82  67 
82  8 
83  3 
83  25 
83  1 
83  42 
84  10 
84  13 
84  43 
84  34 
85  27 
85  7 
85  13 
85  10 
86  45 
86  6 
86  48 
86  46 
87  77 
87  7 
87  1 
87  4 
88  23 
88  40 
88  66 
88  53 
89  45 
89  36 
89  37 
89  14 
90  58 
90  73 
90  24 
90  3 
91  4 
91  17 
91  45 
91  8 
92  23 
92  55 
92  71 
92  54 
93  7 
93  17 
93  55 
93  1 
94  4 
94  7 
94  3 
94  39 
95  31 
95  21 
95  24 
95  69 
96  1 
96  10 
96  16 
96  3 
97  13 
97  12 
97  75 
97  50 
98  5 
98  84 
98  64 
98  6 
99  30 
99  37 
99  39 
99  77 
100  45 
100  9 
100  21 
100  41 
101  61 
101  7 
101  73 
101  59 
102  4 
102  17 
102  53 
102  7 
103  45 
103  7 
103  4 
103  12 
104  12 
104  45 
104  32 
104  1 
105  9 
105  4 
105  1 
105  53 
106  22 
106  103 
106  32 
106  6 
107  10 
107  75 
107  22 
107  85 
108  3 
108  18 
108  5 
108  19 
109  32 
109  6 
109  42 
109  8 
110  90 
110  13 
110  57 
110  15 
111  3 
111  84 
111  7 
111  32 
112  7 
112  47 
112  1 
112  50 
113  7 
113  5 
113  92 
113  2 
114  3 
114  36 
114  24 
114  7 
115  11 
115  31 
115  59 
115  56 
116  8 
116  59 
116  1 
116  47 
117  20 
117  53 
117  10 
117  22 
118  29 
118  1 
118  26 
118  13 
119  2 
119  41 
119  7 
119  46 
120  8 
120  19 
120  57 
120  94 
121  39 
121  29 
121  52 
121  6 
122  21 
122  107 
122  23 
122  53 
123  63 
123  114 
123  13 
123  80 
124  1 
124  56 
124  18 
124  17 
125  5 
125  37 
125  31 
125  53 
126  88 
126  48 
126  21 
126  6 
127  37 
127  106 
127  21 
127  4 
128  4 
128  5 
128  1 
128  9 
129  5 
129  33 
129  4 
129  2 
130  2 
130  24 
130  85 
130  108 
131  14 
131  19 
131  24 
131  114 
132  80 
132  6 
132  9 
132  116 
133  16 
133  86 
133  50 
133  46 
134  68 
134  33 
134  10 
134  128 
135  2 
135  105 
135  12 
135  23 
136  2 
136  17 
136  44 
136  45 
137  94 
137  115 
137  48 
137  63 
138  96 
138  20 
138  56 
138  74 
139  105 
139  45 
139  17 
139  8 
140  90 
140  1 
140  117 
140  7 
141  41 
141  1 
141  47 
141  15 
142  127 
142  30 
142  129 
142  102 
143  76 
143  7 
143  4 
143  8 
144  35 
144  1 
144  47 
144  5 
145  49 
145  9 
145  10 
145  65 
146  80 
146  60 
146  37 
146  29 
147  5 
147  64 
147  9 
147  6 
148  5 
148  29 
148  21 
148  139 
149  115 
149  47 
149  39 
149  19 
150  61 
150  108 
150  47 
150  13 
151  36 
151  3 
151  62 
151  14 
152  102 
152  45 
152  19 
152  9 
153  141 
153  117 
153  2 
153  64 
154  5 
154  2 
154  8 
154  49 
155  4 
155  30 
155  70 
155  40 
156  110 
156  2 
156  17 
156  5 
157  24 
157  121 
157  13 
157  63 
158  9 
158  30 
158  49 
158  138 
159  116 
159  141 
159  132 
159  66 
160  90 
160  10 
160  82 
160  3 
161  118 
161  2 
161  22 
161  109 
162  36 
162  93 
162  8 
162  1 
163  6 
163  11 
163  53 
163  1 
164  24 
164  7 
164  118 
164  13 
165  62 
165  11 
165  53 
165  26 
166  162 
166  57 
166  12 
166  19 
167  29 
167  63 
167  66 
167  2 
168  92 
168  39 
168  48 
168  112 
169  1 
169  67 
169  8 
169  87 
170  156 
170  93 
170  104 
170  66 
171  162 
171  20 
171  115 
171  17 
172  58 
172  9 
172  20 
172  5 
173  4 
173  1 
173  108 
173  131 
174  99 
174  132 
174  154 
174  72 
175  3 
175  58 
175  82 
175  57 
176  6 
176  71 
176  53 
176  93 
177  29 
177  24 
177  147 
177  7 
178  117 
178  80 
178  25 
178  57 
179  93 
179  159 
179  124 
179  177 
180  7 
180  179 
180  3 
180  102 
181  171 
181  117 
181  6 
181  10 
182  4 
182  24 
182  70 
182  122 
183  42 
183  85 
183  59 
183  15 
184  99 
184  9 
184  7 
184  8 
185  4 
185  22 
185  146 
185  103 
186  116 
186  39 
186  63 
186  177 
187  33 
187  162 
187  9 
187  22 
188  7 
188  24 
188  114 
188  99 
189  7 
189  21 
189  4 
189  89 
190  150 
190  139 
190  80 
190  66 
191  18 
191  3 
191  9 
191  2 
192  49 
192  4 
192  85 
192  7 
193  4 
193  10 
193  7 
193  85 
194  22 
194  4 
194  129 
194  8 
195  24 
195  155 
195  9 
195  31 
196  119 
196  4 
196  17 
196  165 
197  155 
197  4 
197  66 
197  119 
198  117 
198  32 
198  112 
198  195 
199  5 
199  97 
199  79 
199  90 
200  3 
200  99 
200  12 
200  34 
1  201 
1  202 
1  203 
1  204 
2  205 
2  202 
2  203 
3  205 
4  201 
4  206 
4  205 
4  204 
5  206 
5  202 
5  203 
5  204 
6  201 
6  205 
6  207 
7  201 
7  202 
7  203 
8  206 
8  208 
8  203 
8  207 
8  204 
9  208 
9  205 
9  203 
9  207 
10  206 
10  208 
10  205 
10  202 
10  207 
10  204 
11  201 
11  206 
11  207 
12  201 
12  208 
12  202 
12  204 
13  208 
13  205 
13  202 
13  203 
13  207 
13  204 
14  206 
14  208 
14  202 
15  208 
15  202 
15  203 
16  201 
16  206 
16  208 
16  205 
16  202 
16  207 
16  204 
17  201 
17  208 
18  201 
18  208 
18  205 
18  207 
19  206 
19  208 
19  205 
20  201 
20  206 
20  208 
20  205 
20  203 
20  207 
21  201 
21  206 
21  205 
21  202 
21  207 
22  208 
22  203 
22  207 
23  201 
23  206 
23  205 
23  203 
23  207 
23  204 
24  201 
24  205 
24  202 
24  204 
25  201 
25  208 
25  203 
26  201 
26  208 
26  202 
27  205 
27  203 
28  201 
28  205 
28  202 
28  203 
29  201 
29  206 
29  208 
29  205 
29  202 
29  203 
29  207 
30  206 
30  205 
30  207 
30  204 
31  205 
31  202 
31  204 
32  201 
32  208 
32  205 
32  202 
32  207 
33  206 
33  203 
33  204 
34  201 
34  206 
34  208 
34  202 
34  207 
35  203 
35  207 
35  204 
36  201 
36  206 
36  208 
36  205 
36  207 
36  204 
37  205 
37  202 
37  207 
38  201 
38  205 
38  203 
39  201 
39  206 
39  208 
39  205 
39  202 
39  204 
40  201 
40  206 
40  202 
41  208 
41  205 
41  207 
42  207 
42  204 
43  206 
43  205 
43  203 
44  202 
44  203 
44  207 
45  206 
45  208 
45  205 
45  203 
46  201 
46  206 
46  208 
46  205 
46  202 
46  203 
46  204 
47  208 
47  202 
47  203 
47  204 
48  206 
48  202 
48  203 
49  201 
49  206 
49  208 
49  203 
49  204 
50  201 
50  206 
50  208 
50  205 
201  206 
206  208 
208  205 
205  202 
202  203 
203  207 
207  204 
201  203 
206  203 
208  201 
208  203 
202  208 
207  201 
207  208 
207  202 
204  201 
204  208 
204  205 
204  202 
204  203 
51  202 
51  203 
52  208 
52  204 
53  206 
53  208 
53  203 
53  204 
209  142 
209  85 
209  17 
209  171 
210  42 
210  145 
210  209 
210  100 
211  188 
211  85 
211  24 
211  191 
212  204 
212  209 
212  54 
212  125 
213  190 
213  137 
213  7 
213  107 
214  175 
214  75 
214  107 
214  169 
215  209 
215  183 
215  96 
215  50 
216  69 
216  156 
216  94 
216  51 
217  211 
217  116 
217  198 
217  6 
218  82 
218  85 
218  205 
218  191 
219  210 
219  21 
219  14 
219  215 
220  78 
220  216 
220  200 
220  21 
221  214 
221  59 
221  182 
221  202 
222  78 
222  25 
222  209 
222  191 
223  218 
223  103 
223  104 
223  166 
224  28 
224  193 
224  195 
224  135 
225  85 
225  205 
225  134 
225  11 
226  99 
226  185 
226  201 
226  9 
227  47 
227  109 
227  141 
227  24 
228  223 
228  47 
228  141 
228  66 
54  201 
54  205 
54  203 
54  207 
54  204 
55  201 
55  208 
55  205 
55  202 
55  203 
55  207 
55  204 
56  201 
56  208 
56  205 
229  109 
229  81 
229  164 
229  133 
230  56 
230  117 
230  150 
230  163 
231  13 
231  148 
231  116 
231  201 
232  18 
232  57 
232  123 
232  200 
233  32 
233  221 
233  59 
233  19 
234  98 
234  230 
234  108 
234  169 
235  47 
235  48 
235  203 
235  8 
236  142 
236  171 
236  44 
236  188 
237  216 
237  131 
237  117 
237  46 
238  109 
238  117 
238  142 
238  29 
239  236 
239  174 
239  15 
239  116 
240  180 
240  178 
240  188 
240  24 
241  142 
241  27 
241  4 
241  230 
242  146 
242  98 
242  58 
242  22 
243  167 
243  82 
243  81 
243  174 
244  221 
244  106 
244  226 
244  243 
245  26 
245  98 
245  221 
245  241 
246  148 
246  59 
246  200 
246  153 
247  78 
247  232 
247  2 
247  203 
248  201 
248  188 
248  241 
248  199 
57  201 
57  205 
57  204 
58  208 
58  205 
58  202 
58  207 
249  71 
249  104 
249  50 
249  141 
250  171 
250  215 
250  244 
250  10 
251  218 
251  175 
251  75 
251  205 
252  238 
252  145 
252  41 
252  216 
253  1 
253  251 
253  13 
253  173 
254  131 
254  253 
254  110 
254  91 
255  50 
255  90 
255  20 
255  176 
256  67 
256  1 
256  62 
256  254 
257  153 
257  10 
257  5 
257  96 
258  148 
258  119 
258  153 
258  249 
259  52 
259  11 
259  33 
259  1 
260  164 
260  96 
260  17 
260  129 
261  72 
261  78 
261  155 
261  249 
262  242 
262  14 
262  103 
262  8 
263  205 
263  31 
263  53 
263  119 
264  255 
264  179 
264  238 
264  163 
265  71 
265  88 
265  186 
265  79 
266  202 
266  245 
266  75 
266  186 
267  76 
267  30 
267  55 
267  103 
268  55 
268  62 
268  260 
268  249 
59  208 
59  205 
59  203 
59  204 
60  201 
60  208 
60  202 
60  207 
60  204 
61  201 
61  205 
62  208 
62  202 
62  203 
62  207 
4  269 
5  269 
6  269 
8  269 
10  269 
12  269 
13  269 
14  269 
16  269 
17  269 
19  269 
22  269 
23  269 
24  269 
25  269 
27  269 
30  269 
31  269 
37  269 
39  269 
44  269 
45  269 
46  269 
48  269 
51  269 
56  269 
59  269 
60  269 
206  202 
206  207 
206  204 
205  201 
207  205 
269  206 
269  208 
269  205 
269  202 
269  204 
270  115 
270  216 
270  230 
270  229 
271  256 
271  34 
271  94 
271  234 
272  228 
272  29 
272  171 
272  212 
273  16 
273  122 
273  84 
273  168 
274  45 
274  117 
274  66 
274  260 
275  19 
275  151 
275  157 
275  81 
276  161 
276  103 
276  169 
276  15 
277  132 
277  38 
277  10 
277  168 
278  10 
278  272 
278  37 
278  240 
279  192 
279  74 
279  160 
279  20 
280  123 
280  242 
280  244 
280  224 
281  201 
281  178 
281  49 
281  145 
282  108 
282  205 
282  278 
282  9 
283  275 
283  161 
283  254 
283  277 
284  30 
284  45 
284  59 
284  214 
285  125 
285  277 
285  78 
285  47 
286  111 
286  219 
286  254 
286  60 
287  182 
287  281 
287  168 
287  244 
288  283 
288  225 
288  134 
288  253 
289  91 
289  45 
289  87 
289  195 
63  208 
63  202 
63  203 
63  269 
64  205 
64  207 
64  204 
290  157 
290  275 
290  192 
290  11 
291  170 
291  234 
291  9 
291  53 
292  105 
292  65 
292  52 
292  174 
293  218 
293  230 
293  219 
293  278 
294  120 
294  194 
294  3 
294  293 
295  71 
295  278 
295  141 
295  66 
296  170 
296  20 
296  290 
296  291 
297  243 
297  75 
297  293 
297  80 
298  111 
298  66 
298  176 
298  170 
299  162 
299  38 
299  288 
299  236 
300  284 
300  201 
300  293 
300  272 
301  246 
301  243 
301  95 
301  81 
302  194 
302  198 
302  57 
302  83 
303  300 
303  233 
303  302 
303  102 
304  278 
304  258 
304  176 
304  238 
305  33 
305  95 
305  195 
305  300 
306  257 
306  98 
306  50 
306  298 
307  90 
307  98 
307  304 
307  170 
308  182 
308  272 
308  306 
308  279 
309  23 
309  114 
309  293 
309  292 
65  206 
65  208 
65  205 
65  202 
65  203 
65  207 
65  269 
66  201 
66  206 
66  205 
66  207 
66  204 
310  68 
310  141 
310  104 
310  265 
311  34 
311  215 
311  172 
311  244 
312  80 
312  287 
312  276 
312  162 
313  180 
313  283 
313  304 
313  179 
314  198 
314  59 
314  304 
314  136 
315  7 
315  90 
315  81 
315  276 
316  249 
316  60 
316  52 
316  238 
317  99 
317  110 
317  302 
317  155 
318  58 
318  272 
318  219 
318  306 
319  249 
319  227 
319  307 
319  310 
320  284 
320  224 
320  171 
320  263 
321  281 
321  45 
321  169 
321  202 
322  221 
322  313 
322  68 
322  310 
323  299 
323  122 
323  145 
323  2 
324  60 
324  194 
324  316 
324  63 
325  164 
325  12 
325  162 
325  210 
326  190 
326  162 
326  6 
326  322 
327  247 
327  291 
327  268 
327  246 
328  155 
328  194 
328  6 
328  304 
329  206 
329  228 
329  132 
329  311 
67  206 
67  202 
67  203 
67  207 
67  204 
67  269 
330  212 
330  106 
330  96 
330  188 
331  88 
331  319 
331  45 
331  162 
332  145 
332  315 
332  144 
332  1 
333  250 
333  149 
333  59 
333  171 
334  244 
334  123 
334  87 
334  309 
335  38 
335  292 
335  150 
335  57 
336  80 
336  178 
336  335 
336  315 
337  83 
337  257 
337  36 
337  270 
338  329 
338  92 
338  248 
338  315 
339  320 
339  288 
339  299 
339  269 
340  60 
340  45 
340  216 
340  213 
341  302 
341  337 
341  140 
341  320 
342  108 
342  133 
342  331 
342  28 
343  251 
343  133 
343  335 
343  143 
344  305 
344  98 
344  181 
344  265 
345  198 
345  78 
345  1 
345  315 
346  315 
346  99 
346  174 
346  166 
347  145 
347  52 
347  98 
347  344 
348  95 
348  327 
348  67 
348  333 
349  178 
349  90 
349  348 
349  45 
68  201 
68  202 
68  207 
69  201 
69  205 
69  269 
70  201 
70  206 
70  204 
71  206 
71  203 
71  269 
72  206 
72  205 
72  203 
72  207 
72  204 
72  269 
350  271 
350  40 
350  254 
350  80 
351  216 
351  143 
351  100 
351  345 
352  351 
352  85 
352  293 
352  168 
353  321 
353  221 
353  326 
353  317 
354  287 
354  216 
354  71 
354  302 
355  218 
355  321 
355  136 
355  323 
356  41 
356  172 
356  120 
356  323 
357  109 
357  307 
357  102 
357  82 
358  129 
358  274 
358  18 
358  40 
359  358 
359  76 
359  244 
359  277 
360  125 
360  127 
360  304 
360  135 
361  303 
361  188 
361  302 
361  272 
362  171 
362  352 
362  361 
362  198 
363  106 
363  350 
363  356 
363  30 
364  82 
364  336 
364  303 
364  122 
365  348 
365  193 
365  305 
365  75 
366  79 
366  339 
366  338 
366  98 
367  194 
367  363 
367  38 
367  169 
368  253 
368  111 
368  148 
368  41 
369  281 
369  120 
369  291 
369  116 
73  201 
73  206 
73  208 
73  202 
73  203 
74  206 
74  204 
74  269 
75  201 
75  206 
75  208 
75  205 
75  202 
75  203 
75  269 
370  260 
370  144 
370  152 
370  349 
371  75 
371  15 
371  37 
371  223 
372  101 
372  363 
372  50 
372  318 
373  331 
373  6 
373  42 
373  105 
374  330 
374  173 
374  284 
374  286 
375  335 
375  91 
375  241 
375  284 
376  63 
376  348 
376  192 
376  178 
377  306 
377  103 
377  177 
377  31 
378  335 
378  78 
378  46 
378  367 
379  363 
379  106 
379  209 
379  345 
380  370 
380  316 
380  71 
380  130 
381  321 
381  277 
381  33 
381  376 
382  317 
382  17 
382  314 
382  315 
383  21 
383  107 
383  286 
383  382 
384  376 
384  84 
384  116 
384  339 
385  175 
385  192 
385  373 
385  173 
386  109 
386  31 
386  253 
386  24 
387  101 
387  188 
387  148 
387  363 
388  364 
388  284 
388  129 
388  76 
389  303 
389  104 
389  85 
389  190 
76  206 
76  205 
76  203 
76  207 
77  201 
77  206 
77  208 
77  205 
77  207 
77  204 
77  269 
390  347 
390  291 
390  219 
390  183 
391  90 
391  89 
391  385 
391  259 
392  163 
392  93 
392  362 
392  301 
393  300 
393  232 
393  52 
393  103 
394  82 
394  338 
394  147 
394  341 
395  52 
395  287 
395  188 
395  208 
396  26 
396  83 
396  100 
396  220 
397  64 
397  346 
397  221 
397  242 
398  184 
398  276 
398  270 
398  347 
399  326 
399  214 
399  111 
399  115 
400  126 
400  172 
400  207 
400  162 
401  376 
401  304 
401  82 
401  253 
402  46 
402  363 
402  142 
402  201 
403  185 
403  227 
403  138 
403  116 
404  308 
404  400 
404  13 
404  27 
405  245 
405  394 
405  128 
405  327 
406  96 
406  220 
406  343 
406  132 
407  294 
407  103 
407  71 
407  172 
408  345 
408  218 
408  353 
408  19 
409  53 
409  57 
409  83 
409  149 
78  206 
78  208 
78  205 
78  203 
78  207 
78  204 
78  269 
410  402 
410  260 
410  130 
410  71 
411  222 
411  6 
411  393 
411  183 
412  282 
412  20 
412  15 
412  382 
413  300 
413  249 
413  50 
413  366 
414  210 
414  122 
414  15 
414  87 
415  203 
415  82 
415  138 
415  282 
416  176 
416  236 
416  373 
416  5 
417  411 
417  416 
417  148 
417  73 
418  296 
418  208 
418  346 
418  188 
419  123 
419  29 
419  334 
419  41 
420  300 
420  362 
420  287 
420  244 
421  416 
421  223 
421  262 
421  157 
422  17 
422  191 
422  410 
422  340 
423  17 
423  82 
423  257 
423  406 
424  24 
424  347 
424  285 
424  141 
425  423 
425  12 
425  307 
425  103 
426  83 
426  268 
426  367 
426  155 
427  317 
427  346 
427  42 
427  204 
428  60 
428  3 
428  128 
428  118 
429  135 
429  292 
429  332 
429  356 
 

