1  2 
1  3 
1  4 
1  5 
1  6 
1  7 
1  8 
1  9 
1  10 
2  3 
2  4 
2  5 
2  6 
2  7 
2  8 
2  9 
2  10 
3  4 
3  5 
3  6 
3  7 
3  8 
3  9 
3  10 
4  5 
4  6 
4  7 
4  8 
4  9 
4  10 
5  6 
5  7 
5  8 
5  9 
5  10 
6  7 
6  8 
6  9 
6  10 
7  8 
7  9 
7  10 
8  9 
8  10 
9  10 
11  9 
11  6 
11  5 
11  7 
12  9 
12  5 
12  3 
12  7 
13  3 
13  6 
13  8 
13  2 
14  1 
14  3 
14  4 
14  2 
15  3 
15  2 
15  1 
15  4 
16  3 
16  10 
16  4 
16  7 
17  4 
17  9 
17  15 
17  6 
18  11 
18  17 
18  7 
18  13 
19  4 
19  8 
19  9 
19  17 
20  8 
20  5 
20  18 
20  2 
21  1 
21  12 
21  4 
21  14 
22  17 
22  20 
22  9 
22  3 
23  1 
23  4 
23  3 
23  5 
24  5 
24  4 
24  21 
24  6 
25  5 
25  8 
25  12 
25  22 
26  8 
26  2 
26  5 
26  9 
27  10 
27  6 
27  5 
27  8 
28  11 
28  7 
28  24 
28  8 
29  5 
29  4 
29  1 
29  20 
30  10 
30  4 
30  8 
30  14 
31  18 
31  14 
31  8 
31  7 
32  8 
32  7 
32  4 
32  11 
33  4 
33  9 
33  31 
33  8 
34  6 
34  7 
34  11 
34  29 
35  6 
35  5 
35  19 
35  17 
36  17 
36  9 
36  2 
36  1 
37  3 
37  9 
37  8 
37  14 
38  18 
38  34 
38  27 
38  9 
39  2 
39  36 
39  19 
39  35 
40  4 
40  14 
40  35 
40  22 
41  17 
41  5 
41  24 
41  28 
42  14 
42  26 
42  11 
42  2 
43  38 
43  22 
43  3 
43  16 
44  1 
44  6 
44  13 
44  43 
45  24 
45  8 
45  11 
45  2 
46  11 
46  9 
46  8 
46  3 
47  5 
47  11 
47  20 
47  41 
48  15 
48  8 
48  3 
48  4 
49  15 
49  32 
49  24 
49  1 
50  16 
50  29 
50  36 
50  24 
51  8 
51  13 
51  14 
51  34 
52  13 
52  9 
52  32 
52  46 
53  28 
53  25 
53  4 
53  11 
54  32 
54  16 
54  14 
54  22 
55  11 
55  1 
55  5 
55  52 
56  4 
56  16 
56  15 
56  43 
57  16 
57  1 
57  5 
57  38 
58  6 
58  57 
58  40 
58  2 
59  4 
59  27 
59  25 
59  24 
60  6 
60  16 
60  4 
60  11 
61  4 
61  22 
61  2 
61  15 
62  22 
62  58 
62  28 
62  44 
63  26 
63  5 
63  21 
63  40 
64  26 
64  63 
64  32 
64  5 
65  5 
65  13 
65  4 
65  28 
66  20 
66  29 
66  38 
66  5 
67  4 
67  11 
67  1 
67  18 
68  63 
68  28 
68  12 
68  25 
69  57 
69  12 
69  40 
69  58 
70  3 
70  53 
70  7 
70  9 
71  8 
71  6 
71  19 
71  44 
72  19 
72  43 
72  16 
72  5 
73  5 
73  27 
73  17 
73  11 
74  9 
74  34 
74  27 
74  57 
75  8 
75  26 
75  29 
75  5 
76  7 
76  34 
76  20 
76  43 
77  1 
77  5 
77  18 
77  35 
78  5 
78  29 
78  73 
78  17 
79  7 
79  68 
79  1 
79  66 
80  7 
80  22 
80  6 
80  9 
81  5 
81  8 
81  6 
81  1 
82  21 
82  63 
82  8 
82  4 
83  5 
83  4 
83  80 
83  20 
84  32 
84  53 
84  41 
84  3 
85  4 
85  22 
85  55 
85  60 
86  7 
86  16 
86  1 
86  17 
87  46 
87  21 
87  16 
87  37 
88  16 
88  38 
88  40 
88  43 
89  34 
89  1 
89  55 
89  6 
90  32 
90  49 
90  3 
90  4 
91  6 
91  79 
91  43 
91  56 
92  4 
92  26 
92  2 
92  1 
93  36 
93  27 
93  2 
93  1 
94  3 
94  12 
94  17 
94  84 
95  17 
95  26 
95  7 
95  3 
96  3 
96  27 
96  5 
96  31 
97  23 
97  69 
97  79 
97  53 
98  17 
98  6 
98  82 
98  9 
99  6 
99  16 
99  19 
99  29 
100  26 
100  7 
100  22 
100  8 
101  43 
101  14 
101  95 
101  64 
102  67 
102  24 
102  20 
102  73 
103  16 
103  76 
103  88 
103  41 
104  46 
104  15 
104  32 
104  16 
105  68 
105  88 
105  4 
105  56 
106  38 
106  105 
106  11 
106  41 
107  1 
107  29 
107  100 
107  20 
108  11 
108  20 
108  9 
108  28 
109  18 
109  3 
109  90 
109  106 
110  6 
110  108 
110  9 
110  44 
111  70 
111  35 
111  9 
111  1 
112  36 
112  38 
112  33 
112  5 
113  6 
113  60 
113  5 
113  102 
114  21 
114  48 
114  29 
114  51 
115  29 
115  60 
115  19 
115  66 
116  6 
116  74 
116  66 
116  100 
117  18 
117  31 
117  108 
117  7 
118  2 
118  4 
118  16 
118  12 
119  11 
119  48 
119  3 
119  106 
120  5 
120  65 
120  16 
120  1 
121  9 
121  19 
121  48 
121  17 
122  104 
122  8 
122  7 
122  4 
123  1 
123  103 
123  20 
123  17 
124  4 
124  71 
124  114 
124  57 
125  17 
125  43 
125  2 
125  3 
126  19 
126  113 
126  20 
126  28 
127  20 
127  18 
127  3 
127  5 
128  7 
128  20 
128  2 
128  83 
129  6 
129  103 
129  29 
129  79 
130  1 
130  37 
130  35 
130  17 
131  78 
131  113 
131  100 
131  72 
132  29 
132  26 
132  5 
132  22 
133  127 
133  1 
133  36 
133  93 
134  5 
134  63 
134  110 
134  69 
135  6 
135  4 
135  109 
135  2 
136  79 
136  67 
136  108 
136  33 
137  134 
137  60 
137  133 
137  37 
138  9 
138  130 
138  14 
138  100 
139  100 
139  33 
139  117 
139  22 
140  5 
140  2 
140  12 
140  60 
141  81 
141  2 
141  135 
141  15 
142  85 
142  22 
142  83 
142  26 
143  63 
143  5 
143  87 
143  106 
144  8 
144  87 
144  1 
144  6 
145  1 
145  24 
145  6 
145  11 
146  31 
146  5 
146  41 
146  78 
147  119 
147  57 
147  43 
147  1 
148  104 
148  48 
148  4 
148  9 
149  134 
149  95 
149  101 
149  100 
150  60 
150  70 
150  128 
150  40 
151  4 
151  110 
151  103 
151  14 
152  100 
152  60 
152  78 
152  1 
153  86 
153  26 
153  1 
153  37 
154  59 
154  147 
154  13 
154  128 
155  43 
155  38 
155  67 
155  11 
156  49 
156  115 
156  136 
156  93 
157  79 
157  41 
157  27 
157  123 
158  23 
158  14 
158  3 
158  108 
159  1 
159  106 
159  93 
159  47 
160  130 
160  11 
160  4 
160  2 
161  82 
161  27 
161  9 
161  20 
162  9 
162  149 
162  131 
162  60 
163  70 
163  44 
163  17 
163  11 
164  11 
164  15 
164  7 
164  106 
165  78 
165  50 
165  19 
165  1 
166  100 
166  85 
166  69 
166  25 
167  55 
167  95 
167  97 
167  142 
168  5 
168  26 
168  32 
168  125 
169  6 
169  43 
169  7 
169  8 
170  22 
170  130 
170  63 
170  103 
171  70 
171  157 
171  154 
171  79 
172  42 
172  133 
172  58 
172  5 
173  4 
173  20 
173  11 
173  61 
174  9 
174  17 
174  6 
174  14 
175  25 
175  153 
175  34 
175  127 
176  17 
176  56 
176  2 
176  147 
177  24 
177  5 
177  100 
177  103 
178  46 
178  5 
178  21 
178  2 
179  2 
179  42 
179  5 
179  19 
180  24 
180  83 
180  4 
180  95 
181  20 
181  99 
181  13 
181  17 
182  21 
182  95 
182  129 
182  9 
183  8 
183  26 
183  61 
183  16 
184  66 
184  6 
184  25 
184  9 
185  22 
185  7 
185  43 
185  28 
186  4 
186  140 
186  37 
186  127 
187  11 
187  17 
187  180 
187  143 
188  149 
188  20 
188  144 
188  2 
189  177 
189  62 
189  11 
189  143 
190  4 
190  133 
190  127 
190  41 
191  32 
191  2 
191  4 
191  96 
192  46 
192  25 
192  159 
192  2 
193  175 
193  17 
193  42 
193  178 
194  2 
194  8 
194  162 
194  7 
195  9 
195  10 
195  169 
195  21 
196  82 
196  51 
196  4 
196  136 
197  1 
197  2 
197  5 
197  69 
198  11 
198  124 
198  63 
198  58 
199  6 
199  14 
199  8 
199  33 
200  8 
200  1 
200  3 
200  126 
1  201 
1  202 
1  203 
1  204 
2  202 
2  203 
2  205 
2  206 
2  207 
2  204 
3  202 
3  203 
3  208 
4  203 
4  205 
4  206 
5  202 
5  205 
5  208 
5  206 
5  204 
6  201 
6  207 
6  204 
7  201 
7  202 
7  203 
7  205 
7  204 
8  202 
8  203 
8  204 
9  201 
9  208 
9  206 
9  207 
9  204 
10  202 
10  205 
10  207 
10  204 
11  201 
11  208 
11  206 
11  204 
12  201 
12  203 
12  207 
13  203 
13  205 
13  208 
14  208 
14  206 
14  207 
14  204 
15  201 
15  203 
15  204 
16  201 
16  205 
16  208 
16  204 
17  201 
17  203 
17  208 
17  206 
17  204 
18  202 
18  205 
19  206 
19  207 
19  204 
20  201 
20  202 
20  205 
20  204 
201  202 
202  203 
203  205 
205  208 
208  206 
206  207 
207  204 
201  203 
201  205 
201  207 
202  206 
202  207 
203  206 
203  207 
205  202 
208  201 
208  207 
206  201 
207  205 
204  201 
204  202 
204  205 
204  208 
204  206 
209  108 
209  23 
209  10 
209  20 
210  81 
210  142 
210  197 
210  66 
211  156 
211  90 
211  182 
211  30 
212  99 
212  129 
212  64 
212  164 
213  212 
213  148 
213  25 
213  174 
214  158 
214  145 
214  87 
214  16 
215  7 
215  179 
215  170 
215  36 
216  210 
216  8 
216  165 
216  113 
217  105 
217  165 
217  17 
217  40 
218  211 
218  98 
218  217 
218  172 
219  70 
219  176 
219  106 
219  98 
220  141 
220  219 
220  204 
220  210 
221  127 
221  107 
221  215 
221  17 
222  213 
222  216 
222  106 
222  146 
223  72 
223  122 
223  170 
223  106 
224  159 
224  98 
224  32 
224  186 
225  102 
225  219 
225  58 
225  70 
226  143 
226  128 
226  221 
226  191 
227  157 
227  165 
227  139 
227  222 
228  211 
228  199 
228  30 
228  218 
229  30 
229  109 
229  216 
229  184 
230  217 
230  218 
230  151 
230  156 
231  221 
231  79 
231  104 
231  192 
232  64 
232  110 
232  210 
232  45 
233  226 
233  219 
233  173 
233  112 
234  112 
234  58 
234  134 
234  186 
235  156 
235  22 
235  103 
235  58 
236  85 
236  16 
236  55 
236  180 
237  210 
237  233 
237  52 
237  159 
238  222 
238  149 
238  109 
238  66 
239  233 
239  16 
239  90 
239  129 
240  228 
240  168 
240  14 
240  229 
241  165 
241  124 
241  106 
241  85 
242  51 
242  31 
242  113 
242  233 
243  59 
243  234 
243  162 
243  17 
244  24 
244  212 
244  88 
244  182 
245  57 
245  223 
245  180 
245  112 
246  124 
246  80 
246  205 
246  219 
247  196 
247  170 
247  61 
247  172 
248  220 
248  64 
248  191 
248  218 
249  129 
249  210 
249  143 
249  234 
250  148 
250  231 
250  172 
250  239 
251  115 
251  235 
251  174 
251  80 
252  221 
252  88 
252  200 
252  244 
253  122 
253  31 
253  16 
253  111 
254  174 
254  45 
254  219 
254  224 
255  221 
255  234 
255  172 
255  254 
256  165 
256  122 
256  111 
256  36 
257  252 
257  218 
257  182 
257  107 
258  107 
258  142 
258  212 
258  33 
259  116 
259  98 
259  209 
259  27 
260  121 
260  217 
260  67 
260  125 
261  191 
261  260 
261  129 
261  55 
262  17 
262  79 
262  203 
262  138 
263  12 
263  130 
263  224 
263  251 
264  143 
264  36 
264  102 
264  77 
265  29 
265  136 
265  202 
265  201 
266  198 
266  249 
266  191 
266  203 
267  240 
267  124 
267  6 
267  129 
268  63 
268  194 
268  124 
268  141 
269  134 
269  155 
269  55 
269  210 
270  4 
270  67 
270  6 
270  25 
271  261 
271  67 
271  227 
271  138 
272  248 
272  265 
272  238 
272  156 
273  136 
273  68 
273  260 
273  55 
274  181 
274  253 
274  140 
274  260 
275  273 
275  263 
275  265 
275  200 
276  81 
276  89 
276  272 
276  82 
277  16 
277  216 
277  127 
277  201 
278  207 
278  203 
278  79 
278  277 
279  265 
279  231 
279  101 
279  182 
280  29 
280  230 
280  193 
280  185 
281  107 
281  26 
281  87 
281  272 
282  107 
282  14 
282  244 
282  196 
283  152 
283  35 
283  196 
283  257 
284  233 
284  26 
284  274 
284  197 
285  14 
285  283 
285  184 
285  146 
286  283 
286  203 
286  33 
286  224 
287  102 
287  14 
287  146 
287  58 
288  179 
288  200 
288  55 
288  238 
289  234 
289  20 
289  266 
289  153 
290  272 
290  262 
290  259 
290  183 
291  278 
291  21 
291  251 
291  203 
292  259 
292  277 
292  251 
292  22 
293  77 
293  123 
293  286 
293  147 
294  286 
294  135 
294  94 
294  212 
295  244 
295  259 
295  281 
295  200 
296  6 
296  289 
296  58 
296  35 
297  72 
297  259 
297  210 
297  152 
298  181 
298  268 
298  282 
298  286 
299  285 
299  274 
299  144 
299  270 
300  238 
300  37 
300  266 
300  198 
301  283 
301  285 
301  273 
301  220 
302  259 
302  177 
302  297 
302  261 
303  283 
303  281 
303  201 
303  227 
304  111 
304  290 
304  77 
304  64 
305  136 
305  9 
305  281 
305  240 
306  234 
306  278 
306  141 
306  119 
307  260 
307  268 
307  23 
307  203 
308  265 
308  195 
308  99 
308  3 
309  144 
309  265 
309  300 
309  225 
310  34 
310  303 
310  50 
310  190 
311  180 
311  148 
311  267 
311  27 
312  184 
312  42 
312  197 
312  267 
313  312 
313  39 
313  125 
313  260 
314  226 
314  178 
314  280 
314  40 
315  38 
315  139 
315  313 
315  124 
316  269 
316  226 
316  22 
316  35 
317  51 
317  63 
317  165 
317  244 
318  51 
318  196 
318  79 
318  311 
319  188 
319  180 
319  171 
319  2 
320  313 
320  11 
320  26 
320  71 
321  236 
321  251 
321  166 
321  244 
322  179 
322  81 
322  177 
322  217 
323  195 
323  210 
323  128 
323  319 
324  215 
324  266 
324  69 
324  124 
325  208 
325  70 
325  314 
325  38 
326  226 
326  146 
326  157 
326  17 
327  182 
327  298 
327  270 
327  202 
328  304 
328  166 
328  52 
328  229 
329  246 
329  41 
329  309 
329  128 
330  275 
330  251 
330  38 
330  15 
331  178 
331  313 
331  327 
331  300 
332  310 
332  283 
332  17 
332  184 
333  142 
333  324 
333  180 
333  314 
334  97 
334  324 
334  317 
334  166 
335  49 
335  329 
335  263 
335  328 
336  316 
336  227 
336  73 
336  191 
337  319 
337  310 
337  209 
337  279 
338  89 
338  178 
338  38 
338  129 
339  314 
339  41 
339  16 
339  139 
340  301 
340  85 
340  334 
340  338 
341  206 
341  132 
341  166 
341  324 
342  217 
342  322 
342  323 
342  178 
343  180 
343  178 
343  328 
343  308 
344  142 
344  205 
344  157 
344  112 
345  332 
345  318 
345  203 
345  97 
346  133 
346  170 
346  230 
346  334 
347  131 
347  217 
347  21 
347  222 
348  284 
348  10 
348  244 
348  124 
349  302 
349  266 
349  319 
349  262 
350  323 
350  300 
350  160 
350  284 
351  178 
351  303 
351  339 
351  97 
352  315 
352  301 
352  63 
352  221 
353  333 
353  322 
353  97 
353  35 
354  216 
354  77 
354  196 
354  194 
355  326 
355  96 
355  246 
355  52 
356  148 
356  179 
356  54 
356  112 
357  331 
357  182 
357  33 
357  166 
358  315 
358  205 
358  331 
358  338 
 

