1  2 
1  3 
1  4 
1  5 
1  6 
1  7 
1  8 
1  9 
1  10 
2  3 
2  4 
2  5 
2  6 
2  7 
2  8 
2  9 
2  10 
3  4 
3  5 
3  6 
3  7 
3  8 
3  9 
3  10 
4  5 
4  6 
4  7 
4  8 
4  9 
4  10 
5  6 
5  7 
5  8 
5  9 
5  10 
6  7 
6  8 
6  9 
6  10 
7  8 
7  9 
7  10 
8  9 
8  10 
9  10 
11  5 
11  7 
11  3 
11  10 
12  3 
12  8 
12  11 
12  7 
13  1 
13  7 
13  2 
13  3 
14  3 
14  8 
14  4 
14  11 
15  10 
15  7 
15  2 
15  4 
16  10 
16  13 
16  8 
16  14 
17  8 
17  11 
17  1 
17  9 
18  11 
18  3 
18  7 
18  1 
19  7 
19  9 
19  8 
19  4 
20  6 
20  10 
20  7 
20  18 
21  20 
21  1 
21  10 
21  4 
22  3 
22  9 
22  16 
22  5 
23  4 
23  9 
23  2 
23  17 
24  7 
24  2 
24  8 
24  5 
25  12 
25  7 
25  10 
25  11 
26  1 
26  7 
26  14 
26  12 
27  9 
27  25 
27  11 
27  21 
28  27 
28  7 
28  1 
28  6 
29  1 
29  28 
29  25 
29  8 
30  5 
30  11 
30  27 
30  29 
31  5 
31  10 
31  21 
31  2 
32  11 
32  3 
32  18 
32  2 
33  7 
33  14 
33  10 
33  13 
34  1 
34  22 
34  9 
34  4 
35  3 
35  11 
35  9 
35  10 
36  6 
36  9 
36  7 
36  22 
37  32 
37  1 
37  7 
37  4 
38  36 
38  8 
38  1 
38  10 
39  11 
39  30 
39  5 
39  7 
40  1 
40  27 
40  37 
40  8 
41  36 
41  7 
41  19 
41  9 
42  40 
42  8 
42  7 
42  2 
43  30 
43  27 
43  4 
43  7 
44  4 
44  19 
44  12 
44  9 
45  5 
45  2 
45  19 
45  21 
46  20 
46  9 
46  21 
46  18 
47  1 
47  9 
47  5 
47  25 
48  8 
48  33 
48  13 
48  25 
49  7 
49  40 
49  37 
49  4 
50  18 
50  7 
50  45 
50  47 
51  2 
51  10 
51  9 
51  20 
52  11 
52  6 
52  44 
52  18 
53  9 
53  20 
53  15 
53  18 
54  18 
54  4 
54  3 
54  40 
55  5 
55  38 
55  10 
55  2 
56  10 
56  7 
56  8 
56  48 
57  1 
57  5 
57  20 
57  11 
58  23 
58  11 
58  42 
58  9 
59  25 
59  7 
59  2 
59  47 
60  8 
60  27 
60  5 
60  47 
61  1 
61  5 
61  38 
61  7 
62  3 
62  36 
62  28 
62  1 
63  9 
63  11 
63  7 
63  15 
64  10 
64  9 
64  18 
64  41 
65  10 
65  1 
65  4 
65  22 
66  5 
66  10 
66  13 
66  11 
67  10 
67  11 
67  1 
67  38 
68  51 
68  17 
68  30 
68  24 
69  53 
69  37 
69  8 
69  5 
70  25 
70  45 
70  7 
70  11 
71  2 
71  1 
71  55 
71  40 
72  4 
72  32 
72  38 
72  25 
73  11 
73  4 
73  44 
73  48 
74  7 
74  65 
74  59 
74  10 
75  10 
75  11 
75  48 
75  73 
76  32 
76  2 
76  28 
76  33 
77  37 
77  43 
77  4 
77  55 
78  22 
78  18 
78  13 
78  76 
79  49 
79  7 
79  31 
79  32 
80  33 
80  61 
80  73 
80  9 
81  27 
81  18 
81  5 
81  4 
82  10 
82  2 
82  1 
82  5 
83  2 
83  80 
83  14 
83  11 
84  7 
84  9 
84  25 
84  11 
85  9 
85  73 
85  37 
85  8 
86  8 
86  2 
86  7 
86  21 
87  5 
87  3 
87  61 
87  81 
88  29 
88  4 
88  40 
88  18 
89  48 
89  80 
89  8 
89  17 
90  5 
90  15 
90  60 
90  3 
91  61 
91  26 
91  2 
91  85 
92  18 
92  12 
92  13 
92  81 
93  14 
93  5 
93  92 
93  29 
94  79 
94  11 
94  76 
94  2 
95  3 
95  18 
95  38 
95  4 
96  93 
96  9 
96  53 
96  5 
97  4 
97  54 
97  38 
97  36 
98  18 
98  11 
98  74 
98  62 
99  97 
99  72 
99  14 
99  4 
100  85 
100  91 
100  19 
100  5 
101  14 
101  61 
101  11 
101  25 
102  73 
102  11 
102  24 
102  22 
103  66 
103  84 
103  58 
103  9 
104  1 
104  71 
104  5 
104  9 
105  11 
105  4 
105  28 
105  10 
106  3 
106  21 
106  99 
106  4 
107  1 
107  42 
107  5 
107  18 
108  1 
108  93 
108  38 
108  15 
109  32 
109  21 
109  90 
109  14 
110  89 
110  7 
110  37 
110  2 
111  47 
111  105 
111  14 
111  21 
112  41 
112  66 
112  7 
112  18 
113  94 
113  8 
113  18 
113  39 
114  4 
114  9 
114  91 
114  51 
115  108 
115  97 
115  10 
115  88 
116  12 
116  86 
116  104 
116  101 
117  2 
117  44 
117  11 
117  9 
118  36 
118  80 
118  12 
118  68 
119  28 
119  96 
119  104 
119  19 
120  61 
120  6 
120  111 
120  33 
121  11 
121  118 
121  14 
121  45 
122  9 
122  1 
122  4 
122  80 
123  117 
123  112 
123  7 
123  11 
124  37 
124  84 
124  115 
124  26 
125  43 
125  96 
125  18 
125  52 
126  79 
126  39 
126  25 
126  100 
127  31 
127  7 
127  82 
127  19 
128  28 
128  11 
128  10 
128  4 
129  85 
129  24 
129  9 
129  97 
130  25 
130  7 
130  4 
130  2 
131  95 
131  59 
131  38 
131  13 
132  25 
132  31 
132  7 
132  100 
133  55 
133  35 
133  70 
133  74 
134  2 
134  18 
134  1 
134  125 
135  25 
135  21 
135  96 
135  3 
136  2 
136  7 
136  95 
136  14 
137  85 
137  1 
137  96 
137  16 
138  11 
138  25 
138  5 
138  80 
139  23 
139  34 
139  130 
139  9 
140  138 
140  6 
140  69 
140  9 
141  57 
141  73 
141  27 
141  43 
142  105 
142  5 
142  7 
142  76 
143  24 
143  94 
143  73 
143  28 
144  5 
144  53 
144  61 
144  80 
145  6 
145  79 
145  4 
145  11 
146  3 
146  84 
146  79 
146  8 
147  7 
147  9 
147  2 
147  58 
148  89 
148  5 
148  143 
148  104 
149  126 
149  8 
149  9 
149  10 
150  76 
150  38 
150  132 
150  4 
151  91 
151  139 
151  4 
151  7 
152  9 
152  30 
152  116 
152  127 
153  13 
153  85 
153  117 
153  7 
154  85 
154  18 
154  127 
154  71 
155  43 
155  7 
155  138 
155  1 
156  133 
156  104 
156  74 
156  141 
157  123 
157  17 
157  9 
157  109 
158  32 
158  7 
158  105 
158  27 
159  23 
159  71 
159  28 
159  15 
160  74 
160  113 
160  55 
160  3 
161  31 
161  104 
161  42 
161  103 
162  1 
162  30 
162  8 
162  143 
163  4 
163  14 
163  38 
163  59 
164  14 
164  27 
164  99 
164  33 
165  3 
165  36 
165  7 
165  8 
166  136 
166  128 
166  113 
166  10 
167  6 
167  10 
167  48 
167  34 
168  9 
168  4 
168  101 
168  8 
169  92 
169  87 
169  25 
169  126 
170  25 
170  29 
170  88 
170  164 
171  11 
171  5 
171  12 
171  161 
172  78 
172  13 
172  2 
172  24 
173  169 
173  100 
173  41 
173  51 
174  11 
174  54 
174  19 
174  65 
175  2 
175  10 
175  78 
175  33 
176  2 
176  9 
176  94 
176  104 
177  9 
177  3 
177  11 
177  167 
178  54 
178  89 
178  31 
178  164 
179  75 
179  4 
179  8 
179  143 
180  37 
180  163 
180  11 
180  96 
181  10 
181  136 
181  5 
181  4 
182  10 
182  109 
182  8 
182  104 
183  22 
183  59 
183  4 
183  110 
184  11 
184  13 
184  19 
184  82 
185  135 
185  106 
185  127 
185  140 
186  5 
186  69 
186  140 
186  11 
187  13 
187  135 
187  2 
187  41 
188  110 
188  31 
188  34 
188  7 
189  101 
189  8 
189  85 
189  39 
190  18 
190  141 
190  7 
190  73 
191  36 
191  86 
191  34 
191  83 
192  48 
192  181 
192  5 
192  24 
193  94 
193  87 
193  22 
193  143 
194  88 
194  18 
194  11 
194  103 
195  42 
195  51 
195  35 
195  73 
196  1 
196  110 
196  25 
196  149 
197  42 
197  81 
197  48 
197  71 
198  100 
198  28 
198  7 
198  183 
199  39 
199  87 
199  1 
199  18 
200  159 
200  164 
200  18 
200  42 
1  201 
1  202 
1  203 
2  204 
2  205 
2  201 
2  206 
2  202 
2  203 
3  204 
3  205 
3  207 
4  201 
4  202 
5  204 
5  208 
5  206 
5  202 
6  208 
6  201 
6  202 
6  207 
7  204 
7  208 
7  206 
7  203 
8  204 
8  208 
8  205 
8  201 
8  206 
8  203 
9  204 
9  205 
9  206 
9  207 
9  203 
10  201 
10  206 
10  202 
10  207 
10  203 
11  204 
11  201 
11  206 
11  203 
12  208 
12  203 
13  202 
13  203 
14  208 
14  206 
14  207 
14  203 
15  204 
15  208 
15  205 
15  206 
15  207 
15  203 
16  204 
17  208 
17  201 
17  206 
17  202 
17  203 
18  204 
18  208 
18  205 
18  201 
18  202 
19  204 
19  208 
19  205 
19  202 
19  207 
19  203 
20  208 
20  205 
20  206 
21  204 
21  201 
21  206 
22  205 
22  202 
22  203 
23  204 
23  201 
23  207 
23  203 
24  201 
25  204 
25  208 
25  205 
25  201 
25  206 
25  202 
26  201 
26  206 
27  208 
27  205 
27  202 
27  207 
27  203 
28  208 
28  205 
28  206 
28  202 
28  203 
29  205 
29  202 
30  208 
30  205 
30  201 
30  206 
30  207 
31  201 
31  206 
31  207 
31  203 
32  204 
32  208 
32  205 
32  201 
32  206 
32  202 
32  207 
32  203 
33  204 
33  208 
33  205 
33  201 
33  207 
33  203 
34  208 
34  206 
34  202 
34  207 
34  203 
35  204 
35  208 
35  201 
35  206 
35  202 
35  207 
35  203 
36  204 
36  208 
36  202 
36  207 
37  205 
37  206 
38  206 
38  202 
38  207 
39  204 
39  208 
39  201 
39  206 
39  202 
39  207 
40  204 
40  201 
40  206 
40  202 
41  204 
41  208 
41  205 
41  201 
41  206 
42  205 
42  201 
42  206 
42  202 
43  207 
44  208 
44  205 
44  201 
44  207 
44  203 
45  208 
45  205 
45  203 
46  204 
46  203 
47  204 
47  208 
47  205 
47  207 
47  203 
48  204 
48  208 
48  201 
48  207 
49  204 
49  208 
49  205 
49  201 
49  202 
49  203 
50  205 
50  206 
50  203 
204  208 
208  205 
205  201 
201  206 
206  202 
202  207 
207  203 
204  201 
204  206 
204  207 
208  201 
208  202 
208  207 
205  206 
205  202 
205  207 
201  202 
201  207 
206  208 
203  205 
203  201 
203  206 
51  208 
51  205 
51  206 
51  203 
52  208 
52  201 
52  202 
209  105 
209  15 
209  21 
209  72 
210  64 
210  17 
210  106 
210  2 
211  65 
211  56 
211  189 
211  84 
212  76 
212  137 
212  127 
212  117 
213  211 
213  32 
213  67 
213  137 
214  79 
214  74 
214  137 
214  27 
215  87 
215  76 
215  207 
215  159 
216  196 
216  156 
216  193 
216  33 
217  184 
217  114 
217  87 
217  153 
218  120 
218  209 
218  215 
218  40 
219  208 
219  160 
219  200 
219  44 
220  219 
220  27 
220  122 
220  40 
221  211 
221  106 
221  207 
221  133 
222  162 
222  103 
222  196 
222  111 
223  125 
223  170 
223  99 
223  217 
224  114 
224  38 
224  215 
224  123 
225  200 
225  175 
225  162 
225  69 
226  218 
226  216 
226  133 
226  179 
227  189 
227  185 
227  87 
227  12 
228  6 
228  208 
228  57 
228  184 
53  205 
54  205 
54  201 
54  206 
54  203 
55  208 
55  201 
55  206 
55  203 
56  208 
56  201 
56  206 
56  202 
57  204 
57  206 
57  202 
57  207 
57  203 
229  58 
229  112 
229  145 
229  174 
230  197 
230  98 
230  172 
230  22 
231  120 
231  122 
231  166 
231  56 
232  50 
232  231 
232  34 
232  77 
233  63 
233  232 
233  22 
233  140 
234  68 
234  166 
234  52 
234  22 
235  21 
235  28 
235  177 
235  15 
236  234 
236  28 
236  231 
236  186 
237  137 
237  234 
237  232 
237  123 
238  236 
238  69 
238  14 
238  71 
239  107 
239  162 
239  82 
239  92 
240  5 
240  44 
240  99 
240  4 
241  111 
241  85 
241  4 
241  97 
242  201 
242  125 
242  234 
242  155 
243  177 
243  42 
243  44 
243  236 
244  86 
244  241 
244  129 
244  38 
245  7 
245  123 
245  240 
245  56 
246  234 
246  46 
246  133 
246  84 
247  159 
247  246 
247  203 
247  229 
248  102 
248  125 
248  35 
248  218 
58  204 
58  208 
58  205 
58  206 
58  202 
58  207 
58  203 
249  222 
249  124 
249  14 
249  216 
250  105 
250  217 
250  56 
250  128 
251  43 
251  61 
251  182 
251  65 
252  65 
252  159 
252  226 
252  28 
253  74 
253  235 
253  241 
253  218 
254  145 
254  252 
254  245 
254  83 
255  252 
255  134 
255  9 
255  113 
256  156 
256  73 
256  182 
256  180 
257  69 
257  74 
257  43 
257  202 
258  45 
258  255 
258  167 
258  175 
259  146 
259  8 
259  65 
259  206 
260  251 
260  110 
260  188 
260  75 
261  128 
261  9 
261  258 
261  165 
262  65 
262  4 
262  84 
262  70 
263  253 
263  252 
263  91 
263  9 
264  223 
264  45 
264  252 
264  35 
265  249 
265  127 
265  118 
265  73 
266  182 
266  253 
266  74 
266  199 
267  202 
267  65 
267  70 
267  233 
268  76 
268  93 
268  245 
268  226 
 

