1  2 
2  3 
2  4 
4  3 
4  5 
2  6 
7  2 
2  8 
8  4 
9  4 
8  10 
11  4 
1  12 
4  12 
4  13 
14  4 
2  15 
1  16 
15  17 
18  9 
15  18 
19  8 
2  20 
4  21 
4  22 
2  23 
4  24 
9  25 
1  26 
18  26 
27  4 
4  28 
29  18 
2  30 
30  9 
31  2 
2  32 
4  32 
33  16 
33  22 
2  34 
34  8 
35  4 
36  4 
37  8 
2  38 
34  39 
40  26 
41  27 
42  4 
35  42 
43  4 
2  44 
32  45 
46  5 
46  35 
47  8 
34  47 
48  4 
49  5 
48  50 
2  51 
51  26 
4  52 
2  53 
53  48 
54  4 
32  55 
8  56 
35  57 
2  58 
4  58 
58  8 
4  59 
60  4 
60  12 
4  61 
15  62 
63  59 
64  8 
13  65 
1  66 
27  67 
34  67 
9  68 
69  18 
35  70 
39  71 
8  72 
73  4 
74  8 
74  19 
74  29 
8  75 
75  17 
4  76 
76  7 
17  76 
77  26 
29  77 
47  77 
78  11 
78  48 
75  78 
3  79 
79  5 
80  2 
81  49 
82  2 
82  33 
82  48 
5  83 
2  84 
84  25 
34  84 
84  39 
85  56 
86  44 
2  87 
14  88 
89  2 
40  89 
89  49 
25  90 
74  90 
74  91 
47  92 
93  2 
5  93 
18  94 
94  25 
94  74 
90  95 
96  2 
89  97 
98  47 
26  99 
90  100 
18  101 
9  102 
39  102 
48  102 
55  103 
104  77 
105  37 
105  50 
106  4 
18  106 
107  4 
108  26 
35  109 
40  109 
2  110 
106  111 
112  35 
112  49 
112  75 
8  113 
13  114 
61  115 
116  72 
2  117 
26  117 
2  118 
118  19 
118  39 
119  112 
118  120 
118  121 
122  56 
123  56 
2  124 
124  11 
125  82 
125  118 
60  126 
82  126 
126  119 
2  127 
128  4 
129  48 
130  106 
2  131 
132  119 
105  133 
2  134 
75  134 
135  8 
135  50 
136  39 
137  25 
138  29 
74  138 
19  139 
139  26 
140  78 
140  79 
48  141 
141  82 
142  32 
142  35 
142  70 
8  143 
143  138 
144  22 
18  145 
59  145 
40  146 
147  4 
142  147 
148  51 
8  149 
 

