1  2 
1  3 
1  4 
1  5 
1  6 
1  7 
1  8 
1  9 
1  10 
1  11 
1  12 
1  13 
1  14 
1  15 
1  16 
1  17 
1  18 
1  19 
1  20 
1  21 
1  22 
1  23 
1  24 
1  25 
1  26 
1  27 
1  28 
1  29 
1  30 
1  31 
1  32 
1  33 
1  34 
1  35 
1  36 
1  37 
1  38 
1  39 
1  40 
2  3 
2  41 
2  4 
2  5 
2  42 
2  43 
2  9 
2  44 
2  45 
2  46 
2  47 
2  48 
2  49 
2  50 
2  51 
2  52 
2  53 
2  54 
2  55 
2  56 
2  57 
2  58 
2  59 
2  60 
2  61 
2  62 
2  63 
2  64 
2  65 
2  66 
2  67 
2  68 
2  69 
2  70 
2  71 
2  72 
2  20 
2  73 
2  74 
2  75 
2  76 
2  77 
2  78 
2  79 
2  80 
2  81 
2  82 
2  83 
2  84 
2  85 
2  86 
2  87 
2  88 
2  89 
2  90 
2  91 
2  92 
2  93 
2  94 
2  95 
2  96 
2  97 
2  98 
2  99 
2  35 
2  100 
2  101 
2  102 
2  103 
2  104 
2  105 
2  106 
2  107 
2  108 
2  109 
2  110 
2  111 
2  39 
2  112 
2  113 
2  114 
2  115 
2  116 
2  117 
2  118 
2  119 
3  42 
3  120 
3  43 
3  121 
3  122 
3  123 
3  124 
3  125 
3  126 
3  12 
3  127 
3  49 
3  128 
3  129 
3  130 
3  131 
3  132 
3  133 
3  134 
3  135 
3  136 
3  137 
3  138 
3  139 
3  140 
3  141 
3  142 
3  143 
3  144 
3  145 
3  146 
3  147 
3  148 
3  149 
3  150 
3  151 
3  152 
3  153 
3  154 
3  155 
41  42 
41  7 
41  156 
41  157 
41  158 
41  159 
41  160 
41  161 
41  162 
41  163 
41  164 
41  165 
41  166 
41  167 
41  168 
41  169 
41  170 
41  171 
41  172 
41  173 
41  174 
41  175 
41  176 
41  177 
41  178 
41  179 
41  180 
41  181 
41  182 
41  183 
41  184 
41  185 
4  186 
4  187 
4  120 
4  188 
4  189 
4  190 
4  191 
4  192 
4  193 
4  131 
4  132 
4  194 
4  195 
4  196 
4  197 
4  198 
4  199 
4  200 
4  201 
4  202 
4  203 
4  204 
4  205 
4  206 
4  207 
4  208 
4  209 
4  210 
4  211 
4  212 
4  213 
4  214 
4  215 
4  216 
4  217 
4  218 
4  219 
4  220 
5  43 
5  221 
5  6 
5  124 
5  222 
5  223 
5  52 
5  224 
5  225 
5  226 
5  227 
5  228 
5  229 
5  230 
5  83 
5  231 
5  232 
5  151 
5  114 
5  233 
42  7 
42  234 
42  235 
42  236 
42  237 
42  238 
42  239 
42  58 
42  240 
42  241 
42  242 
42  243 
42  200 
42  244 
42  245 
42  246 
42  26 
42  247 
42  248 
42  249 
42  250 
42  251 
42  252 
42  253 
42  103 
42  254 
42  118 
186  255 
186  48 
186  256 
186  257 
186  258 
186  259 
186  260 
186  261 
186  262 
186  263 
186  264 
186  265 
186  266 
186  267 
186  268 
186  269 
187  123 
187  270 
187  271 
187  272 
187  273 
120  274 
120  275 
120  276 
120  277 
120  278 
120  279 
120  262 
120  280 
120  264 
120  281 
120  92 
120  282 
120  283 
43  121 
43  284 
43  285 
43  286 
43  287 
43  288 
43  289 
43  290 
43  291 
43  292 
43  293 
43  199 
43  294 
43  19 
43  200 
43  295 
43  296 
43  297 
43  298 
43  299 
43  300 
43  301 
43  302 
43  303 
43  149 
43  304 
43  305 
43  306 
43  307 
43  308 
221  309 
221  310 
221  311 
221  271 
221  262 
221  312 
221  313 
221  314 
221  315 
6  47 
6  316 
6  317 
6  66 
6  85 
6  318 
6  319 
6  320 
6  321 
6  322 
274  323 
274  324 
274  325 
274  326 
274  327 
274  328 
274  329 
274  330 
274  331 
274  332 
188  235 
188  333 
188  334 
188  335 
188  336 
188  261 
188  337 
188  91 
188  338 
188  339 
188  320 
188  340 
7  341 
7  342 
7  126 
7  343 
7  344 
7  160 
7  345 
7  346 
7  347 
7  348 
7  349 
7  68 
7  69 
7  350 
7  351 
7  75 
7  76 
7  171 
7  77 
7  352 
7  353 
7  354 
7  355 
7  356 
7  143 
7  357 
7  358 
7  359 
7  360 
7  361 
7  212 
7  362 
7  363 
7  364 
7  365 
7  366 
7  367 
7  368 
7  369 
7  370 
7  371 
7  155 
121  189 
121  372 
121  373 
121  191 
121  374 
121  375 
121  196 
121  376 
121  377 
121  378 
121  82 
121  379 
121  380 
121  381 
121  382 
8  157 
8  383 
8  384 
8  34 
189  11 
189  342 
189  126 
189  385 
189  50 
189  386 
189  387 
189  388 
189  389 
189  390 
189  391 
189  392 
189  393 
189  394 
189  395 
189  396 
189  397 
189  398 
189  399 
189  400 
189  401 
189  402 
189  403 
189  404 
9  385 
9  75 
9  352 
9  405 
122  236 
122  406 
10  407 
44  408 
44  409 
44  374 
44  388 
44  410 
44  411 
44  254 
44  368 
44  412 
123  316 
123  413 
123  335 
123  261 
123  414 
123  415 
341  416 
341  417 
341  418 
341  365 
341  419 
341  420 
341  421 
372  195 
372  422 
372  423 
372  424 
372  425 
372  426 
372  427 
372  428 
372  429 
11  430 
11  431 
11  432 
11  433 
11  376 
11  434 
124  256 
124  435 
124  436 
124  437 
124  438 
124  439 
124  440 
124  441 
342  442 
342  443 
342  444 
342  227 
342  445 
342  446 
342  447 
342  448 
342  449 
342  450 
342  327 
342  261 
342  297 
342  451 
342  452 
342  453 
342  454 
342  455 
342  456 
342  457 
342  458 
342  459 
342  460 
235  461 
235  462 
235  463 
235  419 
235  464 
126  255 
126  465 
126  223 
126  466 
126  467 
126  241 
126  468 
126  469 
126  470 
126  357 
126  471 
126  472 
126  456 
126  473 
126  213 
126  474 
126  367 
126  475 
323  13 
12  476 
12  477 
12  271 
12  478 
12  479 
12  480 
45  443 
45  131 
45  208 
45  371 
343  481 
343  482 
343  483 
343  484 
343  485 
343  486 
284  53 
284  487 
284  432 
284  488 
284  489 
284  490 
284  491 
284  492 
284  493 
284  438 
284  244 
284  494 
284  495 
284  496 
284  497 
284  498 
284  499 
284  500 
284  501 
46  502 
46  270 
46  49 
46  503 
46  504 
46  505 
46  506 
46  507 
46  508 
476  509 
476  510 
127  406 
127  283 
127  511 
502  512 
255  513 
255  292 
255  514 
255  515 
344  222 
344  482 
344  516 
344  517 
344  518 
344  519 
344  426 
344  100 
373  416 
385  520 
385  59 
385  22 
385  521 
385  522 
385  112 
270  442 
270  49 
270  53 
270  450 
270  523 
270  104 
270  524 
47  525 
47  526 
48  527 
48  61 
48  201 
48  101 
48  528 
334  207 
236  70 
236  529 
236  530 
157  531 
157  532 
157  533 
430  192 
430  534 
430  526 
430  80 
430  231 
430  535 
190  466 
190  228 
190  351 
190  245 
324  536 
222  410 
191  414 
191  537 
442  538 
442  453 
442  273 
442  455 
49  239 
49  132 
49  243 
49  377 
49  539 
49  174 
49  540 
49  33 
49  182 
49  541 
49  542 
316  423 
316  289 
316  436 
316  543 
316  544 
50  545 
50  161 
50  546 
50  547 
50  397 
50  548 
128  225 
128  59 
128  63 
128  515 
128  549 
128  550 
128  31 
128  551 
128  552 
128  339 
128  479 
128  553 
128  554 
128  555 
545  556 
545  232 
13  557 
13  327 
13  558 
13  559 
13  560 
13  561 
285  562 
285  307 
192  563 
192  564 
192  565 
192  566 
192  317 
192  197 
192  567 
192  568 
192  88 
192  569 
192  570 
192  571 
192  572 
192  573 
465  509 
465  257 
465  574 
465  575 
465  576 
465  577 
465  578 
465  114 
465  579 
465  580 
465  581 
563  242 
563  582 
223  583 
223  584 
223  585 
223  586 
223  587 
159  588 
159  589 
159  590 
51  591 
51  139 
51  173 
51  592 
325  593 
527  594 
527  595 
237  596 
237  226 
237  597 
237  568 
237  540 
256  347 
256  598 
256  599 
256  600 
52  601 
52  336 
564  602 
564  541 
238  431 
238  387 
238  603 
238  604 
238  605 
238  546 
238  550 
238  81 
238  394 
238  606 
238  607 
160  72 
386  161 
386  608 
161  609 
161  610 
161  495 
161  611 
161  612 
161  613 
161  614 
161  615 
161  616 
129  617 
129  618 
14  619 
14  620 
481  621 
481  622 
130  623 
162  247 
408  624 
408  625 
408  626 
409  462 
409  627 
409  628 
409  629 
409  630 
609  208 
53  66 
53  631 
53  632 
53  633 
53  634 
53  635 
53  636 
443  637 
443  638 
443  639 
131  640 
239  194 
239  641 
239  642 
239  643 
239  644 
132  520 
132  645 
132  646 
132  647 
132  471 
132  648 
132  649 
225  311 
225  650 
225  92 
225  651 
225  652 
225  116 
466  653 
466  654 
466  655 
466  656 
194  309 
194  657 
194  578 
432  81 
432  658 
432  315 
432  216 
641  659 
596  293 
596  139 
596  299 
596  519 
596  660 
226  577 
226  661 
226  662 
226  308 
226  663 
195  664 
195  149 
195  665 
56  666 
56  667 
57  578 
520  317 
520  668 
520  669 
520  670 
520  671 
309  489 
309  672 
309  673 
309  335 
309  583 
309  674 
309  675 
309  21 
309  230 
309  452 
309  676 
309  677 
309  484 
309  678 
309  679 
345  163 
345  142 
345  680 
345  681 
601  374 
601  375 
601  682 
601  210 
601  683 
601  684 
133  685 
534  686 
534  243 
534  687 
15  543 
15  688 
326  689 
413  435 
413  72 
413  690 
413  398 
413  691 
374  692 
374  693 
374  694 
374  695 
374  365 
374  696 
462  697 
462  354 
462  27 
462  698 
462  145 
462  699 
488  700 
488  670 
488  264 
488  701 
488  702 
375  61 
375  492 
375  703 
375  353 
375  178 
375  473 
375  635 
375  704 
375  705 
375  332 
433  674 
433  706 
59  134 
59  707 
59  243 
59  167 
59  708 
59  261 
59  709 
59  710 
59  711 
59  712 
59  713 
59  714 
59  715 
59  716 
134  717 
416  209 
416  96 
416  102 
388  692 
60  140 
422  718 
423  359 
509  719 
509  720 
565  721 
135  293 
135  722 
135  683 
135  723 
163  724 
163  70 
163  725 
163  82 
163  726 
163  727 
163  728 
163  729 
163  499 
489  557 
489  228 
489  505 
489  730 
489  731 
489  732 
164  138 
164  172 
164  470 
164  733 
164  734 
164  735 
164  117 
257  642 
257  659 
257  736 
257  405 
257  737 
16  595 
16  177 
603  738 
603  424 
603  21 
603  739 
603  740 
624  628 
525  377 
525  741 
557  295 
557  714 
61  742 
61  290 
61  743 
61  21 
61  744 
61  272 
61  745 
61  548 
673  746 
673  747 
673  748 
673  200 
673  139 
673  725 
673  24 
673  146 
673  749 
673  750 
673  751 
673  752 
490  138 
490  753 
490  754 
490  755 
490  756 
490  456 
490  757 
490  365 
490  107 
566  758 
566  759 
707  216 
707  715 
746  760 
746  761 
513  201 
513  711 
645  762 
645  763 
228  436 
228  514 
228  278 
228  643 
228  764 
228  765 
228  573 
62  766 
62  584 
445  767 
63  768 
335  769 
335  376 
335  351 
335  295 
335  523 
335  209 
335  770 
165  771 
289  772 
289  709 
289  773 
289  774 
482  169 
583  438 
583  775 
583  776 
583  777 
583  778 
290  779 
290  668 
290  780 
290  272 
290  781 
290  782 
290  783 
290  784 
290  457 
290  785 
290  786 
290  787 
290  114 
290  752 
492  766 
492  171 
492  788 
492  789 
65  790 
65  791 
436  792 
436  793 
436  38 
347  79 
347  254 
424  349 
424  794 
516  795 
317  78 
317  796 
317  797 
317  322 
317  798 
317  799 
241  800 
275  801 
291  802 
291  803 
196  804 
674  612 
743  805 
743  806 
743  734 
292  279 
604  807 
604  808 
66  243 
66  809 
66  810 
66  803 
66  470 
66  811 
66  812 
410  310 
410  813 
410  102 
410  814 
410  815 
514  816 
514  817 
514  703 
514  818 
514  819 
514  537 
514  663 
517  820 
816  792 
816  821 
197  736 
197  244 
197  612 
197  265 
242  822 
136  295 
17  823 
447  824 
389  83 
389  825 
389  494 
389  538 
389  319 
389  182 
389  826 
792  827 
792  578 
792  215 
792  828 
817  829 
243  617 
243  830 
243  802 
243  831 
243  176 
243  463 
243  832 
311  833 
311  834 
642  496 
349  169 
349  503 
349  835 
833  253 
68  836 
68  837 
68  838 
68  519 
68  282 
68  828 
69  76 
327  350 
327  839 
327  250 
327  440 
327  840 
70  841 
70  842 
70  804 
70  843 
71  760 
836  218 
483  610 
483  844 
769  845 
769  322 
659  304 
376  246 
276  811 
276  695 
276  778 
258  846 
258  847 
258  848 
766  849 
766  850 
766  696 
766  153 
294  851 
294  852 
294  853 
350  854 
515  414 
515  249 
515  774 
19  855 
19  185 
640  856 
640  857 
640  858 
640  844 
736  140 
736  859 
736  151 
722  200 
722  278 
722  860 
722  861 
200  23 
200  862 
200  863 
200  864 
200  821 
72  865 
682  866 
73  142 
138  867 
138  851 
138  868 
717  869 
169  870 
21  871 
21  694 
351  313 
351  144 
351  872 
351  873 
617  397 
617  874 
617  501 
574  568 
503  875 
503  876 
668  877 
295  776 
295  395 
75  878 
75  879 
605  880 
605  881 
22  839 
22  882 
744  883 
336  884 
438  174 
526  885 
277  392 
277  886 
170  887 
170  812 
170  888 
830  889 
76  77 
77  890 
377  763 
468  891 
703  805 
703  892 
703  893 
775  680 
568  262 
839  894 
839  571 
172  887 
172  895 
390  84 
390  592 
623  382 
244  79 
244  203 
244  800 
244  896 
244  897 
230  898 
261  676 
261  899 
550  900 
278  24 
278  754 
278  313 
278  440 
278  901 
391  856 
391  463 
23  615 
23  824 
392  612 
392  834 
79  902 
79  398 
79  460 
337  903 
547  904 
80  905 
80  906 
725  907 
725  561 
140  781 
81  908 
877  909 
877  910 
627  352 
627  754 
627  575 
174  542 
802  911 
802  592 
24  912 
803  913 
803  329 
803  551 
803  658 
803  507 
803  914 
803  915 
803  268 
776  471 
776  916 
352  917 
352  918 
245  182 
279  919 
646  920 
845  512 
543  921 
82  806 
271  922 
262  825 
262  741 
262  923 
262  924 
204  925 
83  926 
246  650 
523  495 
523  37 
692  927 
328  928 
863  648 
863  899 
84  929 
825  930 
470  312 
470  931 
470  395 
637  932 
298  553 
754  933 
353  665 
142  584 
142  934 
880  935 
299  936 
540  771 
27  937 
494  828 
887  522 
887  366 
887  679 
247  300 
247  411 
247  919 
87  403 
176  913 
518  780 
780  647 
312  938 
312  789 
871  939 
356  940 
356  510 
356  941 
177  209 
177  942 
904  943 
610  944 
851  499 
851  945 
272  755 
272  946 
650  947 
90  948 
856  214 
569  625 
313  212 
313  949 
313  950 
313  951 
414  952 
495  452 
495  698 
538  763 
538  840 
628  953 
842  954 
842  848 
790  955 
922  381 
670  635 
249  881 
822  453 
822  30 
781  956 
857  957 
632  926 
519  958 
519  829 
519  959 
453  421 
453  960 
759  961 
301  508 
29  804 
727  910 
760  530 
760  94 
760  962 
178  149 
178  963 
273  964 
625  661 
625  901 
530  965 
612  964 
576  749 
858  119 
866  820 
730  966 
730  967 
426  231 
902  968 
881  30 
30  864 
92  969 
92  970 
497  971 
638  972 
144  501 
498  973 
793  974 
146  732 
455  800 
455  330 
455  975 
455  976 
455  892 
397  977 
265  978 
265  695 
968  428 
968  307 
968  429 
771  946 
771  684 
771  900 
398  827 
398  979 
398  976 
398  980 
907  981 
250  982 
250  983 
250  984 
250  897 
250  985 
147  799 
510  581 
853  180 
208  551 
208  864 
208  981 
208  986 
671  987 
380  965 
94  826 
749  115 
209  740 
750  210 
750  804 
551  210 
551  855 
551  988 
740  712 
499  405 
763  774 
634  989 
231  990 
751  473 
577  991 
456  992 
456  917 
991  111 
232  970 
360  960 
827  993 
683  994 
339  995 
834  996 
148  997 
924  998 
917  485 
532  113 
181  999 
182  560 
320  1000 
149  283 
34  112 
34  1001 
34  119 
35  590 
794  832 
745  415 
100  888 
362  1002 
362  1003 
362  636 
537  952 
695  254 
695  1004 
522  152 
821  103 
441  958 
441  1005 
615  382 
382  1003 
829  368 
652  808 
919  421 
712  401 
684  812 
151  959 
151  1006 
415  616 
322  1007 
322  40 
215  715 
847  732 
405  1008 
216  1009 
888  1010 
649  1006 
732  774 
616  840 
369  1011 
848  1012 
752  1013 
 

