1  2 
2  3 
2  4 
4  3 
4  5 
2  6 
7  2 
2  8 
8  4 
9  4 
8  10 
11  4 
1  12 
4  12 
4  13 
14  4 
2  15 
1  16 
15  17 
18  9 
15  18 
19  8 
2  20 
4  21 
4  22 
2  23 
4  24 
9  25 
1  26 
18  26 
27  4 
4  28 
29  18 
2  30 
30  9 
31  2 
2  32 
4  32 
33  16 
33  22 
2  34 
34  8 
35  4 
36  4 
37  8 
2  38 
34  39 
40  26 
41  27 
42  4 
35  42 
43  4 
2  44 
32  45 
46  5 
46  35 
47  8 
34  47 
48  4 
49  5 
48  50 
2  51 
51  26 
4  52 
2  53 
53  48 
54  4 
32  55 
8  56 
35  57 
2  58 
4  58 
58  8 
4  59 
60  4 
60  12 
4  61 
15  62 
63  59 
64  8 
13  65 
1  66 
27  67 
34  67 
9  68 
69  18 
35  70 
39  71 
8  72 
73  4 
74  8 
74  19 
74  29 
8  75 
75  17 
4  76 
76  7 
17  76 
77  26 
29  77 
47  77 
78  11 
78  48 
75  78 
3  79 
79  5 
80  2 
81  49 
82  2 
82  33 
82  48 
5  83 
2  84 
84  25 
34  84 
84  39 
85  56 
86  44 
2  87 
14  88 
89  2 
40  89 
89  49 
25  90 
74  90 
74  91 
47  92 
93  2 
5  93 
18  94 
94  25 
94  74 
90  95 
96  2 
89  97 
98  47 
26  99 
90  100 
18  101 
9  102 
39  102 
48  102 
55  103 
104  77 
105  37 
105  50 
106  4 
18  106 
107  4 
108  26 
35  109 
40  109 
2  110 
106  111 
112  35 
112  49 
112  75 
8  113 
13  114 
61  115 
116  72 
2  117 
26  117 
2  118 
118  19 
118  39 
119  112 
118  120 
118  121 
122  56 
123  56 
2  124 
124  11 
125  82 
125  118 
60  126 
82  126 
126  119 
2  127 
128  4 
129  48 
130  106 
2  131 
132  119 
105  133 
2  134 
75  134 
135  8 
135  50 
136  39 
137  25 
138  29 
74  138 
19  139 
139  26 
140  78 
140  79 
48  141 
141  82 
142  32 
142  35 
142  70 
8  143 
143  138 
144  22 
18  145 
59  145 
40  146 
147  4 
142  147 
148  51 
8  149 
117  150 
2  151 
151  4 
60  151 
89  151 
53  152 
152  135 
92  153 
8  154 
93  154 
155  2 
13  156 
157  2 
157  58 
158  12 
69  158 
159  2 
3  159 
160  89 
96  161 
42  162 
162  147 
17  163 
122  164 
154  165 
25  166 
166  70 
167  4 
81  168 
169  22 
52  169 
141  169 
170  35 
170  130 
32  171 
151  171 
172  4 
49  172 
82  173 
45  174 
161  175 
2  176 
144  176 
177  77 
177  157 
177  176 
24  178 
178  48 
54  178 
178  158 
179  4 
77  180 
180  126 
4  181 
54  182 
55  183 
184  97 
184  159 
185  9 
186  58 
2  187 
188  42 
189  89 
190  35 
190  93 
191  2 
191  49 
191  102 
52  192 
79  193 
194  4 
194  101 
142  195 
39  196 
196  48 
139  196 
4  197 
197  130 
197  194 
22  198 
198  35 
8  199 
199  52 
200  41 
178  200 
198  200 
201  22 
202  157 
126  203 
204  4 
204  118 
205  103 
105  205 
193  205 
4  206 
206  47 
106  207 
208  66 
4  209 
209  173 
186  210 
2  211 
211  77 
212  3 
213  56 
77  214 
39  215 
216  164 
217  211 
166  218 
192  218 
25  219 
220  8 
193  220 
221  40 
222  14 
138  223 
224  70 
224  178 
225  41 
226  25 
4  227 
162  227 
4  228 
229  41 
229  105 
4  230 
231  26 
232  2 
2  233 
46  233 
233  105 
234  141 
4  235 
112  235 
236  90 
121  236 
237  93 
4  238 
239  8 
19  239 
240  1 
2  241 
241  54 
242  49 
130  243 
244  53 
34  245 
73  245 
246  4 
194  247 
11  248 
248  61 
138  248 
 

